#Raman spectra
#Laser energy   1.95 eV
#Raman shift (cm-1), Raman Spectra (XX,YY,ZZ,s+s+,s-s-,XY,YX,s+s-,s-s+)
   350.0000  0.63985687E+002  0.63989726E+002  0.97209452E+002  0.56850141E+002  0.56792484E+002  0.71150308E+001  0.68683303E+001  0.14161722E+002  0.14154428E+002
   350.2506  0.64633387E+002  0.64637422E+002  0.98135094E+002  0.57391485E+002  0.57333383E+002  0.72207043E+001  0.69702320E+001  0.14372139E+002  0.14364738E+002
   350.5013  0.65291326E+002  0.65295356E+002  0.99074020E+002  0.57940600E+002  0.57882049E+002  0.73288274E+001  0.70744962E+001  0.14587434E+002  0.14579922E+002
   350.7519  0.65959731E+002  0.65963756E+002  0.10002649E+003  0.58497636E+002  0.58438632E+002  0.74394759E+001  0.71811961E+001  0.14807757E+002  0.14800133E+002
   351.0025  0.66638835E+002  0.66642853E+002  0.10099275E+003  0.59062746E+002  0.59003285E+002  0.75527288E+001  0.72904077E+001  0.15033266E+002  0.15025527E+002
   351.2531  0.67328876E+002  0.67332888E+002  0.10197309E+003  0.59636086E+002  0.59576164E+002  0.76686681E+001  0.74022102E+001  0.15264125E+002  0.15256268E+002
   351.5038  0.68030102E+002  0.68034106E+002  0.10296776E+003  0.60217817E+002  0.60157430E+002  0.77873790E+001  0.75166857E+001  0.15500502E+002  0.15492524E+002
   351.7544  0.68742767E+002  0.68746762E+002  0.10397706E+003  0.60808104E+002  0.60747248E+002  0.79089502E+001  0.76339198E+001  0.15742574E+002  0.15734473E+002
   352.0050  0.69467131E+002  0.69471118E+002  0.10500128E+003  0.61407114E+002  0.61345786E+002  0.80334740E+001  0.77540015E+001  0.15990526E+002  0.15982299E+002
   352.2556  0.70203465E+002  0.70207442E+002  0.10604070E+003  0.62015022E+002  0.61953216E+002  0.81610463E+001  0.78770232E+001  0.16244548E+002  0.16236191E+002
   352.5063  0.70952047E+002  0.70956013E+002  0.10709562E+003  0.62632004E+002  0.62569717E+002  0.82917671E+001  0.80030815E+001  0.16504839E+002  0.16496350E+002
   352.7569  0.71713163E+002  0.71717117E+002  0.10816637E+003  0.63258241E+002  0.63195469E+002  0.84257404E+001  0.81322766E+001  0.16771606E+002  0.16762981E+002
   353.0075  0.72487108E+002  0.72491049E+002  0.10925326E+003  0.63893919E+002  0.63830659E+002  0.85630746E+001  0.82647131E+001  0.17045065E+002  0.17036302E+002
   353.2581  0.73274187E+002  0.73278115E+002  0.11035660E+003  0.64539230E+002  0.64475477E+002  0.87038827E+001  0.84004998E+001  0.17325442E+002  0.17316536E+002
   353.5088  0.74074714E+002  0.74078627E+002  0.11147675E+003  0.65194368E+002  0.65130119E+002  0.88482822E+001  0.85397504E+001  0.17612970E+002  0.17603918E+002
   353.7594  0.74889014E+002  0.74892911E+002  0.11261403E+003  0.65859535E+002  0.65794785E+002  0.89963961E+001  0.86825831E+001  0.17907893E+002  0.17898692E+002
   354.0100  0.75717422E+002  0.75721301E+002  0.11376881E+003  0.66534935E+002  0.66469682E+002  0.91483522E+001  0.88291215E+001  0.18210468E+002  0.18201112E+002
   354.2607  0.76560283E+002  0.76564144E+002  0.11494143E+003  0.67220780E+002  0.67155020E+002  0.93042842E+001  0.89794943E+001  0.18520959E+002  0.18511446E+002
   354.5113  0.77417954E+002  0.77421795E+002  0.11613228E+003  0.67917287E+002  0.67851015E+002  0.94643316E+001  0.91338361E+001  0.18839644E+002  0.18829970E+002
   354.7619  0.78290804E+002  0.78294625E+002  0.11734172E+003  0.68624677E+002  0.68557891E+002  0.96286398E+001  0.92922872E+001  0.19166814E+002  0.19156974E+002
   355.0125  0.79179216E+002  0.79183014E+002  0.11857016E+003  0.69343179E+002  0.69275875E+002  0.97973611E+001  0.94549944E+001  0.19502771E+002  0.19492761E+002
   355.2632  0.80083582E+002  0.80087356E+002  0.11981798E+003  0.70073026E+002  0.70005201E+002  0.99706543E+001  0.96221108E+001  0.19847831E+002  0.19837646E+002
   355.5138  0.81004312E+002  0.81008060E+002  0.12108560E+003  0.70814458E+002  0.70746109E+002  0.10148686E+002  0.97937969E+001  0.20202325E+002  0.20191962E+002
   355.7644  0.81941826E+002  0.81945547E+002  0.12237345E+003  0.71567722E+002  0.71498846E+002  0.10331629E+002  0.99702200E+001  0.20566600E+002  0.20556053E+002
   356.0150  0.82896561E+002  0.82900253E+002  0.12368194E+003  0.72333072E+002  0.72263665E+002  0.10519665E+002  0.10151556E+002  0.20941017E+002  0.20930281E+002
   356.2657  0.83868969E+002  0.83872630E+002  0.12501153E+003  0.73110766E+002  0.73040826E+002  0.10712986E+002  0.10337987E+002  0.21325956E+002  0.21315025E+002
   356.5163  0.84859518E+002  0.84863146E+002  0.12636267E+003  0.73901071E+002  0.73830596E+002  0.10911790E+002  0.10529707E+002  0.21721812E+002  0.21710681E+002
   356.7669  0.85868693E+002  0.85872286E+002  0.12773583E+003  0.74704263E+002  0.74633249E+002  0.11116285E+002  0.10726916E+002  0.22129001E+002  0.22117666E+002
   357.0175  0.86896995E+002  0.86900552E+002  0.12913149E+003  0.75520623E+002  0.75449068E+002  0.11326691E+002  0.10929825E+002  0.22547960E+002  0.22536413E+002
   357.2682  0.87944947E+002  0.87948464E+002  0.13055014E+003  0.76350439E+002  0.76278342E+002  0.11543237E+002  0.11138656E+002  0.22979144E+002  0.22967379E+002
   357.5188  0.89013088E+002  0.89016564E+002  0.13199230E+003  0.77194010E+002  0.77121369E+002  0.11766163E+002  0.11353640E+002  0.23423032E+002  0.23411044E+002
   357.7694  0.90101978E+002  0.90105410E+002  0.13345848E+003  0.78051640E+002  0.77978453E+002  0.11995722E+002  0.11575020E+002  0.23880127E+002  0.23867909E+002
   358.0201  0.91212199E+002  0.91215584E+002  0.13494922E+003  0.78923645E+002  0.78849911E+002  0.12232179E+002  0.11803054E+002  0.24350956E+002  0.24338502E+002
   358.2707  0.92344354E+002  0.92347690E+002  0.13646507E+003  0.79810348E+002  0.79736065E+002  0.12475811E+002  0.12038008E+002  0.24836074E+002  0.24823377E+002
   358.5213  0.93499072E+002  0.93502356E+002  0.13800660E+003  0.80712079E+002  0.80637248E+002  0.12726912E+002  0.12280165E+002  0.25336064E+002  0.25323115E+002
   358.7719  0.94677005E+002  0.94680233E+002  0.13957439E+003  0.81629182E+002  0.81553801E+002  0.12985790E+002  0.12529821E+002  0.25851536E+002  0.25838329E+002
   359.0226  0.95878829E+002  0.95881999E+002  0.14116904E+003  0.82562007E+002  0.82486077E+002  0.13252767E+002  0.12787289E+002  0.26383137E+002  0.26369663E+002
   359.2732  0.97105250E+002  0.97108359E+002  0.14279117E+003  0.83510916E+002  0.83434436E+002  0.13528184E+002  0.13052897E+002  0.26931543E+002  0.26917794E+002
   359.5238  0.98357003E+002  0.98360046E+002  0.14444141E+003  0.84476281E+002  0.84399253E+002  0.13812399E+002  0.13326990E+002  0.27497469E+002  0.27483437E+002
   359.7744  0.99634850E+002  0.99637824E+002  0.14612041E+003  0.85458484E+002  0.85380909E+002  0.14105792E+002  0.13609934E+002  0.28081666E+002  0.28067342E+002
   360.0251  0.10093959E+003  0.10094249E+003  0.14782886E+003  0.86457919E+002  0.86379799E+002  0.14408758E+002  0.13902111E+002  0.28684928E+002  0.28670302E+002
   360.2757  0.10227205E+003  0.10227487E+003  0.14956743E+003  0.87474992E+002  0.87396329E+002  0.14721720E+002  0.14203928E+002  0.29308091E+002  0.29293153E+002
   360.5263  0.10363309E+003  0.10363583E+003  0.15133685E+003  0.88510121E+002  0.88430918E+002  0.15045119E+002  0.14515812E+002  0.29952038E+002  0.29936778E+002
   360.7769  0.10502362E+003  0.10502628E+003  0.15313784E+003  0.89563736E+002  0.89483996E+002  0.15379425E+002  0.14838213E+002  0.30617700E+002  0.30602108E+002
   361.0276  0.10644458E+003  0.10644715E+003  0.15497116E+003  0.90636278E+002  0.90556006E+002  0.15725131E+002  0.15171610E+002  0.31306063E+002  0.31290127E+002
   361.2782  0.10789696E+003  0.10789943E+003  0.15683758E+003  0.91728205E+002  0.91647406E+002  0.16082761E+002  0.15516506E+002  0.32018167E+002  0.32001876E+002
   361.5288  0.10938178E+003  0.10938414E+003  0.15873792E+003  0.92839987E+002  0.92758666E+002  0.16452868E+002  0.15873435E+002  0.32755114E+002  0.32738456E+002
   361.7794  0.11090011E+003  0.11090237E+003  0.16067300E+003  0.93972108E+002  0.93890271E+002  0.16836036E+002  0.16242962E+002  0.33518070E+002  0.33501032E+002
   362.0301  0.11245309E+003  0.11245524E+003  0.16264366E+003  0.95125066E+002  0.95042722E+002  0.17232888E+002  0.16625684E+002  0.34308270E+002  0.34290838E+002
   362.2807  0.11404189E+003  0.11404392E+003  0.16465079E+003  0.96299378E+002  0.96216535E+002  0.17644079E+002  0.17022237E+002  0.35127022E+002  0.35109184E+002
   362.5313  0.11566774E+003  0.11566964E+003  0.16669529E+003  0.97495574E+002  0.97412241E+002  0.18070307E+002  0.17433291E+002  0.35975716E+002  0.35957455E+002
   362.7820  0.11733195E+003  0.11733372E+003  0.16877809E+003  0.98714200E+002  0.98630389E+002  0.18512313E+002  0.17859562E+002  0.36855825E+002  0.36837127E+002
   363.0326  0.11903586E+003  0.11903749E+003  0.17090016E+003  0.99955822E+002  0.99871544E+002  0.18970883E+002  0.18301808E+002  0.37768914E+002  0.37749762E+002
   363.2832  0.12078091E+003  0.12078239E+003  0.17306248E+003  0.10122102E+003  0.10113629E+003  0.19446852E+002  0.18760833E+002  0.38716647E+002  0.38697025E+002
   363.5338  0.12256859E+003  0.12256991E+003  0.17526609E+003  0.10251040E+003  0.10242523E+003  0.19941109E+002  0.19237497E+002  0.39700794E+002  0.39680683E+002
   363.7845  0.12440048E+003  0.12440163E+003  0.17751203E+003  0.10382458E+003  0.10373899E+003  0.20454600E+002  0.19732710E+002  0.40723238E+002  0.40702621E+002
   364.0351  0.12627824E+003  0.12627921E+003  0.17980140E+003  0.10516420E+003  0.10507820E+003  0.20988333E+002  0.20247446E+002  0.41785988E+002  0.41764843E+002
   364.2857  0.12820361E+003  0.12820439E+003  0.18213534E+003  0.10652991E+003  0.10644354E+003  0.21543384E+002  0.20782740E+002  0.42891182E+002  0.42869490E+002
   364.5363  0.13017843E+003  0.13017902E+003  0.18451499E+003  0.10792242E+003  0.10783568E+003  0.22120899E+002  0.21339700E+002  0.44041105E+002  0.44018844E+002
   364.7870  0.13220465E+003  0.13220503E+003  0.18694156E+003  0.10934241E+003  0.10925534E+003  0.22722103E+002  0.21919506E+002  0.45238195E+002  0.45215342E+002
   365.0376  0.13428431E+003  0.13428447E+003  0.18941629E+003  0.11079062E+003  0.11070324E+003  0.23348305E+002  0.22523422E+002  0.46485060E+002  0.46461591E+002
   365.2882  0.13641959E+003  0.13641951E+003  0.19194046E+003  0.11226780E+003  0.11218014E+003  0.24000907E+002  0.23152798E+002  0.47784488E+002  0.47760377E+002
   365.5388  0.13861277E+003  0.13861245E+003  0.19451541E+003  0.11377473E+003  0.11368682E+003  0.24681408E+002  0.23809080E+002  0.49139467E+002  0.49114687E+002
   365.7895  0.14086629E+003  0.14086570E+003  0.19714249E+003  0.11531222E+003  0.11522409E+003  0.25391417E+002  0.24493821E+002  0.50553197E+002  0.50527719E+002
   366.0401  0.14318272E+003  0.14318185E+003  0.19982313E+003  0.11688109E+003  0.11679279E+003  0.26132657E+002  0.25208682E+002  0.52029112E+002  0.52002907E+002
   366.2907  0.14556478E+003  0.14556362E+003  0.20255879E+003  0.11848222E+003  0.11839378E+003  0.26906982E+002  0.25955451E+002  0.53570902E+002  0.53543936E+002
   366.5414  0.14801539E+003  0.14801391E+003  0.20535098E+003  0.12011648E+003  0.12002796E+003  0.27716384E+002  0.26736049E+002  0.55182531E+002  0.55154771E+002
   366.7920  0.15053763E+003  0.15053582E+003  0.20820127E+003  0.12178480E+003  0.12169625E+003  0.28563004E+002  0.27552542E+002  0.56868265E+002  0.56839676E+002
   367.0426  0.15313477E+003  0.15313261E+003  0.21111129E+003  0.12348814E+003  0.12339961E+003  0.29449153E+002  0.28407157E+002  0.58632702E+002  0.58603244E+002
   367.2932  0.15581033E+003  0.15580779E+003  0.21408271E+003  0.12522748E+003  0.12513903E+003  0.30377319E+002  0.29302295E+002  0.60480798E+002  0.60450432E+002
   367.5439  0.15856805E+003  0.15856511E+003  0.21711728E+003  0.12700385E+003  0.12691554E+003  0.31350191E+002  0.30240549E+002  0.62417907E+002  0.62386588E+002
   367.7945  0.16141190E+003  0.16140854E+003  0.22021678E+003  0.12881831E+003  0.12873022E+003  0.32370675E+002  0.31224722E+002  0.64449813E+002  0.64417496E+002
   368.0451  0.16434618E+003  0.16434236E+003  0.22338310E+003  0.13067195E+003  0.13058416E+003  0.33441916E+002  0.32257846E+002  0.66582778E+002  0.66549414E+002
   368.2957  0.16737545E+003  0.16737116E+003  0.22661815E+003  0.13256592E+003  0.13247851E+003  0.34567323E+002  0.33343208E+002  0.68823588E+002  0.68789124E+002
   368.5464  0.17050464E+003  0.17049983E+003  0.22992395E+003  0.13450139E+003  0.13441446E+003  0.35750592E+002  0.34484375E+002  0.71179603E+002  0.71143984E+002
   368.7970  0.17373902E+003  0.17373367E+003  0.23330256E+003  0.13647960E+003  0.13639324E+003  0.36995741E+002  0.35685221E+002  0.73658822E+002  0.73621988E+002
   369.0476  0.17708427E+003  0.17707834E+003  0.23675615E+003  0.13850180E+003  0.13841613E+003  0.38307140E+002  0.36949961E+002  0.76269946E+002  0.76231833E+002
   369.2982  0.18054653E+003  0.18053997E+003  0.24028694E+003  0.14056932E+003  0.14048446E+003  0.39689551E+002  0.38283186E+002  0.79022453E+002  0.78982993E+002
   369.5489  0.18413239E+003  0.18412517E+003  0.24389726E+003  0.14268353E+003  0.14259962E+003  0.41148168E+002  0.39689907E+002  0.81926687E+002  0.81885805E+002
   369.7995  0.18784902E+003  0.18784109E+003  0.24758950E+003  0.14484584E+003  0.14476302E+003  0.42688668E+002  0.41175598E+002  0.84993946E+002  0.84951565E+002
   370.0501  0.19170416E+003  0.19169547E+003  0.25136616E+003  0.14705774E+003  0.14697617E+003  0.44317261E+002  0.42746249E+002  0.88236598E+002  0.88192631E+002
   370.3008  0.19570621E+003  0.19569672E+003  0.25522983E+003  0.14932075E+003  0.14924061E+003  0.46040757E+002  0.44408427E+002  0.91668197E+002  0.91622554E+002
   370.5514  0.19986432E+003  0.19985396E+003  0.25918321E+003  0.15163647E+003  0.15155795E+003  0.47866630E+002  0.46169341E+002  0.95303625E+002  0.95256206E+002
   370.8020  0.20418844E+003  0.20417715E+003  0.26322909E+003  0.15400655E+003  0.15392987E+003  0.49803103E+002  0.48036921E+002  0.99159250E+002  0.99109949E+002
   371.0526  0.20868945E+003  0.20867715E+003  0.26737038E+003  0.15643272E+003  0.15635810E+003  0.51859234E+002  0.50019902E+002  0.10325311E+003  0.10320181E+003
   371.3033  0.21337922E+003  0.21336585E+003  0.27161009E+003  0.15891677E+003  0.15884447E+003  0.54045021E+002  0.52127928E+002  0.10760510E+003  0.10755168E+003
   371.5539  0.21827079E+003  0.21825627E+003  0.27595137E+003  0.16146057E+003  0.16139088E+003  0.56371524E+002  0.54371664E+002  0.11223724E+003  0.11218156E+003
   371.8045  0.22337847E+003  0.22336270E+003  0.28039749E+003  0.16406605E+003  0.16399928E+003  0.58850996E+002  0.56762929E+002  0.11717393E+003  0.11711584E+003
   372.0551  0.22871802E+003  0.22870092E+003  0.28495184E+003  0.16673525E+003  0.16667173E+003  0.61497043E+002  0.59314844E+002  0.12244225E+003  0.12238160E+003
   372.3058  0.23430684E+003  0.23428829E+003  0.28961797E+003  0.16947026E+003  0.16941039E+003  0.64324810E+002  0.62042015E+002  0.12807235E+003  0.12800896E+003
   372.5564  0.24016418E+003  0.24014406E+003  0.29439956E+003  0.17227330E+003  0.17221748E+003  0.67351182E+002  0.64960727E+002  0.13409784E+003  0.13403152E+003
   372.8070  0.24631138E+003  0.24628957E+003  0.29930044E+003  0.17514665E+003  0.17509536E+003  0.70595039E+002  0.68089188E+002  0.14055631E+003  0.14048685E+003
   373.0576  0.25277219E+003  0.25274856E+003  0.30432462E+003  0.17809271E+003  0.17804646E+003  0.74077535E+002  0.71447800E+002  0.14748987E+003  0.14741704E+003
   373.3083  0.25957311E+003  0.25954749E+003  0.30947626E+003  0.18111398E+003  0.18107334E+003  0.77822435E+002  0.75059483E+002  0.15494583E+003  0.15486938E+003
   373.5589  0.26674376E+003  0.26671599E+003  0.31475970E+003  0.18421306E+003  0.18417867E+003  0.81856506E+002  0.78950051E+002  0.16297746E+003  0.16289711E+003
   373.8095  0.27431739E+003  0.27428727E+003  0.32017948E+003  0.18739269E+003  0.18736527E+003  0.86209977E+002  0.83148658E+002  0.17164495E+003  0.17156039E+003
   374.0602  0.28233142E+003  0.28229874E+003  0.32574032E+003  0.19065572E+003  0.19063607E+003  0.90917087E+002  0.87688326E+002  0.18101644E+003  0.18092733E+003
   374.3108  0.29082808E+003  0.29079261E+003  0.33144716E+003  0.19400514E+003  0.19399415E+003  0.96016730E+002  0.92606565E+002  0.19116937E+003  0.19107533E+003
   374.5614  0.29985526E+003  0.29981673E+003  0.33730515E+003  0.19744408E+003  0.19744275E+003  0.10155323E+003  0.97946119E+002  0.20219194E+003  0.20209256E+003
   374.8120  0.30946736E+003  0.30942548E+003  0.34331966E+003  0.20097582E+003  0.20098528E+003  0.10757724E+003  0.10375585E+003  0.21418501E+003  0.21407981E+003
   375.0627  0.31972648E+003  0.31968092E+003  0.34949631E+003  0.20460380E+003  0.20462532E+003  0.11414688E+003  0.11009180E+003  0.22726425E+003  0.22715272E+003
   375.3133  0.33070375E+003  0.33065415E+003  0.35584099E+003  0.20833164E+003  0.20836666E+003  0.12132905E+003  0.11701850E+003  0.24156281E+003  0.24144435E+003
   375.5639  0.34248098E+003  0.34242691E+003  0.36235984E+003  0.21216312E+003  0.21221328E+003  0.12920104E+003  0.12461047E+003  0.25723452E+003  0.25710847E+003
   375.8145  0.35515263E+003  0.35509361E+003  0.36905927E+003  0.21610226E+003  0.21616941E+003  0.13785246E+003  0.13295416E+003  0.27445779E+003  0.27432340E+003
   376.0652  0.36882825E+003  0.36876374E+003  0.37594602E+003  0.22015326E+003  0.22023953E+003  0.14738772E+003  0.14215024E+003  0.29344037E+003  0.29329679E+003
   376.3158  0.38363545E+003  0.38356485E+003  0.38302714E+003  0.22432056E+003  0.22442837E+003  0.15792885E+003  0.15231643E+003  0.31442520E+003  0.31427146E+003
   376.5664  0.39972362E+003  0.39964621E+003  0.39030998E+003  0.22860886E+003  0.22874101E+003  0.16961923E+003  0.16359098E+003  0.33769758E+003  0.33753258E+003
   376.8170  0.41726840E+003  0.41718338E+003  0.39780229E+003  0.23302313E+003  0.23318283E+003  0.18262799E+003  0.17613702E+003  0.36359418E+003  0.36341665E+003
   377.0677  0.43647743E+003  0.43638386E+003  0.40551216E+003  0.23756864E+003  0.23775963E+003  0.19715567E+003  0.19014795E+003  0.39251409E+003  0.39232256E+003
   377.3183  0.45759739E+003  0.45749418E+003  0.41344810E+003  0.24225101E+003  0.24247760E+003  0.21344118E+003  0.20585419E+003  0.42493277E+003  0.42472556E+003
   377.5689  0.48092292E+003  0.48080882E+003  0.42161901E+003  0.24707621E+003  0.24734347E+003  0.23177060E+003  0.22353165E+003  0.46141958E+003  0.46119473E+003
   377.8195  0.50680790E+003  0.50668143E+003  0.43003426E+003  0.25205063E+003  0.25236450E+003  0.25248835E+003  0.24351248E+003  0.50265992E+003  0.50241512E+003
   378.0702  0.53567975E+003  0.53553917E+003  0.43870368E+003  0.25718114E+003  0.25754861E+003  0.27601123E+003  0.26619868E+003  0.54948326E+003  0.54921581E+003
   378.3208  0.56805756E+003  0.56790082E+003  0.44763759E+003  0.26247515E+003  0.26290450E+003  0.30284644E+003  0.29207939E+003  0.60289892E+003  0.60260564E+003
   378.5714  0.60457534E+003  0.60440000E+003  0.45684687E+003  0.26794066E+003  0.26844176E+003  0.33361449E+003  0.32175305E+003  0.66414168E+003  0.66381879E+003
   378.8221  0.64601162E+003  0.64581477E+003  0.46634294E+003  0.27358640E+003  0.27417107E+003  0.36907847E+003  0.35595562E+003  0.73473003E+003  0.73437299E+003
   379.0727  0.69332720E+003  0.69310533E+003  0.47613782E+003  0.27942192E+003  0.28010439E+003  0.41018135E+003  0.39559652E+003  0.81654035E+003  0.81614374E+003
   379.3233  0.74771294E+003  0.74746182E+003  0.48624418E+003  0.28545778E+003  0.28625525E+003  0.45809322E+003  0.44180423E+003  0.91190095E+003  0.91145822E+003
   379.5739  0.81064952E+003  0.81036400E+003  0.49667537E+003  0.29170567E+003  0.29263909E+003  0.51427034E+003  0.49598321E+003  0.10237096E+004  0.10232127E+004
   379.8246  0.88398025E+003  0.88365405E+003  0.50744545E+003  0.29817870E+003  0.29927364E+003  0.58052711E+003  0.55988332E+003  0.11555765E+004  0.11550159E+004
   380.0752  0.96999575E+003  0.96962119E+003  0.51856927E+003  0.30489159E+003  0.30617939E+003  0.65911964E+003  0.63568044E+003  0.13119912E+004  0.13113549E+004
   380.3258  0.10715231E+004  0.10710907E+004  0.53006251E+003  0.31186097E+003  0.31338012E+003  0.75283377E+003  0.72606130E+003  0.14984972E+004  0.14977706E+004
   380.5764  0.11919989E+004  0.11914972E+004  0.54194171E+003  0.31910561E+003  0.32090326E+003  0.86505681E+003  0.83429275E+003  0.17218358E+004  0.17210011E+004
   380.8271  0.13354777E+004  0.13348926E+004  0.55422439E+003  0.32664646E+003  0.32877998E+003  0.99978495E+003  0.96422883E+003  0.19899611E+004  0.19889966E+004
   381.0777  0.15064727E+004  0.15057874E+004  0.56692902E+003  0.33450627E+003  0.33704443E+003  0.11614643E+004  0.11201575E+004  0.23117257E+004  0.23106055E+004
   381.3283  0.17094309E+004  0.17086259E+004  0.58007518E+003  0.34270821E+003  0.34573098E+003  0.13544685E+004  0.13062969E+004  0.26958444E+004  0.26945385E+004
   381.5789  0.19474991E+004  0.19465528E+004  0.59368354E+003  0.35127262E+003  0.35486785E+003  0.15818735E+004  0.15256135E+004  0.31484616E+004  0.31469370E+004
   381.8296  0.22200975E+004  0.22189889E+004  0.60777589E+003  0.36021059E+003  0.36446454E+003  0.18430518E+004  0.17775022E+004  0.36683702E+004  0.36665949E+004
   382.0802  0.25189148E+004  0.25176280E+004  0.62237518E+003  0.36951333E+003  0.37449100E+003  0.21297066E+004  0.20539612E+004  0.42391280E+004  0.42370782E+004
   382.3308  0.28228523E+004  0.28213843E+004  0.63750551E+003  0.37913875E+003  0.38485146E+003  0.24208809E+004  0.23347791E+004  0.48191168E+004  0.48167896E+004
   382.5815  0.30948556E+004  0.30932267E+004  0.65319214E+003  0.38900317E+003  0.39536814E+003  0.26798665E+004  0.25845532E+004  0.53353513E+004  0.53327794E+004
   382.8321  0.32865491E+004  0.32848091E+004  0.66946170E+003  0.39899390E+003  0.40580579E+003  0.28588635E+004  0.27571837E+004  0.56926719E+004  0.56899338E+004
   383.0827  0.33549861E+004  0.33532117E+004  0.68634269E+003  0.40901403E+003  0.41595901E+003  0.29156007E+004  0.28119031E+004  0.58067574E+004  0.58039711E+004
   383.3333  0.32846345E+004  0.32829115E+004  0.70386600E+003  0.41904102E+003  0.42576639E+003  0.28350099E+004  0.27341789E+004  0.56473155E+004  0.56446120E+004
   383.5840  0.30966849E+004  0.30950862E+004  0.72206530E+003  0.42915114E+003  0.43535831E+003  0.26382508E+004  0.25444182E+004  0.52562211E+004  0.52537096E+004
   383.8346  0.28365445E+004  0.28351147E+004  0.74097688E+003  0.43948606E+003  0.44499147E+003  0.23702204E+004  0.22859210E+004  0.47227884E+004  0.47205346E+004
   384.0852  0.25516144E+004  0.25503689E+004  0.76063944E+003  0.45019376E+003  0.45493362E+003  0.20776213E+004  0.20037290E+004  0.41400903E+004  0.41381158E+004
   384.3358  0.22764315E+004  0.22753646E+004  0.78109390E+003  0.46138935E+003  0.46538695E+003  0.17943920E+004  0.17305735E+004  0.35758453E+004  0.35741400E+004
   384.5865  0.20297408E+004  0.20288353E+004  0.80238359E+003  0.47314751E+003  0.47647328E+003  0.15388956E+004  0.14841645E+004  0.30667392E+004  0.30652761E+004
   384.8371  0.18183081E+004  0.18175425E+004  0.82455456E+003  0.48551286E+003  0.48825408E+003  0.13177099E+004  0.12708457E+004  0.26259465E+004  0.26246927E+004
   385.0877  0.16419225E+004  0.16412756E+004  0.84765589E+003  0.49851337E+003  0.50075663E+003  0.11305606E+004  0.10903529E+004  0.22529593E+004  0.22518824E+004
   385.3383  0.14971425E+004  0.14965953E+004  0.87174005E+003  0.51217051E+003  0.51399351E+003  0.97400603E+003  0.93936646E+003  0.19409376E+004  0.19400087E+004
   385.5890  0.13794947E+004  0.13790308E+004  0.89686327E+003  0.52650517E+003  0.52797418E+003  0.84359576E+003  0.81359451E+003  0.16810211E+004  0.16802154E+004
   385.8396  0.12845633E+004  0.12841693E+004  0.92308583E+003  0.54154082E+003  0.54271079E+003  0.73493950E+003  0.70880282E+003  0.14644632E+004  0.14637601E+004
   386.0902  0.12084372E+004  0.12081019E+004  0.95047249E+003  0.55730484E+003  0.55822071E+003  0.64414435E+003  0.62123697E+003  0.12835062E+004  0.12828887E+004
   386.3409  0.11478318E+004  0.11475462E+004  0.97909284E+003  0.57382913E+003  0.57452734E+003  0.56793324E+003  0.54773644E+003  0.11316184E+004  0.11310728E+004
   386.5915  0.11000654E+004  0.10998221E+004  0.10090217E+004  0.59115024E+003  0.59166030E+003  0.50362065E+003  0.48571122E+003  0.10034469E+004  0.10029620E+004
   386.8421  0.10629817E+004  0.10627747E+004  0.10403399E+004  0.60930947E+003  0.60965527E+003  0.44903545E+003  0.43306741E+003  0.89466394E+003  0.89423054E+003
   387.0927  0.10348603E+004  0.10346848E+004  0.10731342E+004  0.62835297E+003  0.62855384E+003  0.40243275E+003  0.38812218E+003  0.80179135E+003  0.80140187E+003
   387.3434  0.10143347E+004  0.10141867E+004  0.11074985E+004  0.64833183E+003  0.64840344E+003  0.36241203E+003  0.34952482E+003  0.72203741E+003  0.72168559E+003
   387.5940  0.10003216E+004  0.10001977E+004  0.11435342E+004  0.66930232E+003  0.66925737E+003  0.32784754E+003  0.31618963E+003  0.65315808E+003  0.65283877E+003
   387.8446  0.99196372E+003  0.99186122E+003  0.11813511E+004  0.69132611E+003  0.69117489E+003  0.29783143E+003  0.28724103E+003  0.59334377E+003  0.59305264E+003
   388.0952  0.98858419E+003  0.98850086E+003  0.12210680E+004  0.71447070E+003  0.71422152E+003  0.27162844E+003  0.26196993E+003  0.54112888E+003  0.54086232E+003
   388.3459  0.98965103E+003  0.98958500E+003  0.12628138E+004  0.73880981E+003  0.73846935E+003  0.24864015E+003  0.23979919E+003  0.49532063E+003  0.49507558E+003
   388.5965  0.99474915E+003  0.99469886E+003  0.13067283E+004  0.76442393E+003  0.76399750E+003  0.22837695E+003  0.22025660E+003  0.45494314E+003  0.45471699E+003
   388.8471  0.10035587E+004  0.10035229E+004  0.13529639E+004  0.79140092E+003  0.79089268E+003  0.21043609E+003  0.20295376E+003  0.41919367E+003  0.41898422E+003
   389.0977  0.10158386E+004  0.10158161E+004  0.14016861E+004  0.81983674E+003  0.81924987E+003  0.19448448E+003  0.18756940E+003  0.38740833E+003  0.38721367E+003
   389.3484  0.10314132E+004  0.10314033E+004  0.14530757E+004  0.84983625E+003  0.84917308E+003  0.18024517E+003  0.17383643E+003  0.35903513E+003  0.35885362E+003
   389.5990  0.10501630E+004  0.10501648E+004  0.15073300E+004  0.88151418E+003  0.88077628E+003  0.16748665E+003  0.16153159E+003  0.33361268E+003  0.33344290E+003
   389.8496  0.10720166E+004  0.10720297E+004  0.15646648E+004  0.91499612E+003  0.91418442E+003  0.15601446E+003  0.15046731E+003  0.31075341E+003  0.31059412E+003
   390.1003  0.10969457E+004  0.10969694E+004  0.16253164E+004  0.95041983E+003  0.94953463E+003  0.14566442E+003  0.14048526E+003  0.29013011E+003  0.28998022E+003
   390.3509  0.11249604E+004  0.11249944E+004  0.16895444E+004  0.98793655E+003  0.98697760E+003  0.13629726E+003  0.13145113E+003  0.27146524E+003  0.27132378E+003
   390.6015  0.11561068E+004  0.11561509E+004  0.17576337E+004  0.10277126E+004  0.10266791E+004  0.12779433E+003  0.12325048E+003  0.25452232E+003  0.25438846E+003
   390.8521  0.11904653E+004  0.11905193E+004  0.18298983E+004  0.10699312E+004  0.10688219E+004  0.12005408E+003  0.11578538E+003  0.23909897E+003  0.23897195E+003
   391.1028  0.12281495E+004  0.12282134E+004  0.19066844E+004  0.11147944E+004  0.11136076E+004  0.11298924E+003  0.10897166E+003  0.22502130E+003  0.22490044E+003
   391.3534  0.12693067E+004  0.12693803E+004  0.19883747E+004  0.11625259E+004  0.11612592E+004  0.10652454E+003  0.10273671E+003  0.21213924E+003  0.21202395E+003
   391.6040  0.13141181E+004  0.13142015E+004  0.20753929E+004  0.12133729E+004  0.12120237E+004  0.10059475E+003  0.97017645E+002  0.20032286E+003  0.20021259E+003
   391.8546  0.13628009E+004  0.13628942E+004  0.21682091E+004  0.12676102E+004  0.12661752E+004  0.95143207E+002  0.91759801E+002  0.18945919E+003  0.18935344E+003
   392.1053  0.14156101E+004  0.14157135E+004  0.22673461E+004  0.13255432E+004  0.13240186E+004  0.90120466E+002  0.86915496E+002  0.17944969E+003  0.17934802E+003
   392.3559  0.14728422E+004  0.14729558E+004  0.23733862E+004  0.13875123E+004  0.13858936E+004  0.85483260E+002  0.82442998E+002  0.17020815E+003  0.17011013E+003
   392.6065  0.15348385E+004  0.15349627E+004  0.24869803E+004  0.14538975E+004  0.14521800E+004  0.81193603E+002  0.78305673E+002  0.16165884E+003  0.16156410E+003
   392.8571  0.16019905E+004  0.16021258E+004  0.26088565E+004  0.15251247E+004  0.15233025E+004  0.77218045E+002  0.74471257E+002  0.15373508E+003  0.15364326E+003
   393.1078  0.16747457E+004  0.16748924E+004  0.27398322E+004  0.16016713E+004  0.15997383E+004  0.73527043E+002  0.70911258E+002  0.14637800E+003  0.14628876E+003
   393.3584  0.17536147E+004  0.17537735E+004  0.28808274E+004  0.16840751E+004  0.16820241E+004  0.70094435E+002  0.67600442E+002  0.13953543E+003  0.13944845E+003
   393.6090  0.18391801E+004  0.18393515E+004  0.30328796E+004  0.17729424E+004  0.17707656E+004  0.66896992E+002  0.64516404E+002  0.13316105E+003  0.13307603E+003
   393.8596  0.19321066E+004  0.19322914E+004  0.31971629E+004  0.18689595E+004  0.18666478E+004  0.63914038E+002  0.61639200E+002  0.12721363E+003  0.12713029E+003
   394.1103  0.20331535E+004  0.20333524E+004  0.33750093E+004  0.19729049E+004  0.19704484E+004  0.61127124E+002  0.58951036E+002  0.12165638E+003  0.12157443E+003
   394.3609  0.21431896E+004  0.21434036E+004  0.35679351E+004  0.20856648E+004  0.20830523E+004  0.58519755E+002  0.56436000E+002  0.11645638E+003  0.11637554E+003
   394.6115  0.22632109E+004  0.22634411E+004  0.37776714E+004  0.22082510E+004  0.22054698E+004  0.56077150E+002  0.54079833E+002  0.11158413E+003  0.11150413E+003
   394.8622  0.23943622E+004  0.23946099E+004  0.40062010E+004  0.23418225E+004  0.23388586E+004  0.53786041E+002  0.51869734E+002  0.10701312E+003  0.10693369E+003
   395.1128  0.25379628E+004  0.25382292E+004  0.42558037E+004  0.24877117E+004  0.24845491E+004  0.51634492E+002  0.49794189E+002  0.10271953E+003  0.10264037E+003
   395.3634  0.26955378E+004  0.26958246E+004  0.45291093E+004  0.26474559E+004  0.26440765E+004  0.49611758E+002  0.47842827E+002  0.98681847E+002  0.98602677E+002
   395.6140  0.28688561E+004  0.28691651E+004  0.48291636E+004  0.28228352E+004  0.28192186E+004  0.47708144E+002  0.46006294E+002  0.94880672E+002  0.94801188E+002
   395.8647  0.30599772E+004  0.30603104E+004  0.51595076E+004  0.30159194E+004  0.30120425E+004  0.45914900E+002  0.44276141E+002  0.91298463E+002  0.91218345E+002
   396.1153  0.32713077E+004  0.32716675E+004  0.55242756E+004  0.32291250E+004  0.32249615E+004  0.44224119E+002  0.42644737E+002  0.87919342E+002  0.87838250E+002
   396.3659  0.35056716E+004  0.35060606E+004  0.59283153E+004  0.34652855E+004  0.34608051E+004  0.42628657E+002  0.41105181E+002  0.84728931E+002  0.84646495E+002
   396.6165  0.37663970E+004  0.37668184E+004  0.63773362E+004  0.37277382E+004  0.37229063E+004  0.41122061E+002  0.39651237E+002  0.81714199E+002  0.81630016E+002
   396.8672  0.40574243E+004  0.40578816E+004  0.68780950E+004  0.40204323E+004  0.40152091E+004  0.39698508E+002  0.38277274E+002  0.78863339E+002  0.78776964E+002
   397.1178  0.43834409E+004  0.43839382E+004  0.74386262E+004  0.43480642E+004  0.43424037E+004  0.38352753E+002  0.36978220E+002  0.76165665E+002  0.76076600E+002
   397.3684  0.47500504E+004  0.47505925E+004  0.80685326E+004  0.47162466E+004  0.47100952E+004  0.37080094E+002  0.35749518E+002  0.73611513E+002  0.73519198E+002
   397.6190  0.51639865E+004  0.51645791E+004  0.87793507E+004  0.51317228E+004  0.51250181E+004  0.35876334E+002  0.34587097E+002  0.71192176E+002  0.71095972E+002
   397.8697  0.56333835E+004  0.56340332E+004  0.95850143E+004  0.56026371E+004  0.55953059E+004  0.34737764E+002  0.33487352E+002  0.68899844E+002  0.68799017E+002
   398.1203  0.61681209E+004  0.61688354E+004  0.10502444E+005  0.61388800E+004  0.61308358E+004  0.33661148E+002  0.32447126E+002  0.66727560E+002  0.66621259E+002
   398.3709  0.67802615E+004  0.67810501E+004  0.11552299E+005  0.67525265E+004  0.67436670E+004  0.32643725E+002  0.31463715E+002  0.64669200E+002  0.64556431E+002
   398.6216  0.74846128E+004  0.74854864E+004  0.12759935E+005  0.74583978E+004  0.74486010E+004  0.31683220E+002  0.30534870E+002  0.62719463E+002  0.62599054E+002
   398.8722  0.82994413E+004  0.83004132E+004  0.14156631E+005  0.82747766E+004  0.82638963E+004  0.30777867E+002  0.29658826E+002  0.60873890E+002  0.60744450E+002
   399.1228  0.92473813E+004  0.92484673E+004  0.15781144E+005  0.92243159E+004  0.92121759E+004  0.29926457E+002  0.28834335E+002  0.59128901E+002  0.58988766E+002
   399.3734  0.10356577E+005  0.10357796E+005  0.17681660E+005  0.10335182E+005  0.10321569E+005  0.29128397E+002  0.28060726E+002  0.57481861E+002  0.57329023E+002
   399.6241  0.11662089E+005  0.11663465E+005  0.19918212E+005  0.11642464E+005  0.11627118E+005  0.28383795E+002  0.27337980E+002  0.55931173E+002  0.55763202E+002
   399.8747  0.13207570E+005  0.13209132E+005  0.22565536E+005  0.13189846E+005  0.13172449E+005  0.27693565E+002  0.26666823E+002  0.54476404E+002  0.54290339E+002
   400.1253  0.15047104E+005  0.15048886E+005  0.25716232E+005  0.15031454E+005  0.15011616E+005  0.27059550E+002  0.26048840E+002  0.53118427E+002  0.52910649E+002
   400.3759  0.17246925E+005  0.17248971E+005  0.29483698E+005  0.17233569E+005  0.17210813E+005  0.26484627E+002  0.25486574E+002  0.51859555E+002  0.51625639E+002
   400.6266  0.19886257E+005  0.19888620E+005  0.34003574E+005  0.19875474E+005  0.19849218E+005  0.25972763E+002  0.24983569E+002  0.50703594E+002  0.50438150E+002
   400.8772  0.23055658E+005  0.23058400E+005  0.39430898E+005  0.23047791E+005  0.23017333E+005  0.25528878E+002  0.24544250E+002  0.49655668E+002  0.49352204E+002
   401.1278  0.26849589E+005  0.26852787E+005  0.45927399E+005  0.26845051E+005  0.26809563E+005  0.25158293E+002  0.24173414E+002  0.48721497E+002  0.48372370E+002
   401.3784  0.31347335E+005  0.31351071E+005  0.53628816E+005  0.31346595E+005  0.31305144E+005  0.24865325E+002  0.23874945E+002  0.47905584E+002  0.47502187E+002
   401.6291  0.36573111E+005  0.36577473E+005  0.62576608E+005  0.36576656E+005  0.36528279E+005  0.24650363E+002  0.23649131E+002  0.47207451E+002  0.46740880E+002
   401.8797  0.42425464E+005  0.42430527E+005  0.72597087E+005  0.42433713E+005  0.42377578E+005  0.24504691E+002  0.23487926E+002  0.46614979E+002  0.46077570E+002
   402.1303  0.48576848E+005  0.48582648E+005  0.83129483E+005  0.48589989E+005  0.48525701E+005  0.24403142E+002  0.23368217E+002  0.46094954E+002  0.45483039E+002
   402.3810  0.54381937E+005  0.54388432E+005  0.93068969E+005  0.54399704E+005  0.54327722E+005  0.24297381E+002  0.23245671E+002  0.45584429E+002  0.44902213E+002
   402.6316  0.58897671E+005  0.58904707E+005  0.10080099E+006  0.58919135E+005  0.58841167E+005  0.24117368E+002  0.23056076E+002  0.44992601E+002  0.44255789E+002
   402.8822  0.61137579E+005  0.61144883E+005  0.10463666E+006  0.61161118E+005  0.61080180E+005  0.23789954E+002  0.22732375E+002  0.44224714E+002  0.43461045E+002
   403.1328  0.60523835E+005  0.60531065E+005  0.10358672E+006  0.60547420E+005  0.60467293E+005  0.23271940E+002  0.22234948E+002  0.43224565E+002  0.42468826E+002
   403.3835  0.57220626E+005  0.57227462E+005  0.97932277E+005  0.57242346E+005  0.57166594E+005  0.22574455E+002  0.21573951E+002  0.42005843E+002  0.41290820E+002
   403.6341  0.52034812E+005  0.52041028E+005  0.89054700E+005  0.52053323E+005  0.51984441E+005  0.21755689E+002  0.20802646E+002  0.40642781E+002  0.39991418E+002
   403.8847  0.45982566E+005  0.45988057E+005  0.78693724E+005  0.45997241E+005  0.45936378E+005  0.20889189E+002  0.19988371E+002  0.39229391E+002  0.38652241E+002
   404.1353  0.39897125E+005  0.39901888E+005  0.68275893E+005  0.39907927E+005  0.39855125E+005  0.20035169E+002  0.19186248E+002  0.37842575E+002  0.37340030E+002
   404.3860  0.34283013E+005  0.34287105E+005  0.58664973E+005  0.34290259E+005  0.34244895E+005  0.19229840E+002  0.18429418E+002  0.36528405E+002  0.36094702E+002
   404.6366  0.29359411E+005  0.29362914E+005  0.50236213E+005  0.29363574E+005  0.29324733E+005  0.18488584E+002  0.17731939E+002  0.35306197E+002  0.34932902E+002
   404.8872  0.25164090E+005  0.25167091E+005  0.43054277E+005  0.25165669E+005  0.25132386E+005  0.17813548E+002  0.17095748E+002  0.34178281E+002  0.33856499E+002
   405.1378  0.21643023E+005  0.21645603E+005  0.37026674E+005  0.21642481E+005  0.21613863E+005  0.17200202E+002  0.16516668E+002  0.33138420E+002  0.32859916E+002
   405.3885  0.18707122E+005  0.18709350E+005  0.32000880E+005  0.18704860E+005  0.18680130E+005  0.16641483E+002  0.15988200E+002  0.32177147E+002  0.31934773E+002
   405.6391  0.16262084E+005  0.16264020E+005  0.27815446E+005  0.16258436E+005  0.16236945E+005  0.16129974E+002  0.15503528E+002  0.31284561E+002  0.31072320E+002
   405.8897  0.14221647E+005  0.14223339E+005  0.24322687E+005  0.14216887E+005  0.14198099E+005  0.15658878E+002  0.15056399E+002  0.30451574E+002  0.30264522E+002
   406.1404  0.12512043E+005  0.12513530E+005  0.21396309E+005  0.12506393E+005  0.12489869E+005  0.15222334E+002  0.14641424E+002  0.29670327E+002  0.29504418E+002
   406.3910  0.11072322E+005  0.11073638E+005  0.18931968E+005  0.11065964E+005  0.11051346E+005  0.14815446E+002  0.14254094E+002  0.28934212E+002  0.28786146E+002
   406.6416  0.98530156E+004  0.98541855E+004  0.16844968E+005  0.98460933E+004  0.98330901E+004  0.14434179E+002  0.13890695E+002  0.28237749E+002  0.28104829E+002
   406.8922  0.88142999E+004  0.88153457E+004  0.15067132E+005  0.88069321E+004  0.87953041E+004  0.14075227E+002  0.13548178E+002  0.27576408E+002  0.27456422E+002
   407.1429  0.79242103E+004  0.79251498E+004  0.13543735E+005  0.79164928E+004  0.79060432E+004  0.13735877E+002  0.13224040E+002  0.26946436E+002  0.26837563E+002
   407.3935  0.71570732E+004  0.71579210E+004  0.12230824E+005  0.71490842E+004  0.71396500E+004  0.13413896E+002  0.12916218E+002  0.26344711E+002  0.26245445E+002
   407.6441  0.64922132E+004  0.64929816E+004  0.11093002E+005  0.64840165E+004  0.64754624E+004  0.13107434E+002  0.12623002E+002  0.25768618E+002  0.25677702E+002
   407.8947  0.59129138E+004  0.59136131E+004  0.10101650E+005  0.59045620E+004  0.58967745E+004  0.12814949E+002  0.12342962E+002  0.25215945E+002  0.25132330E+002
   408.1454  0.54055959E+004  0.54062347E+004  0.92335201E+004  0.53971322E+004  0.53900160E+004  0.12535142E+002  0.12074895E+002  0.24684808E+002  0.24607609E+002
   408.3960  0.49591715E+004  0.49597570E+004  0.84696304E+004  0.49506316E+004  0.49441060E+004  0.12266912E+002  0.11817779E+002  0.24173588E+002  0.24102055E+002
   408.6466  0.45645385E+004  0.45650769E+004  0.77943979E+004  0.45559519E+004  0.45499483E+004  0.12009318E+002  0.11570736E+002  0.23680878E+002  0.23614373E+002
   408.8972  0.42141841E+004  0.42146807E+004  0.71949610E+004  0.42055753E+004  0.42000352E+004  0.11761548E+002  0.11333011E+002  0.23205450E+002  0.23143426E+002
   409.1479  0.39018743E+004  0.39023337E+004  0.66606470E+004  0.38932638E+004  0.38881366E+004  0.11522895E+002  0.11103945E+002  0.22746217E+002  0.22688206E+002
   409.3985  0.36224084E+004  0.36228345E+004  0.61825527E+004  0.36138131E+004  0.36090554E+004  0.11292741E+002  0.10882958E+002  0.22302217E+002  0.22247811E+002
   409.6491  0.33714257E+004  0.33718219E+004  0.57532127E+004  0.33628598E+004  0.33584338E+004  0.11070538E+002  0.10669541E+002  0.21872586E+002  0.21821433E+002
   409.8997  0.31452514E+004  0.31456207E+004  0.53663360E+004  0.31367266E+004  0.31325996E+004  0.10855803E+002  0.10463236E+002  0.21456547E+002  0.21408339E+002
   410.1504  0.29407741E+004  0.29411190E+004  0.50165959E+004  0.29323002E+004  0.29284434E+004  0.10648099E+002  0.10263637E+002  0.21053394E+002  0.21007861E+002
   410.4010  0.27553468E+004  0.27556697E+004  0.46994613E+004  0.27469319E+004  0.27433201E+004  0.10447037E+002  0.10070375E+002  0.20662486E+002  0.20619391E+002
   410.6516  0.25867080E+004  0.25870108E+004  0.44110605E+004  0.25783589E+004  0.25749698E+004  0.10252261E+002  0.98831176E+001  0.20283234E+002  0.20242367E+002
   410.9023  0.24329172E+004  0.24332018E+004  0.41480717E+004  0.24246393E+004  0.24214534E+004  0.10063450E+002  0.97015597E+001  0.19915096E+002  0.19876271E+002
   411.1529  0.22923026E+004  0.22925705E+004  0.39076328E+004  0.22841005E+004  0.22811002E+004  0.98803091E+001  0.95254235E+001  0.19557571E+002  0.19520624E+002
   411.4035  0.21634182E+004  0.21636707E+004  0.36872687E+004  0.21552955E+004  0.21524653E+004  0.97025674E+001  0.93544531E+001  0.19210195E+002  0.19174978E+002
   411.6541  0.20450086E+004  0.20452471E+004  0.34848304E+004  0.20369683E+004  0.20342944E+004  0.95299755E+001  0.91884124E+001  0.18872537E+002  0.18838918E+002
   411.9048  0.19359803E+004  0.19362059E+004  0.32984458E+004  0.19280247E+004  0.19254946E+004  0.93623027E+001  0.90270827E+001  0.18544193E+002  0.18512053E+002
   412.1554  0.18353773E+004  0.18355909E+004  0.31264785E+004  0.18275082E+004  0.18251108E+004  0.91993345E+001  0.88702604E+001  0.18224784E+002  0.18194018E+002
   412.4060  0.17423609E+004  0.17425635E+004  0.29674932E+004  0.17345797E+004  0.17323050E+004  0.90408712E+001  0.87177560E+001  0.17913957E+002  0.17884468E+002
   412.6566  0.16561937E+004  0.16563860E+004  0.28202272E+004  0.16485012E+004  0.16463401E+004  0.88867264E+001  0.85693923E+001  0.17611379E+002  0.17583080E+002
   412.9073  0.15762245E+004  0.15764074E+004  0.26835661E+004  0.15686215E+004  0.15665658E+004  0.87367254E+001  0.84250031E+001  0.17316734E+002  0.17289546E+002
   413.1579  0.15018774E+004  0.15020515E+004  0.25565241E+004  0.14943643E+004  0.14924065E+004  0.85907042E+001  0.82844322E+001  0.17029726E+002  0.17003577E+002
   413.4085  0.14326412E+004  0.14328071E+004  0.24382262E+004  0.14252180E+004  0.14233514E+004  0.84485085E+001  0.81475329E+001  0.16750075E+002  0.16724899E+002
   413.6591  0.13680610E+004  0.13682193E+004  0.23278938E+004  0.13607276E+004  0.13589461E+004  0.83099932E+001  0.80141664E+001  0.16477514E+002  0.16453251E+002
   413.9098  0.13077313E+004  0.13078824E+004  0.22248327E+004  0.13004874E+004  0.12987853E+004  0.81750208E+001  0.78842020E+001  0.16211790E+002  0.16188386E+002
   414.1604  0.12512892E+004  0.12514337E+004  0.21284220E+004  0.12441345E+004  0.12425066E+004  0.80434617E+001  0.77575155E+001  0.15952665E+002  0.15930069E+002
   414.4110  0.11984097E+004  0.11985479E+004  0.20381053E+004  0.11913435E+004  0.11897853E+004  0.79151927E+001  0.76339897E+001  0.15699909E+002  0.15678075E+002
   414.6617  0.11488007E+004  0.11489330E+004  0.19533828E+004  0.11418224E+004  0.11403294E+004  0.77900972E+001  0.75135130E+001  0.15453306E+002  0.15432190E+002
   414.9123  0.11021993E+004  0.11023262E+004  0.18738046E+004  0.10953082E+004  0.10938765E+004  0.76680645E+001  0.73959794E+001  0.15212647E+002  0.15192212E+002
   415.1629  0.10583685E+004  0.10584902E+004  0.17989648E+004  0.10515637E+004  0.10501896E+004  0.75489892E+001  0.72812882E+001  0.14977737E+002  0.14957945E+002
   415.4135  0.10170939E+004  0.10172107E+004  0.17284967E+004  0.10103745E+004  0.10090547E+004  0.74327708E+001  0.71693434E+001  0.14748385E+002  0.14729203E+002
   415.6642  0.97818134E+003  0.97829359E+003  0.16620682E+004  0.97154639E+003  0.97027769E+003  0.73193138E+001  0.70600534E+001  0.14524412E+002  0.14505809E+002
   415.9148  0.94145476E+003  0.94156269E+003  0.15993777E+004  0.93490326E+003  0.93368281E+003  0.72085269E+001  0.69533308E+001  0.14305644E+002  0.14287591E+002
   416.1654  0.90675406E+003  0.90685791E+003  0.15401514E+004  0.90028499E+003  0.89911010E+003  0.71003230E+001  0.68490922E+001  0.14091917E+002  0.14074386E+002
   416.4160  0.87393350E+003  0.87403348E+003  0.14841398E+004  0.86754578E+003  0.86641397E+003  0.69946188E+001  0.67472578E+001  0.13883072E+002  0.13866038E+002
   416.6667  0.84286013E+003  0.84295646E+003  0.14311155E+004  0.83655268E+003  0.83546164E+003  0.68913347E+001  0.66477512E+001  0.13678957E+002  0.13662397E+002
   416.9173  0.81341252E+003  0.81350539E+003  0.13808708E+004  0.80718423E+003  0.80613183E+003  0.67903944E+001  0.65504994E+001  0.13479427E+002  0.13463319E+002
   417.1679  0.78547956E+003  0.78556915E+003  0.13332154E+004  0.77932932E+003  0.77831354E+003  0.66917250E+001  0.64554322E+001  0.13284342E+002  0.13268665E+002
   417.4185  0.75895944E+003  0.75904592E+003  0.12879752E+004  0.75288612E+003  0.75190511E+003  0.65952564E+001  0.63624827E+001  0.13093567E+002  0.13078303E+002
   417.6692  0.73375874E+003  0.73384226E+003  0.12449904E+004  0.72776120E+003  0.72681323E+003  0.65009214E+001  0.62715862E+001  0.12906974E+002  0.12892104E+002
   417.9198  0.70979159E+003  0.70987230E+003  0.12041140E+004  0.70386871E+003  0.70295213E+003  0.64086556E+001  0.61826810E+001  0.12724440E+002  0.12709947E+002
   418.1704  0.68697899E+003  0.68705703E+003  0.11652110E+004  0.68112964E+003  0.68024294E+003  0.63183972E+001  0.60957077E+001  0.12545844E+002  0.12531712E+002
   418.4211  0.66524814E+003  0.66532363E+003  0.11281566E+004  0.65947118E+003  0.65861293E+003  0.62300867E+001  0.60106092E+001  0.12371072E+002  0.12357287E+002
   418.6717  0.64453186E+003  0.64460492E+003  0.10928361E+004  0.63882617E+003  0.63799503E+003  0.61436670E+001  0.59273307E+001  0.12200013E+002  0.12186561E+002
   418.9223  0.62476810E+003  0.62483885E+003  0.10591433E+004  0.61913257E+003  0.61832729E+003  0.60590830E+001  0.58458193E+001  0.12032563E+002  0.12019429E+002
   419.1729  0.60589948E+003  0.60596801E+003  0.10269800E+004  0.60033299E+003  0.59955240E+003  0.59762820E+001  0.57660242E+001  0.11868617E+002  0.11855790E+002
   419.4236  0.58787283E+003  0.58793926E+003  0.99625530E+003  0.58237430E+003  0.58161728E+003  0.58952130E+001  0.56878966E+001  0.11708078E+002  0.11695546E+002
   419.6742  0.57063891E+003  0.57070332E+003  0.96688494E+003  0.56520725E+003  0.56447275E+003  0.58158269E+001  0.56113893E+001  0.11550850E+002  0.11538601E+002
   419.9248  0.55415198E+003  0.55421446E+003  0.93879070E+003  0.54878611E+003  0.54807315E+003  0.57380765E+001  0.55364569E+001  0.11396841E+002  0.11384866E+002
   420.1754  0.53836955E+003  0.53843019E+003  0.91189992E+003  0.53306842E+003  0.53237607E+003  0.56619164E+001  0.54630557E+001  0.11245964E+002  0.11234252E+002
   420.4261  0.52325212E+003  0.52331099E+003  0.88614504E+003  0.51801467E+003  0.51734207E+003  0.55873025E+001  0.53911434E+001  0.11098132E+002  0.11086673E+002
   420.6767  0.50876289E+003  0.50882007E+003  0.86146313E+003  0.50358811E+003  0.50293441E+003  0.55141927E+001  0.53206794E+001  0.10953264E+002  0.10942049E+002
   420.9273  0.49486759E+003  0.49492315E+003  0.83779557E+003  0.48975445E+003  0.48911888E+003  0.54425459E+001  0.52516244E+001  0.10811279E+002  0.10800300E+002
   421.1779  0.48153424E+003  0.48158824E+003  0.81508768E+003  0.47648173E+003  0.47586356E+003  0.53723228E+001  0.51839405E+001  0.10672101E+002  0.10661350E+002
   421.4286  0.46873296E+003  0.46878547E+003  0.79328838E+003  0.46374011E+003  0.46313863E+003  0.53034853E+001  0.51175910E+001  0.10535656E+002  0.10525124E+002
   421.6792  0.45643587E+003  0.45648694E+003  0.77234997E+003  0.45150169E+003  0.45091624E+003  0.52359967E+001  0.50525406E+001  0.10401870E+002  0.10391552E+002
   421.9298  0.44461685E+003  0.44466655E+003  0.75222781E+003  0.43974039E+003  0.43917034E+003  0.51698213E+001  0.49887551E+001  0.10270677E+002  0.10260563E+002
   422.1805  0.43325147E+003  0.43329984E+003  0.73288012E+003  0.42843179E+003  0.42787654E+003  0.51049248E+001  0.49262014E+001  0.10142007E+002  0.10132092E+002
   422.4311  0.42231682E+003  0.42236391E+003  0.71426774E+003  0.41755300E+003  0.41701198E+003  0.50412741E+001  0.48648477E+001  0.10015796E+002  0.10006074E+002
   422.6817  0.41179143E+003  0.41183730E+003  0.69635397E+003  0.40708256E+003  0.40655524E+003  0.49788371E+001  0.48046631E+001  0.98919815E+001  0.98824458E+001
   422.9323  0.40165515E+003  0.40169983E+003  0.67910434E+003  0.39700033E+003  0.39648620E+003  0.49175826E+001  0.47456175E+001  0.97705024E+001  0.97611472E+001
   423.1830  0.39188904E+003  0.39193258E+003  0.66248650E+003  0.38728739E+003  0.38678597E+003  0.48574807E+001  0.46876823E+001  0.96512999E+001  0.96421196E+001
   423.4336  0.38247531E+003  0.38251776E+003  0.64647003E+003  0.37792598E+003  0.37743680E+003  0.47985022E+001  0.46308293E+001  0.95343169E+001  0.95253061E+001
   423.6842  0.37339722E+003  0.37343861E+003  0.63102632E+003  0.36889936E+003  0.36842198E+003  0.47406190E+001  0.45750315E+001  0.94194983E+001  0.94106520E+001
   423.9348  0.36463902E+003  0.36467939E+003  0.61612843E+003  0.36019179E+003  0.35972579E+003  0.46838039E+001  0.45202626E+001  0.93067905E+001  0.92981037E+001
   424.1855  0.35618585E+003  0.35622523E+003  0.60175099E+003  0.35178844E+003  0.35133341E+003  0.46280305E+001  0.44664972E+001  0.91961417E+001  0.91876099E+001
   424.4361  0.34802372E+003  0.34806215E+003  0.58787008E+003  0.34367533E+003  0.34323090E+003  0.45732731E+001  0.44137108E+001  0.90875018E+001  0.90791203E+001
   424.6867  0.34013943E+003  0.34017695E+003  0.57446314E+003  0.33583928E+003  0.33540508E+003  0.45195069E+001  0.43618794E+001  0.89808219E+001  0.89725866E+001
   424.9373  0.33252052E+003  0.33255714E+003  0.56150887E+003  0.32826783E+003  0.32784351E+003  0.44667081E+001  0.43109800E+001  0.88760550E+001  0.88679617E+001
   425.1880  0.32515521E+003  0.32519098E+003  0.54898716E+003  0.32094922E+003  0.32053445E+003  0.44148532E+001  0.42609900E+001  0.87731552E+001  0.87651999E+001
   425.4386  0.31803238E+003  0.31806731E+003  0.53687899E+003  0.31387235E+003  0.31346682E+003  0.43639197E+001  0.42118879E+001  0.86720781E+001  0.86642571E+001
   425.6892  0.31114150E+003  0.31117563E+003  0.52516638E+003  0.30702670E+003  0.30663010E+003  0.43138857E+001  0.41636524E+001  0.85727807E+001  0.85650902E+001
   425.9398  0.30447261E+003  0.30450596E+003  0.51383232E+003  0.30040233E+003  0.30001436E+003  0.42647299E+001  0.41162632E+001  0.84752211E+001  0.84676577E+001
   426.1905  0.29801629E+003  0.29804889E+003  0.50286069E+003  0.29398982E+003  0.29361021E+003  0.42164318E+001  0.40697003E+001  0.83793588E+001  0.83719190E+001
   426.4411  0.29176359E+003  0.29179546E+003  0.49223623E+003  0.28778025E+003  0.28740873E+003  0.41689713E+001  0.40239446E+001  0.82851544E+001  0.82778349E+001
   426.6917  0.28570605E+003  0.28573720E+003  0.48194446E+003  0.28176515E+003  0.28140147E+003  0.41223290E+001  0.39789773E+001  0.81925695E+001  0.81853674E+001
   426.9424  0.27983562E+003  0.27986609E+003  0.47197166E+003  0.27593651E+003  0.27558042E+003  0.40764860E+001  0.39347802E+001  0.81015672E+001  0.80944793E+001
   427.1930  0.27414469E+003  0.27417449E+003  0.46230480E+003  0.27028671E+003  0.26993798E+003  0.40314240E+001  0.38913358E+001  0.80121113E+001  0.80051347E+001
   427.4436  0.26862600E+003  0.26865516E+003  0.45293151E+003  0.26480853E+003  0.26446693E+003  0.39871254E+001  0.38486269E+001  0.79241667E+001  0.79172987E+001
   427.6942  0.26327269E+003  0.26330122E+003  0.44384005E+003  0.25949508E+003  0.25916040E+003  0.39435727E+001  0.38066368E+001  0.78376995E+001  0.78309373E+001
   427.9449  0.25807821E+003  0.25810613E+003  0.43501924E+003  0.25433986E+003  0.25401188E+003  0.39007491E+001  0.37653495E+001  0.77526765E+001  0.77460175E+001
   428.1955  0.25303633E+003  0.25306366E+003  0.42645846E+003  0.24933664E+003  0.24901517E+003  0.38586385E+001  0.37247492E+001  0.76690655E+001  0.76625072E+001
   428.4461  0.24814114E+003  0.24816790E+003  0.41814759E+003  0.24447952E+003  0.24416436E+003  0.38172249E+001  0.36848206E+001  0.75868353E+001  0.75803753E+001
   428.6967  0.24338701E+003  0.24341321E+003  0.41007703E+003  0.23976287E+003  0.23945384E+003  0.37764930E+001  0.36455489E+001  0.75059555E+001  0.74995914E+001
   428.9474  0.23876857E+003  0.23879422E+003  0.40223760E+003  0.23518134E+003  0.23487827E+003  0.37364277E+001  0.36069197E+001  0.74263966E+001  0.74201261E+001
   429.1980  0.23428070E+003  0.23430582E+003  0.39462058E+003  0.23072984E+003  0.23043254E+003  0.36970144E+001  0.35689189E+001  0.73481296E+001  0.73419506E+001
   429.4486  0.22991854E+003  0.22994314E+003  0.38721764E+003  0.22640348E+003  0.22611181E+003  0.36582391E+001  0.35315329E+001  0.72711268E+001  0.72650371E+001
   429.6992  0.22567742E+003  0.22570152E+003  0.38002084E+003  0.22219763E+003  0.22191142E+003  0.36200879E+001  0.34947484E+001  0.71953608E+001  0.71893584E+001
   429.9499  0.22155291E+003  0.22157652E+003  0.37302261E+003  0.21810788E+003  0.21782697E+003  0.35825473E+001  0.34585524E+001  0.71208052E+001  0.71148881E+001
   430.2005  0.21754079E+003  0.21756392E+003  0.36621572E+003  0.21412998E+003  0.21385423E+003  0.35456045E+001  0.34229325E+001  0.70474342E+001  0.70416004E+001
   430.4511  0.21363699E+003  0.21365966E+003  0.35959327E+003  0.21025990E+003  0.20998918E+003  0.35092465E+001  0.33878763E+001  0.69752227E+001  0.69694704E+001
   430.7018  0.20983766E+003  0.20985988E+003  0.35314865E+003  0.20649380E+003  0.20622796E+003  0.34734612E+001  0.33533720E+001  0.69041463E+001  0.68984737E+001
   430.9524  0.20613911E+003  0.20616089E+003  0.34687557E+003  0.20282799E+003  0.20256689E+003  0.34382364E+001  0.33194080E+001  0.68341812E+001  0.68285865E+001
   431.2030  0.20253781E+003  0.20255915E+003  0.34076799E+003  0.19925894E+003  0.19900247E+003  0.34035604E+001  0.32859729E+001  0.67653042E+001  0.67597857E+001
   431.4536  0.19903037E+003  0.19905129E+003  0.33482016E+003  0.19578328E+003  0.19553131E+003  0.33694219E+001  0.32530558E+001  0.66974927E+001  0.66920489E+001
   431.7043  0.19561356E+003  0.19563407E+003  0.32902656E+003  0.19239780E+003  0.19215021E+003  0.33358096E+001  0.32206460E+001  0.66307249E+001  0.66253541E+001
   431.9549  0.19228429E+003  0.19230440E+003  0.32338190E+003  0.18909940E+003  0.18885608E+003  0.33027128E+001  0.31887330E+001  0.65649792E+001  0.65596798E+001
   432.2055  0.18903960E+003  0.18905932E+003  0.31788113E+003  0.18588513E+003  0.18564597E+003  0.32701209E+001  0.31573067E+001  0.65002348E+001  0.64950054E+001
   432.4561  0.18587664E+003  0.18589598E+003  0.31251940E+003  0.18275217E+003  0.18251705E+003  0.32380236E+001  0.31263571E+001  0.64364714E+001  0.64313106E+001
   432.7068  0.18279270E+003  0.18281167E+003  0.30729208E+003  0.17969779E+003  0.17946662E+003  0.32064110E+001  0.30958746E+001  0.63736692E+001  0.63685754E+001
   432.9574  0.17978517E+003  0.17980377E+003  0.30219471E+003  0.17671939E+003  0.17649208E+003  0.31752731E+001  0.30658498E+001  0.63118088E+001  0.63067808E+001
   433.2080  0.17685155E+003  0.17686978E+003  0.29722302E+003  0.17381450E+003  0.17359093E+003  0.31446007E+001  0.30362736E+001  0.62508714E+001  0.62459078E+001
   433.4586  0.17398943E+003  0.17400731E+003  0.29237292E+003  0.17098070E+003  0.17076079E+003  0.31143842E+001  0.30071369E+001  0.61908387E+001  0.61859382E+001
   433.7093  0.17119651E+003  0.17121405E+003  0.28764048E+003  0.16821570E+003  0.16799936E+003  0.30846148E+001  0.29784311E+001  0.61316927E+001  0.61268541E+001
   433.9599  0.16847059E+003  0.16848779E+003  0.28302194E+003  0.16551731E+003  0.16530445E+003  0.30552835E+001  0.29501476E+001  0.60734160E+001  0.60686380E+001
   434.2105  0.16580954E+003  0.16582641E+003  0.27851366E+003  0.16288341E+003  0.16267394E+003  0.30263818E+001  0.29222782E+001  0.60159916E+001  0.60112730E+001
   434.4612  0.16321132E+003  0.16322787E+003  0.27411217E+003  0.16031196E+003  0.16010580E+003  0.29979012E+001  0.28948148E+001  0.59594027E+001  0.59547424E+001
   434.7118  0.16067397E+003  0.16069020E+003  0.26981412E+003  0.15780101E+003  0.15759808E+003  0.29698336E+001  0.28677495E+001  0.59036333E+001  0.58990302E+001
   434.9624  0.15819561E+003  0.15821153E+003  0.26561631E+003  0.15534868E+003  0.15514891E+003  0.29421711E+001  0.28410745E+001  0.58486675E+001  0.58441204E+001
   435.2130  0.15577443E+003  0.15579004E+003  0.26151564E+003  0.15295317E+003  0.15275649E+003  0.29149056E+001  0.28147824E+001  0.57944898E+001  0.57899977E+001
   435.4637  0.15340867E+003  0.15342398E+003  0.25750913E+003  0.15061275E+003  0.15041907E+003  0.28880298E+001  0.27888659E+001  0.57410851E+001  0.57366471E+001
   435.7143  0.15109668E+003  0.15111170E+003  0.25359395E+003  0.14832574E+003  0.14813500E+003  0.28615361E+001  0.27633176E+001  0.56884389E+001  0.56840538E+001
   435.9649  0.14883684E+003  0.14885156E+003  0.24976732E+003  0.14609054E+003  0.14590267E+003  0.28354173E+001  0.27381308E+001  0.56365366E+001  0.56322035E+001
   436.2155  0.14662758E+003  0.14664202E+003  0.24602660E+003  0.14390559E+003  0.14372053E+003  0.28096663E+001  0.27132986E+001  0.55853643E+001  0.55810822E+001
   436.4662  0.14446743E+003  0.14448158E+003  0.24236925E+003  0.14176942E+003  0.14158710E+003  0.27842762E+001  0.26888142E+001  0.55349083E+001  0.55306763E+001
   436.7168  0.14235493E+003  0.14236881E+003  0.23879280E+003  0.13968059E+003  0.13950094E+003  0.27592402E+001  0.26646712E+001  0.54851552E+001  0.54809724E+001
   436.9674  0.14028871E+003  0.14030231E+003  0.23529489E+003  0.13763771E+003  0.13746068E+003  0.27345518E+001  0.26408632E+001  0.54360920E+001  0.54319575E+001
   437.2180  0.13826742E+003  0.13828075E+003  0.23187324E+003  0.13563946E+003  0.13546498E+003  0.27102045E+001  0.26173841E+001  0.53877058E+001  0.53836188E+001
   437.4687  0.13628978E+003  0.13630284E+003  0.22852564E+003  0.13368454E+003  0.13351257E+003  0.26861920E+001  0.25942278E+001  0.53399843E+001  0.53359438E+001
   437.7193  0.13435454E+003  0.13436734E+003  0.22524999E+003  0.13177173E+003  0.13160220E+003  0.26625082E+001  0.25713882E+001  0.52929152E+001  0.52889205E+001
   437.9699  0.13246050E+003  0.13247304E+003  0.22204423E+003  0.12989984E+003  0.12973269E+003  0.26391470E+001  0.25488598E+001  0.52464866E+001  0.52425370E+001
   438.2206  0.13060652E+003  0.13061880E+003  0.21890640E+003  0.12806770E+003  0.12790289E+003  0.26161027E+001  0.25266367E+001  0.52006870E+001  0.51967815E+001
   438.4712  0.12879146E+003  0.12880350E+003  0.21583458E+003  0.12627421E+003  0.12611169E+003  0.25933694E+001  0.25047135E+001  0.51555049E+001  0.51516429E+001
   438.7218  0.12701427E+003  0.12702605E+003  0.21282694E+003  0.12451830E+003  0.12435801E+003  0.25709415E+001  0.24830847E+001  0.51109293E+001  0.51071100E+001
   438.9724  0.12527390E+003  0.12528543E+003  0.20988171E+003  0.12279893E+003  0.12264084E+003  0.25488137E+001  0.24617452E+001  0.50669492E+001  0.50631719E+001
   439.2231  0.12356934E+003  0.12358063E+003  0.20699718E+003  0.12111511E+003  0.12095915E+003  0.25269804E+001  0.24406897E+001  0.50235541E+001  0.50198181E+001
   439.4737  0.12189963E+003  0.12191067E+003  0.20417168E+003  0.11946587E+003  0.11931201E+003  0.25054366E+001  0.24199131E+001  0.49807336E+001  0.49770381E+001
   439.7243  0.12026383E+003  0.12027463E+003  0.20140362E+003  0.11785028E+003  0.11769847E+003  0.24841770E+001  0.23994106E+001  0.49384775E+001  0.49348219E+001
   439.9749  0.11866103E+003  0.11867160E+003  0.19869147E+003  0.11626744E+003  0.11611763E+003  0.24631967E+001  0.23791773E+001  0.48967758E+001  0.48931596E+001
   440.2256  0.11709037E+003  0.11710070E+003  0.19603371E+003  0.11471648E+003  0.11456863E+003  0.24424907E+001  0.23592084E+001  0.48556190E+001  0.48520414E+001
   440.4762  0.11555100E+003  0.11556109E+003  0.19342891E+003  0.11319656E+003  0.11305063E+003  0.24220542E+001  0.23394995E+001  0.48149975E+001  0.48114578E+001
   440.7268  0.11404210E+003  0.11405196E+003  0.19087568E+003  0.11170687E+003  0.11156282E+003  0.24018827E+001  0.23200459E+001  0.47749019E+001  0.47713996E+001
   440.9774  0.11256288E+003  0.11257251E+003  0.18837266E+003  0.11024661E+003  0.11010441E+003  0.23819714E+001  0.23008433E+001  0.47353233E+001  0.47318578E+001
   441.2281  0.11111258E+003  0.11112197E+003  0.18591854E+003  0.10881505E+003  0.10867464E+003  0.23623160E+001  0.22818872E+001  0.46962526E+001  0.46928233E+001
   441.4787  0.10969047E+003  0.10969962E+003  0.18351207E+003  0.10741142E+003  0.10727278E+003  0.23429120E+001  0.22631736E+001  0.46576813E+001  0.46542876E+001
   441.7293  0.10829581E+003  0.10830474E+003  0.18115201E+003  0.10603504E+003  0.10589812E+003  0.23237551E+001  0.22446981E+001  0.46196007E+001  0.46162421E+001
   441.9799  0.10692793E+003  0.10693663E+003  0.17883719E+003  0.10468520E+003  0.10454998E+003  0.23048411E+001  0.22264569E+001  0.45820026E+001  0.45786786E+001
   442.2306  0.10558616E+003  0.10559462E+003  0.17656646E+003  0.10336125E+003  0.10322768E+003  0.22861659E+001  0.22084459E+001  0.45448788E+001  0.45415887E+001
   442.4812  0.10426985E+003  0.10427808E+003  0.17433870E+003  0.10206254E+003  0.10193059E+003  0.22677255E+001  0.21906613E+001  0.45082212E+001  0.45049647E+001
   442.7318  0.10297837E+003  0.10298636E+003  0.17215283E+003  0.10078844E+003  0.10065808E+003  0.22495160E+001  0.21730992E+001  0.44720222E+001  0.44687986E+001
   442.9825  0.10171111E+003  0.10171887E+003  0.17000783E+003  0.99538361E+002  0.99409552E+002  0.22315334E+001  0.21557559E+001  0.44362739E+001  0.44330829E+001
   443.2331  0.10046749E+003  0.10047502E+003  0.16790267E+003  0.98311709E+002  0.98184420E+002  0.22137740E+001  0.21386278E+001  0.44009690E+001  0.43978099E+001
   443.4837  0.99246935E+002  0.99254234E+002  0.16583638E+003  0.97107920E+002  0.96982121E+002  0.21962341E+001  0.21217113E+001  0.43661001E+001  0.43629725E+001
   443.7343  0.98048901E+002  0.98055964E+002  0.16380801E+003  0.95926448E+002  0.95802106E+002  0.21789101E+001  0.21050029E+001  0.43316599E+001  0.43285635E+001
   443.9850  0.96872852E+002  0.96879678E+002  0.16181664E+003  0.94766763E+002  0.94643847E+002  0.21617984E+001  0.20884993E+001  0.42976415E+001  0.42945757E+001
   444.2356  0.95718270E+002  0.95724858E+002  0.15986137E+003  0.93628350E+002  0.93506831E+002  0.21448956E+001  0.20721970E+001  0.42640380E+001  0.42610023E+001
   444.4862  0.94584657E+002  0.94591004E+002  0.15794134E+003  0.92510712E+002  0.92390561E+002  0.21281982E+001  0.20560927E+001  0.42308426E+001  0.42278366E+001
   444.7368  0.93471527E+002  0.93477631E+002  0.15605571E+003  0.91413369E+002  0.91294555E+002  0.21117029E+001  0.20401833E+001  0.41980486E+001  0.41950719E+001
   444.9875  0.92378411E+002  0.92384270E+002  0.15420367E+003  0.90335853E+002  0.90218348E+002  0.20954065E+001  0.20244656E+001  0.41656496E+001  0.41627018E+001
   445.2381  0.91304855E+002  0.91310465E+002  0.15238442E+003  0.89277713E+002  0.89161489E+002  0.20793057E+001  0.20089365E+001  0.41336392E+001  0.41307200E+001
   445.4887  0.90250418E+002  0.90255777E+002  0.15059719E+003  0.88238513E+002  0.88123542E+002  0.20633974E+001  0.19935930E+001  0.41020113E+001  0.40991201E+001
   445.7393  0.89214676E+002  0.89219779E+002  0.14884125E+003  0.87217827E+002  0.87104082E+002  0.20476785E+001  0.19784322E+001  0.40707596E+001  0.40678962E+001
   445.9900  0.88197214E+002  0.88202058E+002  0.14711587E+003  0.86215248E+002  0.86102701E+002  0.20321460E+001  0.19634510E+001  0.40398783E+001  0.40370422E+001
   446.2406  0.87197635E+002  0.87202215E+002  0.14542034E+003  0.85230378E+002  0.85119002E+002  0.20167970E+001  0.19486467E+001  0.40093614E+001  0.40065523E+001
   446.4912  0.86215551E+002  0.86219862E+002  0.14375398E+003  0.84262833E+002  0.84152602E+002  0.20016286E+001  0.19340165E+001  0.39792032E+001  0.39764207E+001
   446.7419  0.85250589E+002  0.85254627E+002  0.14211614E+003  0.83312242E+002  0.83203129E+002  0.19866378E+001  0.19195577E+001  0.39493981E+001  0.39466419E+001
   446.9925  0.84302387E+002  0.84306146E+002  0.14050616E+003  0.82378246E+002  0.82270226E+002  0.19718221E+001  0.19052675E+001  0.39199406E+001  0.39172103E+001
   447.2431  0.83370597E+002  0.83374069E+002  0.13892342E+003  0.81460498E+002  0.81353544E+002  0.19571785E+001  0.18911433E+001  0.38908252E+001  0.38881205E+001
   447.4937  0.82454880E+002  0.82458060E+002  0.13736732E+003  0.80558663E+002  0.80452750E+002  0.19427045E+001  0.18771826E+001  0.38620466E+001  0.38593672E+001
   447.7444  0.81554910E+002  0.81557790E+002  0.13583726E+003  0.79672417E+002  0.79567518E+002  0.19283974E+001  0.18633829E+001  0.38335997E+001  0.38309452E+001
   447.9950  0.80670373E+002  0.80672945E+002  0.13433266E+003  0.78801448E+002  0.78697538E+002  0.19142547E+001  0.18497415E+001  0.38054792E+001  0.38028494E+001
   448.2456  0.79800965E+002  0.79803221E+002  0.13285298E+003  0.77945454E+002  0.77842507E+002  0.19002738E+001  0.18362562E+001  0.37776803E+001  0.37750748E+001
   448.4962  0.78946394E+002  0.78948325E+002  0.13139766E+003  0.77104145E+002  0.77002136E+002  0.18864523E+001  0.18229246E+001  0.37501980E+001  0.37476165E+001
   448.7469  0.78106380E+002  0.78107975E+002  0.12996618E+003  0.76277244E+002  0.76176146E+002  0.18727877E+001  0.18097442E+001  0.37230274E+001  0.37204697E+001
   448.9975  0.77280652E+002  0.77281901E+002  0.12855802E+003  0.75464481E+002  0.75364269E+002  0.18592776E+001  0.17967128E+001  0.36961639E+001  0.36936297E+001
   449.2481  0.76468952E+002  0.76469842E+002  0.12717269E+003  0.74665599E+002  0.74566248E+002  0.18459198E+001  0.17838282E+001  0.36696028E+001  0.36670918E+001
   449.4987  0.75671031E+002  0.75671550E+002  0.12580971E+003  0.73880354E+002  0.73781836E+002  0.18327119E+001  0.17710881E+001  0.36433396E+001  0.36408515E+001
   449.7494  0.74886653E+002  0.74886787E+002  0.12446859E+003  0.73108510E+002  0.73010799E+002  0.18196517E+001  0.17584904E+001  0.36173697E+001  0.36149044E+001
   450.0000  0.74115593E+002  0.74115327E+002  0.12314888E+003  0.72349844E+002  0.72252912E+002  0.18067370E+001  0.17460330E+001  0.35916889E+001  0.35892461E+001
