#Raman spectra
#Laser energy   2.33 eV
#Raman shift (cm-1), Raman Spectra (XX,YY,ZZ,s+s+,s-s-,XY,YX,s+s-,s-s+)
   350.0000  0.95907760E+002  0.94462729E+002  0.72880603E+002  0.69004824E+002  0.68638304E+002  0.25993831E+002  0.25485263E+002  0.52116801E+002  0.52089654E+002
   350.2506  0.96972713E+002  0.95511648E+002  0.73574581E+002  0.69661967E+002  0.69292067E+002  0.26389589E+002  0.25873242E+002  0.52910357E+002  0.52882800E+002
   350.5013  0.98056499E+002  0.96579117E+002  0.74278517E+002  0.70328545E+002  0.69955216E+002  0.26794495E+002  0.26270189E+002  0.53722256E+002  0.53694282E+002
   350.7519  0.99159589E+002  0.97665601E+002  0.74992604E+002  0.71004737E+002  0.70627934E+002  0.27208834E+002  0.26676383E+002  0.54553069E+002  0.54524667E+002
   351.0025  0.10028247E+003  0.98771581E+002  0.75717038E+002  0.71690729E+002  0.71310405E+002  0.27632900E+002  0.27092113E+002  0.55403387E+002  0.55374546E+002
   351.2531  0.10142566E+003  0.99897555E+002  0.76452019E+002  0.72386713E+002  0.72002819E+002  0.28066999E+002  0.27517680E+002  0.56273823E+002  0.56244535E+002
   351.5038  0.10258966E+003  0.10104403E+003  0.77197754E+002  0.73092882E+002  0.72705368E+002  0.28511451E+002  0.27953396E+002  0.57165017E+002  0.57135270E+002
   351.7544  0.10377502E+003  0.10221155E+003  0.77954452E+002  0.73809437E+002  0.73418254E+002  0.28966587E+002  0.28399585E+002  0.58077633E+002  0.58047416E+002
   352.0050  0.10498229E+003  0.10340066E+003  0.78722330E+002  0.74536583E+002  0.74141678E+002  0.29432750E+002  0.28856586E+002  0.59012362E+002  0.58981664E+002
   352.2556  0.10621206E+003  0.10461192E+003  0.79501608E+002  0.75274528E+002  0.74875850E+002  0.29910301E+002  0.29324750E+002  0.59969923E+002  0.59938733E+002
   352.5063  0.10746492E+003  0.10584593E+003  0.80292515E+002  0.76023488E+002  0.75620984E+002  0.30399611E+002  0.29804443E+002  0.60951066E+002  0.60919371E+002
   352.7569  0.10874150E+003  0.10710329E+003  0.81095281E+002  0.76783682E+002  0.76377299E+002  0.30901071E+002  0.30296046E+002  0.61956568E+002  0.61924356E+002
   353.0075  0.11004242E+003  0.10838464E+003  0.81910146E+002  0.77555338E+002  0.77145020E+002  0.31415085E+002  0.30799957E+002  0.62987244E+002  0.62954502E+002
   353.2581  0.11136836E+003  0.10969063E+003  0.82737353E+002  0.78338686E+002  0.77924378E+002  0.31942075E+002  0.31316589E+002  0.64043938E+002  0.64010652E+002
   353.5088  0.11272000E+003  0.11102194E+003  0.83577153E+002  0.79133964E+002  0.78715608E+002  0.32482481E+002  0.31846373E+002  0.65127532E+002  0.65093690E+002
   353.7594  0.11409806E+003  0.11237926E+003  0.84429803E+002  0.79941415E+002  0.79518954E+002  0.33036761E+002  0.32389759E+002  0.66238946E+002  0.66204533E+002
   354.0100  0.11550328E+003  0.11376334E+003  0.85295567E+002  0.80761290E+002  0.80334664E+002  0.33605394E+002  0.32947216E+002  0.67379140E+002  0.67344141E+002
   354.2607  0.11693643E+003  0.11517493E+003  0.86174713E+002  0.81593843E+002  0.81162993E+002  0.34188879E+002  0.33519233E+002  0.68549114E+002  0.68513514E+002
   354.5113  0.11839829E+003  0.11661480E+003  0.87067520E+002  0.82439337E+002  0.82004203E+002  0.34787736E+002  0.34106320E+002  0.69749912E+002  0.69713696E+002
   354.7619  0.11988970E+003  0.11808378E+003  0.87974272E+002  0.83298044E+002  0.82858562E+002  0.35402511E+002  0.34709012E+002  0.70982626E+002  0.70945776E+002
   355.0125  0.12141152E+003  0.11958272E+003  0.88895261E+002  0.84170238E+002  0.83726345E+002  0.36033771E+002  0.35327865E+002  0.72248395E+002  0.72210895E+002
   355.2632  0.12296464E+003  0.12111248E+003  0.89830785E+002  0.85056204E+002  0.84607837E+002  0.36682110E+002  0.35963461E+002  0.73548410E+002  0.73510243E+002
   355.5138  0.12454999E+003  0.12267399E+003  0.90781154E+002  0.85956234E+002  0.85503325E+002  0.37348149E+002  0.36616410E+002  0.74883915E+002  0.74845062E+002
   355.7644  0.12616853E+003  0.12426819E+003  0.91746681E+002  0.86870626E+002  0.86413110E+002  0.38032537E+002  0.37287347E+002  0.76256212E+002  0.76216655E+002
   356.0150  0.12782127E+003  0.12589607E+003  0.92727691E+002  0.87799688E+002  0.87337497E+002  0.38735953E+002  0.37976939E+002  0.77666663E+002  0.77626382E+002
   356.2657  0.12950924E+003  0.12755867E+003  0.93724518E+002  0.88743735E+002  0.88276799E+002  0.39459109E+002  0.38685881E+002  0.79116693E+002  0.79075669E+002
   356.5163  0.13123354E+003  0.12925704E+003  0.94737501E+002  0.89703092E+002  0.89231340E+002  0.40202748E+002  0.39414905E+002  0.80607796E+002  0.80566007E+002
   356.7669  0.13299529E+003  0.13099232E+003  0.95766994E+002  0.90678091E+002  0.90201452E+002  0.40967651E+002  0.40164775E+002  0.82141534E+002  0.82098959E+002
   357.0175  0.13479569E+003  0.13276565E+003  0.96813355E+002  0.91669073E+002  0.91187474E+002  0.41754634E+002  0.40936291E+002  0.83719547E+002  0.83676163E+002
   357.2682  0.13663594E+003  0.13457824E+003  0.97876955E+002  0.92676391E+002  0.92189757E+002  0.42564554E+002  0.41730294E+002  0.85343551E+002  0.85299334E+002
   357.5188  0.13851735E+003  0.13643137E+003  0.98958175E+002  0.93700406E+002  0.93208660E+002  0.43398311E+002  0.42547664E+002  0.87015349E+002  0.86970276E+002
   357.7694  0.14044123E+003  0.13832634E+003  0.10005741E+003  0.94741487E+002  0.94244554E+002  0.44256847E+002  0.43389327E+002  0.88736832E+002  0.88690877E+002
   358.0201  0.14240900E+003  0.14026454E+003  0.10117505E+003  0.95800017E+002  0.95297817E+002  0.45141152E+002  0.44256252E+002  0.90509985E+002  0.90463122E+002
   358.2707  0.14442210E+003  0.14224739E+003  0.10231152E+003  0.96876388E+002  0.96368841E+002  0.46052266E+002  0.45149460E+002  0.92336894E+002  0.92289095E+002
   358.5213  0.14648206E+003  0.14427640E+003  0.10346724E+003  0.97971003E+002  0.97458028E+002  0.46991282E+002  0.46070022E+002  0.94219749E+002  0.94170986E+002
   358.7719  0.14859047E+003  0.14635314E+003  0.10464266E+003  0.99084277E+002  0.98565790E+002  0.47959350E+002  0.47019064E+002  0.96160855E+002  0.96111098E+002
   359.0226  0.15074899E+003  0.14847923E+003  0.10583821E+003  0.10021664E+003  0.99692552E+002  0.48957678E+002  0.47997772E+002  0.98162636E+002  0.98111854E+002
   359.2732  0.15295937E+003  0.15065641E+003  0.10705436E+003  0.10136852E+003  0.10083875E+003  0.49987538E+002  0.49007392E+002  0.10022764E+003  0.10017580E+003
   359.5238  0.15522343E+003  0.15288646E+003  0.10829158E+003  0.10254038E+003  0.10200484E+003  0.51050270E+002  0.50049238E+002  0.10235856E+003  0.10230563E+003
   359.7744  0.15754308E+003  0.15517127E+003  0.10955037E+003  0.10373267E+003  0.10319128E+003  0.52147286E+002  0.51124695E+002  0.10455822E+003  0.10450416E+003
   360.0251  0.15992032E+003  0.15751281E+003  0.11083124E+003  0.10494589E+003  0.10439855E+003  0.53280073E+002  0.52235219E+002  0.10682960E+003  0.10677439E+003
   360.2757  0.16235725E+003  0.15991315E+003  0.11213469E+003  0.10618051E+003  0.10562713E+003  0.54450201E+002  0.53382351E+002  0.10917586E+003  0.10911944E+003
   360.5263  0.16485606E+003  0.16237445E+003  0.11346126E+003  0.10743706E+003  0.10687754E+003  0.55659327E+002  0.54567713E+002  0.11160031E+003  0.11154265E+003
   360.7769  0.16741909E+003  0.16489899E+003  0.11481151E+003  0.10871604E+003  0.10815029E+003  0.56909198E+002  0.55793021E+002  0.11410645E+003  0.11404752E+003
   361.0276  0.17004874E+003  0.16748917E+003  0.11618600E+003  0.11001800E+003  0.10944592E+003  0.58201664E+002  0.57060086E+002  0.11669800E+003  0.11663774E+003
   361.2782  0.17274759E+003  0.17014751E+003  0.11758530E+003  0.11134349E+003  0.11076498E+003  0.59538677E+002  0.58370823E+002  0.11937888E+003  0.11931725E+003
   361.5288  0.17551831E+003  0.17287664E+003  0.11901003E+003  0.11269308E+003  0.11210804E+003  0.60922305E+002  0.59727259E+002  0.12215322E+003  0.12209017E+003
   361.7794  0.17836372E+003  0.17567935E+003  0.12046081E+003  0.11406736E+003  0.11347569E+003  0.62354736E+002  0.61131539E+002  0.12502541E+003  0.12496090E+003
   362.0301  0.18128682E+003  0.17855859E+003  0.12193826E+003  0.11546693E+003  0.11486853E+003  0.63838288E+002  0.62585934E+002  0.12800010E+003  0.12793407E+003
   362.2807  0.18429074E+003  0.18151743E+003  0.12344306E+003  0.11689242E+003  0.11628718E+003  0.65375415E+002  0.64092853E+002  0.13108222E+003  0.13101461E+003
   362.5313  0.18737878E+003  0.18455915E+003  0.12497587E+003  0.11834448E+003  0.11773229E+003  0.66968725E+002  0.65654850E+002  0.13427699E+003  0.13420775E+003
   362.7820  0.19055445E+003  0.18768718E+003  0.12653739E+003  0.11982377E+003  0.11920452E+003  0.68620983E+002  0.67274636E+002  0.13758994E+003  0.13751901E+003
   363.0326  0.19382143E+003  0.19090515E+003  0.12812836E+003  0.12133097E+003  0.12070455E+003  0.70335126E+002  0.68955091E+002  0.14102699E+003  0.14095430E+003
   363.2832  0.19718363E+003  0.19421693E+003  0.12974951E+003  0.12286678E+003  0.12223309E+003  0.72114276E+002  0.70699276E+002  0.14459437E+003  0.14451987E+003
   363.5338  0.20064518E+003  0.19762656E+003  0.13140160E+003  0.12443195E+003  0.12379087E+003  0.73961755E+002  0.72510446E+002  0.14829876E+003  0.14822236E+003
   363.7845  0.20421044E+003  0.20113836E+003  0.13308544E+003  0.12602723E+003  0.12537863E+003  0.75881097E+002  0.74392068E+002  0.15214723E+003  0.15206887E+003
   364.0351  0.20788404E+003  0.20475689E+003  0.13480184E+003  0.12765338E+003  0.12699715E+003  0.77876070E+002  0.76347834E+002  0.15614735E+003  0.15606695E+003
   364.2857  0.21167091E+003  0.20848698E+003  0.13655165E+003  0.12931121E+003  0.12864724E+003  0.79950690E+002  0.78381682E+002  0.16030716E+003  0.16022464E+003
   364.5363  0.21557625E+003  0.21233378E+003  0.13833573E+003  0.13100156E+003  0.13032972E+003  0.82109243E+002  0.80497812E+002  0.16463526E+003  0.16455054E+003
   364.7870  0.21960560E+003  0.21630274E+003  0.14015499E+003  0.13272528E+003  0.13204545E+003  0.84356304E+002  0.82700712E+002  0.16914082E+003  0.16905380E+003
   365.0376  0.22376485E+003  0.22039966E+003  0.14201036E+003  0.13448324E+003  0.13379531E+003  0.86696767E+002  0.84995178E+002  0.17383366E+003  0.17374424E+003
   365.2882  0.22806027E+003  0.22463072E+003  0.14390279E+003  0.13627638E+003  0.13558021E+003  0.89135865E+002  0.87386340E+002  0.17872425E+003  0.17863235E+003
   365.5388  0.23249854E+003  0.22900249E+003  0.14583329E+003  0.13810562E+003  0.13740109E+003  0.91679204E+002  0.89879695E+002  0.18382386E+003  0.18372935E+003
   365.7895  0.23708678E+003  0.23352200E+003  0.14780288E+003  0.13997196E+003  0.13925894E+003  0.94332791E+002  0.92481131E+002  0.18914451E+003  0.18904729E+003
   366.0401  0.24183260E+003  0.23819673E+003  0.14981262E+003  0.14187639E+003  0.14115476E+003  0.97103071E+002  0.95196966E+002  0.19469912E+003  0.19459908E+003
   366.2907  0.24674411E+003  0.24303469E+003  0.15186360E+003  0.14381997E+003  0.14308959E+003  0.99996966E+002  0.98033987E+002  0.20050159E+003  0.20039860E+003
   366.5414  0.25183002E+003  0.24804444E+003  0.15395698E+003  0.14580378E+003  0.14506452E+003  0.10302192E+003  0.10099949E+003  0.20656682E+003  0.20646074E+003
   366.7920  0.25709963E+003  0.25323515E+003  0.15609391E+003  0.14782893E+003  0.14708067E+003  0.10618593E+003  0.10410132E+003  0.21291087E+003  0.21280156E+003
   367.0426  0.26256293E+003  0.25861666E+003  0.15827562E+003  0.14989658E+003  0.14913919E+003  0.10949763E+003  0.10734794E+003  0.21955104E+003  0.21943835E+003
   367.2932  0.26823062E+003  0.26419951E+003  0.16050337E+003  0.15200794E+003  0.15124128E+003  0.11296633E+003  0.11074846E+003  0.22650597E+003  0.22638974E+003
   367.5439  0.27411422E+003  0.26999506E+003  0.16277845E+003  0.15416424E+003  0.15338819E+003  0.11660207E+003  0.11431274E+003  0.23379580E+003  0.23367586E+003
   367.7945  0.28022613E+003  0.27601551E+003  0.16510222E+003  0.15636677E+003  0.15558120E+003  0.12041570E+003  0.11805142E+003  0.24144231E+003  0.24131848E+003
   368.0451  0.28657969E+003  0.28227401E+003  0.16747608E+003  0.15861686E+003  0.15782165E+003  0.12441898E+003  0.12197602E+003  0.24946905E+003  0.24934114E+003
   368.2957  0.29318932E+003  0.28878475E+003  0.16990148E+003  0.16091591E+003  0.16011092E+003  0.12862463E+003  0.12609903E+003  0.25790155E+003  0.25776935E+003
   368.5464  0.30007056E+003  0.29556307E+003  0.17237991E+003  0.16326533E+003  0.16245044E+003  0.13304649E+003  0.13043398E+003  0.26676751E+003  0.26663081E+003
   368.7970  0.30724025E+003  0.30262554E+003  0.17491294E+003  0.16566662E+003  0.16484171E+003  0.13769955E+003  0.13499559E+003  0.27609703E+003  0.27595558E+003
   369.0476  0.31471664E+003  0.30999013E+003  0.17750218E+003  0.16812131E+003  0.16728627E+003  0.14260015E+003  0.13979988E+003  0.28592283E+003  0.28577638E+003
   369.2982  0.32251951E+003  0.31767634E+003  0.18014929E+003  0.17063101E+003  0.16978572E+003  0.14776608E+003  0.14486427E+003  0.29628059E+003  0.29612888E+003
   369.5489  0.33067037E+003  0.32570536E+003  0.18285603E+003  0.17319738E+003  0.17234173E+003  0.15321674E+003  0.15020781E+003  0.30720922E+003  0.30705195E+003
   369.7995  0.33919262E+003  0.33410025E+003  0.18562419E+003  0.17582214E+003  0.17495603E+003  0.15897335E+003  0.15585128E+003  0.31875123E+003  0.31858810E+003
   370.0501  0.34811179E+003  0.34288613E+003  0.18845563E+003  0.17850707E+003  0.17763041E+003  0.16505911E+003  0.16181743E+003  0.33095316E+003  0.33078382E+003
   370.3008  0.35745574E+003  0.35209048E+003  0.19135232E+003  0.18125406E+003  0.18036674E+003  0.17149946E+003  0.16813121E+003  0.34386599E+003  0.34369010E+003
   370.5514  0.36725497E+003  0.36174332E+003  0.19431626E+003  0.18406501E+003  0.18316697E+003  0.17832234E+003  0.17481999E+003  0.35754574E+003  0.35736290E+003
   370.8020  0.37754288E+003  0.37187758E+003  0.19734954E+003  0.18694195E+003  0.18603312E+003  0.18555847E+003  0.18191390E+003  0.37205399E+003  0.37186377E+003
   371.0526  0.38835618E+003  0.38252939E+003  0.20045436E+003  0.18988696E+003  0.18896729E+003  0.19324168E+003  0.18944611E+003  0.38745857E+003  0.38726054E+003
   371.3033  0.39973521E+003  0.39373853E+003  0.20363296E+003  0.19290223E+003  0.19197167E+003  0.20140935E+003  0.19745325E+003  0.40383440E+003  0.40362805E+003
   371.5539  0.41172449E+003  0.40554884E+003  0.20688772E+003  0.19599001E+003  0.19504854E+003  0.21010279E+003  0.20597583E+003  0.42126430E+003  0.42104910E+003
   371.8045  0.42437318E+003  0.41800873E+003  0.21022107E+003  0.19915266E+003  0.19820029E+003  0.21936779E+003  0.21505874E+003  0.43984006E+003  0.43961542E+003
   372.0551  0.43773569E+003  0.43117184E+003  0.21363556E+003  0.20239264E+003  0.20142938E+003  0.22925519E+003  0.22475181E+003  0.45966360E+003  0.45942890E+003
   372.3058  0.45187241E+003  0.44509764E+003  0.21713386E+003  0.20571251E+003  0.20473841E+003  0.23982157E+003  0.23511051E+003  0.48084834E+003  0.48060288E+003
   372.5564  0.46685051E+003  0.45985230E+003  0.22071872E+003  0.20911493E+003  0.20813007E+003  0.25113002E+003  0.24619671E+003  0.50352076E+003  0.50326379E+003
   372.8070  0.48274486E+003  0.47550959E+003  0.22439301E+003  0.21260268E+003  0.21160718E+003  0.26325110E+003  0.25807955E+003  0.52782227E+003  0.52755296E+003
   373.0576  0.49963915E+003  0.49215195E+003  0.22815974E+003  0.21617868E+003  0.21517269E+003  0.27626383E+003  0.27083653E+003  0.55391132E+003  0.55362876E+003
   373.3083  0.51762715E+003  0.50987176E+003  0.23202203E+003  0.21984595E+003  0.21882968E+003  0.29025702E+003  0.28455469E+003  0.58196589E+003  0.58166909E+003
   373.5589  0.53681424E+003  0.52877284E+003  0.23598313E+003  0.22360766E+003  0.22258137E+003  0.30533068E+003  0.29933208E+003  0.61218648E+003  0.61187433E+003
   373.8095  0.55731915E+003  0.54897215E+003  0.24004645E+003  0.22746712E+003  0.22643113E+003  0.32159776E+003  0.31527944E+003  0.64479948E+003  0.64447078E+003
   374.0602  0.57927609E+003  0.57060190E+003  0.24421552E+003  0.23142779E+003  0.23038250E+003  0.33918620E+003  0.33252219E+003  0.68006135E+003  0.67971474E+003
   374.3108  0.60283716E+003  0.59381196E+003  0.24849405E+003  0.23549329E+003  0.23443919E+003  0.35824131E+003  0.35120278E+003  0.71826337E+003  0.71789736E+003
   374.5614  0.62817538E+003  0.61877275E+003  0.25288588E+003  0.23966743E+003  0.23860510E+003  0.37892871E+003  0.37148358E+003  0.75973748E+003  0.75935041E+003
   374.8120  0.65548815E+003  0.64567875E+003  0.25739507E+003  0.24395417E+003  0.24288431E+003  0.40143769E+003  0.39355015E+003  0.80486312E+003  0.80445314E+003
   375.0627  0.68500150E+003  0.67475263E+003  0.26202582E+003  0.24835770E+003  0.24728113E+003  0.42598540E+003  0.41761538E+003  0.85407553E+003  0.85364055E+003
   375.3133  0.71697517E+003  0.70625030E+003  0.26678253E+003  0.25288238E+003  0.25180011E+003  0.45282178E+003  0.44392430E+003  0.90787569E+003  0.90741338E+003
   375.5639  0.75170881E+003  0.74046693E+003  0.27166981E+003  0.25753283E+003  0.25644602E+003  0.48223562E+003  0.47276001E+003  0.96684239E+003  0.96635013E+003
   375.8145  0.78954941E+003  0.77774438E+003  0.27669248E+003  0.26231389E+003  0.26122394E+003  0.51456182E+003  0.50445085E+003  0.10316469E+004  0.10311217E+004
   376.0652  0.83090050E+003  0.81848018E+003  0.28185558E+003  0.26723066E+003  0.26613922E+003  0.55019041E+003  0.53937916E+003  0.11030709E+004  0.11025094E+004
   376.3158  0.87623333E+003  0.86313859E+003  0.28716439E+003  0.27228853E+003  0.27119755E+003  0.58957743E+003  0.57799203E+003  0.11820285E+004  0.11814268E+004
   376.5664  0.92610077E+003  0.91226427E+003  0.29262444E+003  0.27749318E+003  0.27640497E+003  0.63325854E+003  0.62081459E+003  0.12695931E+004  0.12689470E+004
   376.8170  0.98115439E+003  0.96649913E+003  0.29824151E+003  0.28285063E+003  0.28176792E+003  0.68186576E+003  0.66846644E+003  0.13670314E+004  0.13663358E+004
   377.0677  0.10421659E+004  0.10266034E+004  0.30402168E+003  0.28836726E+003  0.28729331E+003  0.73614837E+003  0.72168211E+003  0.14758451E+004  0.14750941E+004
   377.3183  0.11100538E+004  0.10934820E+004  0.30997132E+003  0.29404986E+003  0.29298852E+003  0.79699903E+003  0.78133675E+003  0.15978231E+004  0.15970101E+004
   377.5689  0.11859171E+004  0.11682176E+004  0.31609711E+003  0.29990567E+003  0.29886154E+003  0.86548673E+003  0.84847831E+003  0.17351077E+004  0.17342248E+004
   377.8195  0.12710778E+004  0.12521125E+004  0.32240607E+003  0.30594241E+003  0.30492098E+003  0.94289831E+003  0.92436835E+003  0.18902777E+004  0.18893158E+004
   378.0702  0.13671345E+004  0.13467418E+004  0.32890557E+003  0.31216838E+003  0.31117624E+003  0.10307912E+004  0.10105337E+004  0.20664541E+004  0.20654024E+004
   378.3208  0.14760315E+004  0.14540207E+004  0.33560333E+003  0.31859252E+003  0.31763758E+003  0.11310605E+004  0.11088322E+004  0.22674344E+004  0.22662804E+004
   378.5714  0.16001460E+004  0.15762912E+004  0.34250751E+003  0.32522450E+003  0.32431630E+003  0.12460247E+004  0.12215367E+004  0.24978647E+004  0.24965932E+004
   378.8221  0.17423997E+004  0.17164318E+004  0.34962666E+003  0.33207484E+003  0.33122495E+003  0.13785352E+004  0.13514426E+004  0.27634582E+004  0.27620513E+004
   379.0727  0.19064018E+004  0.18779979E+004  0.35696979E+003  0.33915506E+003  0.33837755E+003  0.15321152E+004  0.15020040E+004  0.30712751E+004  0.30697111E+004
   379.3233  0.20966289E+004  0.20653997E+004  0.36454639E+003  0.34647786E+003  0.34578991E+003  0.17111368E+004  0.16775068E+004  0.34300758E+004  0.34283286E+004
   379.5739  0.23186504E+004  0.22841242E+004  0.37236645E+003  0.35405731E+003  0.35348000E+003  0.19210412E+004  0.18832855E+004  0.38507630E+004  0.38488010E+004
   379.8246  0.25794039E+004  0.25410058E+004  0.38044050E+003  0.36190914E+003  0.36146839E+003  0.21686080E+004  0.21259863E+004  0.43469210E+004  0.43447054E+004
   380.0752  0.28875141E+004  0.28445414E+004  0.38877965E+003  0.37005104E+003  0.36977880E+003  0.24622671E+004  0.24138733E+004  0.49354413E+004  0.49329248E+004
   380.3258  0.32536299E+004  0.32052218E+004  0.39739563E+003  0.37850293E+003  0.37843866E+003  0.28124275E+004  0.27571512E+004  0.56371822E+004  0.56343067E+004
   380.5764  0.36906998E+004  0.36358031E+004  0.40630083E+003  0.38728731E+003  0.38747954E+003  0.32317460E+004  0.31682278E+004  0.64775077E+004  0.64742022E+004
   380.8271  0.42140030E+004  0.41513383E+004  0.41550833E+003  0.39642923E+003  0.39693724E+003  0.37351542E+004  0.36617412E+004  0.74863459E+004  0.74825242E+004
   381.0777  0.48405495E+004  0.47685846E+004  0.42503195E+003  0.40595591E+003  0.40685092E+003  0.43392647E+004  0.42539776E+004  0.86970054E+004  0.86925642E+004
   381.3283  0.55870975E+004  0.55040516E+004  0.43488633E+003  0.41589509E+003  0.41726010E+003  0.50604198E+004  0.49609580E+004  0.10142276E+005  0.10137096E+005
   381.5789  0.64654951E+004  0.63694117E+004  0.44508693E+003  0.42627117E+003  0.42819743E+003  0.59101128E+004  0.57939499E+004  0.11845275E+005  0.11839226E+005
   381.8296  0.74735216E+004  0.73624771E+004  0.45565010E+003  0.43709769E+003  0.43967469E+003  0.68859984E+004  0.67506540E+004  0.13801461E+005  0.13794418E+005
   382.0802  0.85797688E+004  0.84523058E+004  0.46659313E+003  0.44836471E+003  0.45165944E+003  0.79570763E+004  0.78006793E+004  0.15948967E+005  0.15940839E+005
   382.3308  0.97045538E+004  0.95603971E+004  0.47793425E+003  0.46002303E+003  0.46404575E+003  0.90450413E+004  0.88672600E+004  0.18131201E+005  0.18121982E+005
   382.5815  0.10707961E+005  0.10548912E+005  0.48969271E+003  0.47197438E+003  0.47663601E+003  0.10012734E+005  0.98159326E+004  0.20073551E+005  0.20063379E+005
   382.8321  0.11407334E+005  0.11237904E+005  0.50188891E+003  0.48408628E+003  0.48916830E+003  0.10681551E+005  0.10471604E+005  0.21417972E+005  0.21407166E+005
   383.0827  0.11640506E+005  0.11467613E+005  0.51454454E+003  0.49624492E+003  0.50141423E+003  0.10893548E+005  0.10679435E+005  0.21847206E+005  0.21836238E+005
   383.3333  0.11348796E+005  0.11180227E+005  0.52768292E+003  0.50842427E+003  0.51330673E+003  0.10592423E+005  0.10384229E+005  0.21247279E+005  0.21236665E+005
   383.5840  0.10612145E+005  0.10454503E+005  0.54132910E+003  0.52071505E+003  0.52499344E+003  0.98572376E+004  0.96634939E+004  0.19775754E+005  0.19765917E+005
   383.8346  0.96019095E+004  0.94592533E+004  0.55550991E+003  0.53328515E+003  0.53676356E+003  0.88557487E+004  0.86816899E+004  0.17768682E+005  0.17759870E+005
   384.0852  0.84969699E+004  0.83707044E+004  0.57025396E+003  0.54631000E+003  0.54891879E+003  0.77624596E+004  0.76098900E+004  0.15576252E+005  0.15568543E+005
   384.3358  0.74276429E+004  0.73172393E+004  0.58559163E+003  0.55992628E+003  0.56168752E+003  0.67041807E+004  0.65724120E+004  0.13453257E+005  0.13446604E+005
   384.5865  0.64646266E+004  0.63685070E+004  0.60155527E+003  0.57422299E+003  0.57520835E+003  0.57495245E+004  0.56365201E+004  0.11537726E+005  0.11532021E+005
   384.8371  0.56333933E+004  0.55496022E+004  0.61817933E+003  0.58925368E+003  0.58955251E+003  0.49230693E+004  0.48263092E+004  0.98792269E+004  0.98743409E+004
   385.0877  0.49330742E+004  0.48596688E+004  0.63550061E+003  0.60505235E+003  0.60475308E+003  0.42237906E+004  0.41407752E+004  0.84758491E+004  0.84716543E+004
   385.3383  0.43505995E+004  0.42858309E+004  0.65355849E+003  0.62164534E+003  0.62082688E+003  0.36388279E+004  0.35673102E+004  0.73018567E+004  0.72982396E+004
   385.5890  0.38689983E+004  0.38113696E+004  0.67239515E+003  0.63905845E+003  0.63778744E+003  0.31515528E+004  0.30896127E+004  0.63239118E+004  0.63207757E+004
   385.8396  0.34715113E+004  0.34197740E+004  0.69205584E+003  0.65732055E+003  0.65565153E+003  0.27455608E+004  0.26916007E+004  0.55091050E+004  0.55063698E+004
   386.0902  0.31432772E+004  0.30964035E+004  0.71258912E+003  0.67646524E+003  0.67444194E+003  0.24063064E+004  0.23590145E+004  0.48282473E+004  0.48258471E+004
   386.3409  0.28717930E+004  0.28289406E+004  0.73404721E+003  0.69653151E+003  0.69418853E+003  0.21215447E+004  0.20798501E+004  0.42567637E+004  0.42546448E+004
   386.5915  0.26468238E+004  0.26073021E+004  0.75648626E+003  0.71756400E+003  0.71492835E+003  0.18812416E+004  0.18442703E+004  0.37745134E+004  0.37726320E+004
   386.8421  0.24601087E+004  0.24233497E+004  0.77996676E+003  0.73961304E+003  0.73670555E+003  0.16772844E+004  0.16443221E+004  0.33652131E+004  0.33635333E+004
   387.0927  0.23050243E+004  0.22705584E+004  0.80455392E+003  0.76273481E+003  0.75957123E+003  0.15031536E+004  0.14736140E+004  0.30157759E+004  0.30142683E+004
   387.3434  0.21762715E+004  0.21437076E+004  0.83031810E+003  0.78699145E+003  0.78358338E+003  0.13536161E+004  0.13270159E+004  0.27156980E+004  0.27143382E+004
   387.5940  0.20696095E+004  0.20386193E+004  0.85733536E+003  0.81245136E+003  0.80880695E+003  0.12244656E+004  0.12004040E+004  0.24565361E+004  0.24553041E+004
   387.8446  0.19816384E+004  0.19519442E+004  0.88568796E+003  0.83918950E+003  0.83531401E+003  0.11123100E+004  0.10904529E+004  0.22314815E+004  0.22303604E+004
   388.0952  0.19096260E+004  0.18809905E+004  0.91546500E+003  0.86728788E+003  0.86318410E+003  0.10144018E+004  0.99446928E+003  0.20350200E+004  0.20339956E+004
   388.3459  0.18513716E+004  0.18235902E+004  0.94676310E+003  0.89683604E+003  0.89250463E+003  0.92850515E+003  0.91026113E+003  0.18626635E+004  0.18617240E+004
   388.5965  0.18050996E+004  0.17779939E+004  0.97968719E+003  0.92793173E+003  0.92337147E+003  0.85279062E+003  0.83603495E+003  0.17107402E+004  0.17098756E+004
   388.8471  0.17693755E+004  0.17427884E+004  0.10143514E+004  0.96068165E+003  0.95588962E+003  0.78575335E+003  0.77031549E+003  0.15762300E+004  0.15754315E+004
   389.0977  0.17430416E+004  0.17168332E+004  0.10508799E+004  0.99520231E+003  0.99017406E+003  0.72614873E+003  0.71188259E+003  0.14566348E+004  0.14558950E+004
   389.3484  0.17251659E+004  0.16992101E+004  0.10894081E+004  0.10316210E+004  0.10263506E+004  0.67294191E+003  0.65972176E+003  0.13498777E+004  0.13491904E+004
   389.5990  0.17150024E+004  0.16891840E+004  0.11300841E+004  0.10700771E+004  0.10645572E+004  0.62526791E+003  0.61298500E+003  0.12542227E+004  0.12535823E+004
   389.8496  0.17119602E+004  0.16861728E+004  0.11730696E+004  0.11107231E+004  0.11049449E+004  0.58240007E+003  0.57095995E+003  0.11682117E+004  0.11676134E+004
   390.1003  0.17155789E+004  0.16897228E+004  0.12185419E+004  0.11537261E+004  0.11476796E+004  0.54372493E+003  0.53304520E+003  0.10906133E+004  0.10900529E+004
   390.3509  0.17255102E+004  0.16994908E+004  0.12666954E+004  0.11992697E+004  0.11929434E+004  0.50872213E+003  0.49873063E+003  0.10203834E+004  0.10198572E+004
   390.6015  0.17415028E+004  0.17152294E+004  0.13177438E+004  0.12475560E+004  0.12409369E+004  0.47694830E+003  0.46758157E+003  0.95663219E+003  0.95613694E+003
   390.8521  0.17633918E+004  0.17367757E+004  0.13719226E+004  0.12988073E+004  0.12918809E+004  0.44802399E+003  0.43922604E+003  0.89859819E+003  0.89813102E+003
   391.1028  0.17910897E+004  0.17640436E+004  0.14294912E+004  0.13532691E+004  0.13460193E+004  0.42162312E+003  0.41334436E+003  0.84562704E+003  0.84518540E+003
   391.3534  0.18245810E+004  0.17970178E+004  0.14907367E+004  0.14112125E+004  0.14036215E+004  0.39746436E+003  0.38966075E+003  0.79715417E+003  0.79673578E+003
   391.6040  0.18639181E+004  0.18357497E+004  0.15559766E+004  0.14729380E+004  0.14649862E+004  0.37530405E+003  0.36793632E+003  0.75269062E+003  0.75229343E+003
   391.8546  0.19092192E+004  0.18803557E+004  0.16255634E+004  0.15387791E+004  0.15304447E+004  0.35493038E+003  0.34796343E+003  0.71181134E+003  0.71143352E+003
   392.1053  0.19606675E+004  0.19310161E+004  0.16998891E+004  0.16091064E+004  0.16003657E+004  0.33615859E+003  0.32956097E+003  0.67414556E+003  0.67378545E+003
   392.3559  0.20185126E+004  0.19879767E+004  0.17793903E+004  0.16843333E+004  0.16751598E+004  0.31882699E+003  0.31257041E+003  0.63936880E+003  0.63902489E+003
   392.6065  0.20830729E+004  0.20515510E+004  0.18645548E+004  0.17649210E+004  0.17552859E+004  0.30279361E+003  0.29685259E+003  0.60719615E+003  0.60686706E+003
   392.8571  0.21547396E+004  0.21221241E+004  0.19559287E+004  0.18513865E+004  0.18412576E+004  0.28793343E+003  0.28228493E+003  0.57737670E+003  0.57706118E+003
   393.1078  0.22339821E+004  0.22001584E+004  0.20541247E+004  0.19443095E+004  0.19336517E+004  0.27413602E+003  0.26875918E+003  0.54968882E+003  0.54938572E+003
   393.3584  0.23213560E+004  0.22862010E+004  0.21598326E+004  0.20443426E+004  0.20331168E+004  0.26130358E+003  0.25617948E+003  0.52393622E+003  0.52364447E+003
   393.6090  0.24175122E+004  0.23808928E+004  0.22738302E+004  0.21522221E+004  0.21403851E+004  0.24934926E+003  0.24446067E+003  0.49994456E+003  0.49966317E+003
   393.8596  0.25232083E+004  0.24849800E+004  0.23969978E+004  0.22687809E+004  0.22562849E+004  0.23819575E+003  0.23352698E+003  0.47755864E+003  0.47728668E+003
   394.1103  0.26393234E+004  0.25993283E+004  0.25303340E+004  0.23949641E+004  0.23817559E+004  0.22777404E+003  0.22331076E+003  0.45663992E+003  0.45637653E+003
   394.3609  0.27668751E+004  0.27249397E+004  0.26749757E+004  0.25318475E+004  0.25178679E+004  0.21802242E+003  0.21375151E+003  0.43706448E+003  0.43680883E+003
   394.6115  0.29070409E+004  0.28629738E+004  0.28322206E+004  0.26806594E+004  0.26658421E+004  0.20888559E+003  0.20479502E+003  0.41872122E+003  0.41847250E+003
   394.8622  0.30611835E+004  0.30147727E+004  0.30035554E+004  0.28428068E+004  0.28270778E+004  0.20031385E+003  0.19639258E+003  0.40151030E+003  0.40126778E+003
   395.1128  0.32308823E+004  0.31818919E+004  0.31906892E+004  0.30199071E+004  0.30031832E+004  0.19226250E+003  0.18850039E+003  0.38534189E+003  0.38510482E+003
   395.3634  0.34179709E+004  0.33661369E+004  0.33955937E+004  0.32138264E+004  0.31960141E+004  0.18469124E+003  0.18107894E+003  0.37013496E+003  0.36990261E+003
   395.6140  0.36245834E+004  0.35696095E+004  0.36205524E+004  0.34267257E+004  0.34077193E+004  0.17756371E+003  0.17409259E+003  0.35581632E+003  0.35558796E+003
   395.8647  0.38532106E+004  0.37947626E+004  0.38682201E+004  0.36611176E+004  0.36407974E+004  0.17084703E+003  0.16750911E+003  0.34231975E+003  0.34209466E+003
   396.1153  0.41067694E+004  0.40444689E+004  0.41416965E+004  0.39199356E+004  0.38981655E+004  0.16451144E+003  0.16129937E+003  0.32958527E+003  0.32936271E+003
   396.3659  0.43886880E+004  0.43221045E+004  0.44446158E+004  0.42066193E+004  0.41832439E+004  0.15853000E+003  0.15543696E+003  0.31755849E+003  0.31733770E+003
   396.6165  0.47030119E+004  0.46316535E+004  0.47812588E+004  0.45252200E+004  0.45000614E+004  0.15287830E+003  0.14989797E+003  0.30619005E+003  0.30597023E+003
   396.8672  0.50545354E+004  0.49778373E+004  0.51566910E+004  0.48805319E+004  0.48533853E+004  0.14753425E+003  0.14466077E+003  0.29543513E+003  0.29521543E+003
   397.1178  0.54489659E+004  0.53662767E+004  0.55769363E+004  0.52782560E+004  0.52488846E+004  0.14247784E+003  0.13970577E+003  0.28525303E+003  0.28503255E+003
   397.3684  0.58931307E+004  0.58036953E+004  0.60491939E+004  0.57252058E+004  0.56933351E+004  0.13769100E+003  0.13501530E+003  0.27560684E+003  0.27538457E+003
   397.6190  0.63952377E+004  0.62981763E+004  0.65821132E+004  0.62295672E+004  0.61948767E+004  0.13315747E+003  0.13057345E+003  0.26646311E+003  0.26623796E+003
   397.8697  0.69652056E+004  0.68594878E+004  0.71861407E+004  0.68012269E+004  0.67633411E+004  0.12886267E+003  0.12636598E+003  0.25779163E+003  0.25756237E+003
   398.1203  0.76150839E+004  0.74994964E+004  0.78739622E+004  0.74521912E+004  0.74106673E+004  0.12479366E+003  0.12238026E+003  0.24956522E+003  0.24933046E+003
   398.3709  0.83595889E+004  0.82326948E+004  0.86610663E+004  0.81971186E+004  0.81514320E+004  0.12093905E+003  0.11860522E+003  0.24175963E+003  0.24151777E+003
   398.6216  0.92167874E+004  0.90768757E+004  0.95664634E+004  0.90540010E+004  0.90035266E+004  0.11728906E+003  0.11503134E+003  0.23435340E+003  0.23410259E+003
   398.8722  0.10208970E+005  0.10053991E+005  0.10613604E+005  0.10045032E+005  0.99890213E+004  0.11383549E+003  0.11165070E+003  0.22732791E+003  0.22706598E+003
   399.1228  0.11363760E+005  0.11191244E+005  0.11831544E+005  0.11197712E+005  0.11135262E+005  0.11057184E+003  0.10845708E+003  0.22066740E+003  0.22039178E+003
   399.3734  0.12715505E+005  0.12522462E+005  0.13256412E+005  0.12546232E+005  0.12476249E+005  0.10749343E+003  0.10544606E+003  0.21435911E+003  0.21406672E+003
   399.6241  0.14307000E+005  0.14089790E+005  0.14933215E+005  0.14133188E+005  0.14054341E+005  0.10459760E+003  0.10261524E+003  0.20839347E+003  0.20808064E+003
   399.8747  0.16191526E+005  0.15945699E+005  0.16917984E+005  0.16011610E+005  0.15922272E+005  0.10188396E+003  0.99964522E+002  0.20276443E+003  0.20242669E+003
   400.1253  0.18435099E+005  0.18155203E+005  0.19280145E+005  0.18247203E+005  0.18145379E+005  0.99354656E+002  0.97496333E+002  0.19746982E+003  0.19710171E+003
   400.3759  0.21118568E+005  0.20797924E+005  0.22104715E+005  0.20920429E+005  0.20803675E+005  0.97014650E+002  0.95215957E+002  0.19251161E+003  0.19210652E+003
   400.6266  0.24338640E+005  0.23969098E+005  0.25493387E+005  0.24127532E+005  0.23992867E+005  0.94871835E+002  0.93131620E+002  0.18789613E+003  0.18744600E+003
   400.8772  0.28205853E+005  0.27777588E+005  0.29562396E+005  0.27978520E+005  0.27822349E+005  0.92936679E+002  0.91254144E+002  0.18363346E+003  0.18312861E+003
   401.1278  0.32835517E+005  0.32336951E+005  0.34432997E+005  0.32588149E+005  0.32406236E+005  0.91220806E+002  0.89595512E+002  0.17973558E+003  0.17916463E+003
   401.3784  0.38324413E+005  0.37742499E+005  0.40206954E+005  0.38052733E+005  0.37840304E+005  0.89733415E+002  0.88165233E+002  0.17621141E+003  0.17556154E+003
   401.6291  0.44702095E+005  0.44023337E+005  0.46915353E+005  0.44401691E+005  0.44153806E+005  0.88473837E+002  0.86962800E+002  0.17305668E+003  0.17231466E+003
   401.8797  0.51844716E+005  0.51057498E+005  0.54427974E+005  0.51511780E+005  0.51224190E+005  0.87418381E+002  0.85964361E+002  0.17023607E+003  0.16939050E+003
   402.1303  0.59352429E+005  0.58451208E+005  0.62324392E+005  0.58985103E+005  0.58655779E+005  0.86501644E+002  0.85103767E+002  0.16765778E+003  0.16670317E+003
   402.3810  0.66437466E+005  0.65428660E+005  0.69776289E+005  0.66037723E+005  0.65669015E+005  0.85599448E+002  0.84255282E+002  0.16515028E+003  0.16409282E+003
   402.6316  0.71948608E+005  0.70856117E+005  0.75573190E+005  0.71524021E+005  0.71124676E+005  0.84532542E+002  0.83237333E+002  0.16246741E+003  0.16133030E+003
   402.8822  0.74681645E+005  0.73547653E+005  0.78448895E+005  0.74245643E+005  0.73831099E+005  0.83113850E+002  0.81860410E+002  0.15935251E+003  0.15817677E+003
   403.1328  0.73931209E+005  0.72808611E+005  0.77661731E+005  0.73500654E+005  0.73090269E+005  0.81232481E+002  0.80012217E+002  0.15565260E+003  0.15448971E+003
   403.3835  0.69897725E+005  0.68836373E+005  0.73422441E+005  0.69488506E+005  0.69100524E+005  0.78915666E+002  0.77720470E+002  0.15140256E+003  0.15030103E+003
   403.6341  0.63566142E+005  0.62600933E+005  0.66766685E+005  0.63189367E+005  0.62836559E+005  0.76310284E+002  0.75134159E+002  0.14680003E+003  0.14579378E+003
   403.8847  0.56176924E+005  0.55323918E+005  0.58998785E+005  0.55837674E+005  0.55525917E+005  0.73602299E+002  0.72441893E+002  0.14209585E+003  0.14120049E+003
   404.1353  0.48747225E+005  0.48007036E+005  0.51188259E+005  0.48445638E+005  0.48175158E+005  0.70943845E+002  0.69797979E+002  0.13749502E+003  0.13671108E+003
   404.3860  0.41892925E+005  0.41256816E+005  0.43982696E+005  0.41626152E+005  0.41393752E+005  0.68426117E+002  0.67294945E+002  0.13311980E+003  0.13243872E+003
   404.6366  0.35881581E+005  0.35336752E+005  0.37663429E+005  0.35645473E+005  0.35446469E+005  0.66087421E+002  0.64971705E+002  0.12902069E+003  0.12842995E+003
   404.8872  0.30759300E+005  0.30292251E+005  0.32278941E+005  0.30549487E+005  0.30378938E+005  0.63932486E+002  0.62833125E+002  0.12520262E+003  0.12468903E+003
   405.1378  0.26460130E+005  0.26058362E+005  0.27759886E+005  0.26272565E+005  0.26125897E+005  0.61949103E+002  0.60866905E+002  0.12164761E+003  0.12119893E+003
   405.3885  0.22875316E+005  0.22527982E+005  0.23991914E+005  0.22706481E+005  0.22579727E+005  0.60118667E+002  0.59054253E+002  0.11832905E+003  0.11793467E+003
   405.6391  0.19889740E+005  0.19587741E+005  0.20853982E+005  0.19736680E+005  0.19626509E+005  0.58421719E+002  0.57375506E+002  0.11521924E+003  0.11487025E+003
   405.8897  0.17398098E+005  0.17133933E+005  0.18235367E+005  0.17258371E+005  0.17162038E+005  0.56840393E+002  0.55812617E+002  0.11229270E+003  0.11198177E+003
   406.1404  0.15310337E+005  0.15077874E+005  0.16041384E+005  0.15181942E+005  0.15097202E+005  0.55359248E+002  0.54349989E+002  0.10952735E+003  0.10924845E+003
   406.3910  0.13552056E+005  0.13346292E+005  0.14193802E+005  0.13433353E+005  0.13358377E+005  0.53965315E+002  0.52974532E+002  0.10690449E+003  0.10665271E+003
   406.6416  0.12062864E+005  0.11879712E+005  0.12629122E+005  0.11952509E+005  0.11885802E+005  0.52647845E+002  0.51675401E+002  0.10440850E+003  0.10417984E+003
   406.8922  0.10794147E+005  0.10630260E+005  0.11296231E+005  0.10691034E+005  0.10631370E+005  0.51397963E+002  0.50443648E+002  0.10202637E+003  0.10181753E+003
   407.1429  0.97068840E+004  0.95595064E+004  0.10154100E+005  0.96100983E+004  0.95564697E+004  0.50208329E+002  0.49271880E+002  0.99747229E+002  0.99555478E+002
   407.3935  0.87697338E+004  0.86365862E+004  0.91697751E+004  0.86785136E+004  0.86300863E+004  0.49072843E+002  0.48153959E+002  0.97561919E+002  0.97385014E+002
   407.6441  0.79574564E+004  0.78366427E+004  0.83167193E+004  0.78711642E+004  0.78272446E+004  0.47986404E+002  0.47084753E+002  0.95462692E+002  0.95298756E+002
   407.8947  0.72496450E+004  0.71395788E+004  0.75734762E+004  0.71677438E+004  0.71277514E+004  0.46944705E+002  0.46059938E+002  0.93442923E+002  0.93290381E+002
   408.1454  0.66297222E+004  0.65290691E+004  0.69226162E+004  0.65517566E+004  0.65152033E+004  0.45944084E+002  0.45075841E+002  0.91496897E+002  0.91354422E+002
   408.3960  0.60841520E+004  0.59917829E+004  0.63499078E+004  0.60097335E+004  0.59762063E+004  0.44981397E+002  0.44129309E+002  0.89619640E+002  0.89486107E+002
   408.6466  0.56018224E+004  0.55167771E+004  0.58436679E+004  0.55306177E+004  0.54997653E+004  0.44053922E+002  0.43217618E+002  0.87806787E+002  0.87681233E+002
   408.8972  0.51735620E+004  0.50950193E+004  0.53942541E+004  0.51052831E+004  0.50768052E+004  0.43159281E+002  0.42338389E+002  0.86054469E+002  0.85936071E+002
   409.1479  0.47917597E+004  0.47190143E+004  0.49936646E+004  0.47261569E+004  0.46997955E+004  0.42295380E+002  0.41489533E+002  0.84359238E+002  0.84247285E+002
   409.3985  0.44500667E+004  0.43825095E+004  0.46352246E+004  0.43869218E+004  0.43624541E+004  0.41460361E+002  0.40669194E+002  0.82717992E+002  0.82611869E+002
   409.6491  0.41431589E+004  0.40802618E+004  0.43133369E+004  0.40822805E+004  0.40595134E+004  0.40652565E+002  0.39875720E+002  0.81127926E+002  0.81027096E+002
   409.8997  0.38665500E+004  0.38078529E+004  0.40232851E+004  0.38077694E+004  0.37865347E+004  0.39870499E+002  0.39107623E+002  0.79586486E+002  0.79490480E+002
   410.1504  0.36164412E+004  0.35615416E+004  0.37610757E+004  0.35596088E+004  0.35397593E+004  0.39112810E+002  0.38363559E+002  0.78091336E+002  0.77999740E+002
   410.4010  0.33896008E+004  0.33381454E+004  0.35233113E+004  0.33345835E+004  0.33159901E+004  0.38378268E+002  0.37642305E+002  0.76640325E+002  0.76552778E+002
   410.6516  0.31832676E+004  0.31349451E+004  0.33070896E+004  0.31299466E+004  0.31124954E+004  0.37665749E+002  0.36942745E+002  0.75231468E+002  0.75147647E+002
   410.9023  0.29950724E+004  0.29496073E+004  0.31099198E+004  0.29433410E+004  0.29269313E+004  0.36974217E+002  0.36263852E+002  0.73862924E+002  0.73782542E+002
   411.1529  0.28229737E+004  0.27801217E+004  0.29296564E+004  0.27727358E+004  0.27572783E+004  0.36302719E+002  0.35604679E+002  0.72532978E+002  0.72455781E+002
   411.4035  0.26652062E+004  0.26247496E+004  0.27644435E+004  0.26163747E+004  0.26017899E+004  0.35650368E+002  0.34964352E+002  0.71240030E+002  0.71165788E+002
   411.6541  0.25202369E+004  0.24819814E+004  0.26126701E+004  0.24727331E+004  0.24589499E+004  0.35016344E+002  0.34342055E+002  0.69982582E+002  0.69911090E+002
   411.9048  0.23867305E+004  0.23505020E+004  0.24729326E+004  0.23404825E+004  0.23274374E+004  0.34399879E+002  0.33737030E+002  0.68759225E+002  0.68690298E+002
   412.1554  0.22635195E+004  0.22291618E+004  0.23440042E+004  0.22184618E+004  0.22060977E+004  0.33800255E+002  0.33148568E+002  0.67568637E+002  0.67502106E+002
   412.4060  0.21495801E+004  0.21169523E+004  0.22248087E+004  0.21056525E+004  0.20939179E+004  0.33216800E+002  0.32576003E+002  0.66409567E+002  0.66345282E+002
   412.6566  0.20440114E+004  0.20129864E+004  0.21143994E+004  0.20011587E+004  0.19900072E+004  0.32648881E+002  0.32018712E+002  0.65280837E+002  0.65218659E+002
   412.9073  0.19460184E+004  0.19164813E+004  0.20119409E+004  0.19041898E+004  0.18935794E+004  0.32095902E+002  0.31476106E+002  0.64181329E+002  0.64121133E+002
   413.1579  0.18548976E+004  0.18267439E+004  0.19166941E+004  0.18140461E+004  0.18039387E+004  0.31557302E+002  0.30947631E+002  0.63109985E+002  0.63051656E+002
   413.4085  0.17700248E+004  0.17431597E+004  0.18280030E+004  0.17301069E+004  0.17204678E+004  0.31032548E+002  0.30432761E+002  0.62065800E+002  0.62009233E+002
   413.6591  0.16908443E+004  0.16651814E+004  0.17452839E+004  0.16518197E+004  0.16426174E+004  0.30521138E+002  0.29931002E+002  0.61047819E+002  0.60992918E+002
   413.9098  0.16168608E+004  0.15923211E+004  0.16680162E+004  0.15786919E+004  0.15698976E+004  0.30022594E+002  0.29441882E+002  0.60055134E+002  0.60001809E+002
   414.1604  0.15476312E+004  0.15241425E+004  0.15957345E+004  0.15102829E+004  0.15018703E+004  0.29536462E+002  0.28964955E+002  0.59086879E+002  0.59035048E+002
   414.4110  0.14827582E+004  0.14602545E+004  0.15280217E+004  0.14461979E+004  0.14381428E+004  0.29062312E+002  0.28499796E+002  0.58142228E+002  0.58091816E+002
   414.6617  0.14218853E+004  0.14003057E+004  0.14645030E+004  0.13860824E+004  0.13783627E+004  0.28599733E+002  0.28046001E+002  0.57220392E+002  0.57171330E+002
   414.9123  0.13646913E+004  0.13439800E+004  0.14048410E+004  0.13296170E+004  0.13222123E+004  0.28148335E+002  0.27603184E+002  0.56320620E+002  0.56272842E+002
   415.1629  0.13108864E+004  0.12909920E+004  0.13487317E+004  0.12765139E+004  0.12694054E+004  0.27707743E+002  0.27170980E+002  0.55442192E+002  0.55395637E+002
   415.4135  0.12602089E+004  0.12410838E+004  0.12958999E+004  0.12265127E+004  0.12196831E+004  0.27277602E+002  0.26749037E+002  0.54584418E+002  0.54539031E+002
   415.6642  0.12124215E+004  0.11940219E+004  0.12460966E+004  0.11793778E+004  0.11728111E+004  0.26857571E+002  0.26337020E+002  0.53746640E+002  0.53702368E+002
   415.9148  0.11673090E+004  0.11495943E+004  0.11990959E+004  0.11348953E+004  0.11285767E+004  0.26447326E+002  0.25934609E+002  0.52928225E+002  0.52885019E+002
   416.1654  0.11246759E+004  0.11076084E+004  0.11546923E+004  0.10928708E+004  0.10867866E+004  0.26046554E+002  0.25541498E+002  0.52128568E+002  0.52086383E+002
   416.4160  0.10843440E+004  0.10678888E+004  0.11126990E+004  0.10531274E+004  0.10472648E+004  0.25654957E+002  0.25157394E+002  0.51347088E+002  0.51305881E+002
   416.6667  0.10461509E+004  0.10302755E+004  0.10729453E+004  0.10155037E+004  0.10098509E+004  0.25272249E+002  0.24782014E+002  0.50583227E+002  0.50542958E+002
   416.9173  0.10099482E+004  0.99462238E+003  0.10352754E+004  0.97985212E+003  0.97439813E+003  0.24898155E+002  0.24415090E+002  0.49836450E+002  0.49797081E+002
   417.1679  0.97559997E+003  0.96079563E+003  0.99954692E+003  0.94603792E+003  0.94077248E+003  0.24532413E+002  0.24056363E+002  0.49106242E+002  0.49067738E+002
   417.4185  0.94298190E+003  0.92867273E+003  0.96562915E+003  0.91393744E+003  0.90885100E+003  0.24174771E+002  0.23705584E+002  0.48392109E+002  0.48354436E+002
   417.6692  0.91197974E+003  0.89814120E+003  0.93340227E+003  0.88343727E+003  0.87852089E+003  0.23824984E+002  0.23362516E+002  0.47693575E+002  0.47656702E+002
   417.9198  0.88248853E+003  0.86909768E+003  0.90275617E+003  0.85443318E+003  0.84967851E+003  0.23482820E+002  0.23026928E+002  0.47010182E+002  0.46974080E+002
   418.1704  0.85441168E+003  0.84144704E+003  0.87358949E+003  0.82682926E+003  0.82222849E+003  0.23148056E+002  0.22698600E+002  0.46341491E+002  0.46306131E+002
   418.4211  0.82766017E+003  0.81510163E+003  0.84580886E+003  0.80053714E+003  0.79608294E+003  0.22820474E+002  0.22377321E+002  0.45687076E+002  0.45652432E+002
   418.6717  0.80215188E+003  0.78998055E+003  0.81932813E+003  0.77547528E+003  0.77116080E+003  0.22499867E+002  0.22062886E+002  0.45046531E+002  0.45012577E+002
   418.9223  0.77781092E+003  0.76600909E+003  0.79406773E+003  0.75156836E+003  0.74738715E+003  0.22186035E+002  0.21755100E+002  0.44419460E+002  0.44386174E+002
   419.1729  0.75456711E+003  0.74311812E+003  0.76995404E+003  0.72874673E+003  0.72469273E+003  0.21878787E+002  0.21453772E+002  0.43805485E+002  0.43772843E+002
   419.4236  0.73235545E+003  0.72124363E+003  0.74691891E+003  0.70694588E+003  0.70301340E+003  0.21577935E+002  0.21158721E+002  0.43204240E+002  0.43172221E+002
   419.6742  0.71111569E+003  0.70032627E+003  0.72489916E+003  0.68610602E+003  0.68228969E+003  0.21283302E+002  0.20869770E+002  0.42615372E+002  0.42583955E+002
   419.9248  0.69079188E+003  0.68031097E+003  0.70383615E+003  0.66617165E+003  0.66246642E+003  0.20994714E+002  0.20586752E+002  0.42038540E+002  0.42007706E+002
   420.1754  0.67133206E+003  0.66114653E+003  0.68367542E+003  0.64709121E+003  0.64349232E+003  0.20712006E+002  0.20309501E+002  0.41473416E+002  0.41443147E+002
   420.4261  0.65268788E+003  0.64278536E+003  0.66436629E+003  0.62881677E+003  0.62531972E+003  0.20435016E+002  0.20037861E+002  0.40919682E+002  0.40889961E+002
   420.6767  0.63481435E+003  0.62518313E+003  0.64586160E+003  0.61130366E+003  0.60790421E+003  0.20163590E+002  0.19771679E+002  0.40377033E+002  0.40347841E+002
   420.9273  0.61766950E+003  0.60829853E+003  0.62811740E+003  0.59451031E+003  0.59120444E+003  0.19897579E+002  0.19510809E+002  0.39845171E+002  0.39816494E+002
   421.1779  0.60121421E+003  0.59209300E+003  0.61109268E+003  0.57839790E+003  0.57518181E+003  0.19636837E+002  0.19255108E+002  0.39323811E+002  0.39295633E+002
   421.4286  0.58541192E+003  0.57653058E+003  0.59474916E+003  0.56293021E+003  0.55980030E+003  0.19381225E+002  0.19004440E+002  0.38812677E+002  0.38784983E+002
   421.6792  0.57022849E+003  0.56157761E+003  0.57905107E+003  0.54807337E+003  0.54502623E+003  0.19130608E+002  0.18758671E+002  0.38311500E+002  0.38284277E+002
   421.9298  0.55563196E+003  0.54720263E+003  0.56396494E+003  0.53379572E+003  0.53082813E+003  0.18884855E+002  0.18517674E+002  0.37820023E+002  0.37793256E+002
   422.1805  0.54159241E+003  0.53337618E+003  0.54945946E+003  0.52006760E+003  0.51717649E+003  0.18643841E+002  0.18281325E+002  0.37337995E+002  0.37311672E+002
   422.4311  0.52808181E+003  0.52007065E+003  0.53550526E+003  0.50686125E+003  0.50404370E+003  0.18407442E+002  0.18049505E+002  0.36865173E+002  0.36839283E+002
   422.6817  0.51507387E+003  0.50726013E+003  0.52207482E+003  0.49415060E+003  0.49140386E+003  0.18175542E+002  0.17822096E+002  0.36401325E+002  0.36375854E+002
   422.9323  0.50254389E+003  0.49492034E+003  0.50914231E+003  0.48191121E+003  0.47923265E+003  0.17948026E+002  0.17598988E+002  0.35946223E+002  0.35921161E+002
   423.1830  0.49046871E+003  0.48302843E+003  0.49668347E+003  0.47012013E+003  0.46750724E+003  0.17724783E+002  0.17380071E+002  0.35499647E+002  0.35474983E+002
   423.4336  0.47882652E+003  0.47156294E+003  0.48467549E+003  0.45875575E+003  0.45620616E+003  0.17505706E+002  0.17165241E+002  0.35061385E+002  0.35037108E+002
   423.6842  0.46759682E+003  0.46050368E+003  0.47309692E+003  0.44779780E+003  0.44530923E+003  0.17290692E+002  0.16954395E+002  0.34631231E+002  0.34607331E+002
   423.9348  0.45676031E+003  0.44983163E+003  0.46192757E+003  0.43722714E+003  0.43479744E+003  0.17079640E+002  0.16747435E+002  0.34208985E+002  0.34185453E+002
   424.1855  0.44629880E+003  0.43952890E+003  0.45114841E+003  0.42702578E+003  0.42465289E+003  0.16872452E+002  0.16544266E+002  0.33794454E+002  0.33771280E+002
   424.4361  0.43619513E+003  0.42957858E+003  0.44074152E+003  0.41717676E+003  0.41485871E+003  0.16669034E+002  0.16344795E+002  0.33387449E+002  0.33364625E+002
   424.6867  0.42643314E+003  0.41996474E+003  0.43068997E+003  0.40766405E+003  0.40539897E+003  0.16469296E+002  0.16148932E+002  0.32987790E+002  0.32965306E+002
   424.9373  0.41699755E+003  0.41067235E+003  0.42097780E+003  0.39847255E+003  0.39625865E+003  0.16273147E+002  0.15956590E+002  0.32595300E+002  0.32573148E+002
   425.1880  0.40787393E+003  0.40168719E+003  0.41158994E+003  0.38958798E+003  0.38742354E+003  0.16080502E+002  0.15767685E+002  0.32209807E+002  0.32187980E+002
   425.4386  0.39904864E+003  0.39299584E+003  0.40251211E+003  0.38099685E+003  0.37888025E+003  0.15891279E+002  0.15582135E+002  0.31831147E+002  0.31809636E+002
   425.6892  0.39050877E+003  0.38458558E+003  0.39373085E+003  0.37268642E+003  0.37061608E+003  0.15705395E+002  0.15399861E+002  0.31459157E+002  0.31437955E+002
   425.9398  0.38224212E+003  0.37644438E+003  0.38523340E+003  0.36464459E+003  0.36261901E+003  0.15522772E+002  0.15220785E+002  0.31093682E+002  0.31072782E+002
   426.1905  0.37423713E+003  0.36856087E+003  0.37700766E+003  0.35685994E+003  0.35487770E+003  0.15343335E+002  0.15044833E+002  0.30734569E+002  0.30713964E+002
   426.4411  0.36648283E+003  0.36092425E+003  0.36904221E+003  0.34932164E+003  0.34738135E+003  0.15167008E+002  0.14871932E+002  0.30381673E+002  0.30361355E+002
   426.6917  0.35896883E+003  0.35352428E+003  0.36132619E+003  0.34201941E+003  0.34011977E+003  0.14993721E+002  0.14702013E+002  0.30034848E+002  0.30014813E+002
   426.9424  0.35168528E+003  0.34635126E+003  0.35384931E+003  0.33494353E+003  0.33308327E+003  0.14823404E+002  0.14535005E+002  0.29693958E+002  0.29674197E+002
   427.1930  0.34462282E+003  0.33939597E+003  0.34660180E+003  0.32808474E+003  0.32626265E+003  0.14655988E+002  0.14370843E+002  0.29358865E+002  0.29339374E+002
   427.4436  0.33777257E+003  0.33264967E+003  0.33957439E+003  0.32143427E+003  0.31964919E+003  0.14491408E+002  0.14209463E+002  0.29029441E+002  0.29010213E+002
   427.6942  0.33112608E+003  0.32610404E+003  0.33275827E+003  0.31498378E+003  0.31323460E+003  0.14329601E+002  0.14050801E+002  0.28705556E+002  0.28686586E+002
   427.9449  0.32467532E+003  0.31975118E+003  0.32614507E+003  0.30872535E+003  0.30701099E+003  0.14170503E+002  0.13894797E+002  0.28387088E+002  0.28368370E+002
   428.1955  0.31841267E+003  0.31358356E+003  0.31972681E+003  0.30265144E+003  0.30097087E+003  0.14014055E+002  0.13741391E+002  0.28073916E+002  0.28055444E+002
   428.4461  0.31233085E+003  0.30759403E+003  0.31349593E+003  0.29675488E+003  0.29510711E+003  0.13860198E+002  0.13590527E+002  0.27765922E+002  0.27747691E+002
   428.6967  0.30642295E+003  0.30177578E+003  0.30744520E+003  0.29102883E+003  0.28941293E+003  0.13708874E+002  0.13442147E+002  0.27462993E+002  0.27444999E+002
   428.9474  0.30068238E+003  0.29612232E+003  0.30156777E+003  0.28546681E+003  0.28388184E+003  0.13560029E+002  0.13296197E+002  0.27165019E+002  0.27147256E+002
   429.1980  0.29510287E+003  0.29062746E+003  0.29585707E+003  0.28006261E+003  0.27850771E+003  0.13413608E+002  0.13152625E+002  0.26871891E+002  0.26854355E+002
   429.4486  0.28967841E+003  0.28528531E+003  0.29030688E+003  0.27481033E+003  0.27328464E+003  0.13269558E+002  0.13011378E+002  0.26583505E+002  0.26566191E+002
   429.6992  0.28440331E+003  0.28009025E+003  0.28491124E+003  0.26970433E+003  0.26820704E+003  0.13127829E+002  0.12872407E+002  0.26299759E+002  0.26282662E+002
   429.9499  0.27927210E+003  0.27503691E+003  0.27966447E+003  0.26473925E+003  0.26326957E+003  0.12988372E+002  0.12735664E+002  0.26020553E+002  0.26003670E+002
   430.2005  0.27427960E+003  0.27012015E+003  0.27456116E+003  0.25990995E+003  0.25846713E+003  0.12851136E+002  0.12601099E+002  0.25745792E+002  0.25729117E+002
   430.4511  0.26942082E+003  0.26533510E+003  0.26959612E+003  0.25521153E+003  0.25379484E+003  0.12716076E+002  0.12468668E+002  0.25475380E+002  0.25458911E+002
   430.7018  0.26469102E+003  0.26067706E+003  0.26476440E+003  0.25063932E+003  0.24924805E+003  0.12583146E+002  0.12338326E+002  0.25209228E+002  0.25192959E+002
   430.9524  0.26008567E+003  0.25614158E+003  0.26006130E+003  0.24618884E+003  0.24482232E+003  0.12452300E+002  0.12210028E+002  0.24947244E+002  0.24931173E+002
   431.2030  0.25560041E+003  0.25172438E+003  0.25548228E+003  0.24185582E+003  0.24051338E+003  0.12323496E+002  0.12083731E+002  0.24689344E+002  0.24673466E+002
   431.4536  0.25123110E+003  0.24742136E+003  0.25102302E+003  0.23763616E+003  0.23631719E+003  0.12196690E+002  0.11959395E+002  0.24435441E+002  0.24419753E+002
   431.7043  0.24697376E+003  0.24322861E+003  0.24667939E+003  0.23352595E+003  0.23222983E+003  0.12071843E+002  0.11836979E+002  0.24185454E+002  0.24169952E+002
   431.9549  0.24282459E+003  0.23914239E+003  0.24244743E+003  0.22952145E+003  0.22824759E+003  0.11948913E+002  0.11716443E+002  0.23939303E+002  0.23923983E+002
   432.2055  0.23877994E+003  0.23515910E+003  0.23832334E+003  0.22561907E+003  0.22436690E+003  0.11827861E+002  0.11597750E+002  0.23696909E+002  0.23681769E+002
   432.4561  0.23483632E+003  0.23127531E+003  0.23430350E+003  0.22181537E+003  0.22058434E+003  0.11708650E+002  0.11480860E+002  0.23458197E+002  0.23443232E+002
   432.7068  0.23099038E+003  0.22748772E+003  0.23038442E+003  0.21810706E+003  0.21689663E+003  0.11591242E+002  0.11365739E+002  0.23223091E+002  0.23208298E+002
   432.9574  0.22723892E+003  0.22379317E+003  0.22656277E+003  0.21449098E+003  0.21330064E+003  0.11475600E+002  0.11252351E+002  0.22991519E+002  0.22976896E+002
   433.2080  0.22357885E+003  0.22018863E+003  0.22283536E+003  0.21096410E+003  0.20979336E+003  0.11361690E+002  0.11140660E+002  0.22763412E+002  0.22748955E+002
   433.4586  0.22000723E+003  0.21667119E+003  0.21919909E+003  0.20752352E+003  0.20637190E+003  0.11249477E+002  0.11030634E+002  0.22538699E+002  0.22524406E+002
   433.7093  0.21652121E+003  0.21323805E+003  0.21565105E+003  0.20416645E+003  0.20303348E+003  0.11138927E+002  0.10922238E+002  0.22317314E+002  0.22303182E+002
   433.9599  0.21311808E+003  0.20988655E+003  0.21218839E+003  0.20089022E+003  0.19977545E+003  0.11030008E+002  0.10815441E+002  0.22099192E+002  0.22085217E+002
   434.2105  0.20979523E+003  0.20661410E+003  0.20880839E+003  0.19769226E+003  0.19659525E+003  0.10922688E+002  0.10710212E+002  0.21884267E+002  0.21870448E+002
   434.4612  0.20655013E+003  0.20341823E+003  0.20550846E+003  0.19457010E+003  0.19349043E+003  0.10816934E+002  0.10606520E+002  0.21672480E+002  0.21658812E+002
   434.7118  0.20338039E+003  0.20029657E+003  0.20228609E+003  0.19152136E+003  0.19045863E+003  0.10712718E+002  0.10504335E+002  0.21463767E+002  0.21450249E+002
   434.9624  0.20028367E+003  0.19724682E+003  0.19913886E+003  0.18854378E+003  0.18749758E+003  0.10610009E+002  0.10403628E+002  0.21258070E+002  0.21244700E+002
   435.2130  0.19725774E+003  0.19426679E+003  0.19606446E+003  0.18563515E+003  0.18460510E+003  0.10508779E+002  0.10304371E+002  0.21055332E+002  0.21042106E+002
   435.4637  0.19430047E+003  0.19135438E+003  0.19306067E+003  0.18279337E+003  0.18177910E+003  0.10408998E+002  0.10206536E+002  0.20855495E+002  0.20842411E+002
   435.7143  0.19140978E+003  0.18850753E+003  0.19012533E+003  0.18001642E+003  0.17901756E+003  0.10310640E+002  0.10110095E+002  0.20658504E+002  0.20645560E+002
   435.9649  0.18858369E+003  0.18572430E+003  0.18725639E+003  0.17730234E+003  0.17631855E+003  0.10213677E+002  0.10015023E+002  0.20464306E+002  0.20451500E+002
   436.2155  0.18582028E+003  0.18300280E+003  0.18445186E+003  0.17464925E+003  0.17368019E+003  0.10118083E+002  0.99212926E+001  0.20272848E+002  0.20260177E+002
   436.4662  0.18311771E+003  0.18034122E+003  0.18170982E+003  0.17205534E+003  0.17110068E+003  0.10023833E+002  0.98288801E+001  0.20084079E+002  0.20071541E+002
   436.7168  0.18047420E+003  0.17773781E+003  0.17902845E+003  0.16951889E+003  0.16857829E+003  0.99309010E+001  0.97377602E+001  0.19897948E+002  0.19885540E+002
   436.9674  0.17788805E+003  0.17519087E+003  0.17640595E+003  0.16703819E+003  0.16611137E+003  0.98392628E+001  0.96479089E+001  0.19714406E+002  0.19702127E+002
   437.2180  0.17535760E+003  0.17269880E+003  0.17384063E+003  0.16461165E+003  0.16369828E+003  0.97488945E+001  0.95593029E+001  0.19533405E+002  0.19521253E+002
   437.4687  0.17288126E+003  0.17026001E+003  0.17133083E+003  0.16223769E+003  0.16133750E+003  0.96597726E+001  0.94719190E+001  0.19354900E+002  0.19342872E+002
   437.7193  0.17045750E+003  0.16787301E+003  0.16887496E+003  0.15991483E+003  0.15902752E+003  0.95718743E+001  0.93857350E+001  0.19178843E+002  0.19166939E+002
   437.9699  0.16808485E+003  0.16553634E+003  0.16647150E+003  0.15764160E+003  0.15676689E+003  0.94851773E+001  0.93007289E+001  0.19005191E+002  0.18993407E+002
   438.2206  0.16576187E+003  0.16324858E+003  0.16411896E+003  0.15541661E+003  0.15455424E+003  0.93996598E+001  0.92168793E+001  0.18833900E+002  0.18822235E+002
   438.4712  0.16348719E+003  0.16100839E+003  0.16181591E+003  0.15323852E+003  0.15238822E+003  0.93153003E+001  0.91341652E+001  0.18664926E+002  0.18653378E+002
   438.7218  0.16125947E+003  0.15881446E+003  0.15956098E+003  0.15110601E+003  0.15026754E+003  0.92320781E+001  0.90525663E+001  0.18498229E+002  0.18486797E+002
   438.9724  0.15907745E+003  0.15666551E+003  0.15735284E+003  0.14901784E+003  0.14819094E+003  0.91499728E+001  0.89720626E+001  0.18333768E+002  0.18322449E+002
   439.2231  0.15693986E+003  0.15456034E+003  0.15519020E+003  0.14697278E+003  0.14615722E+003  0.90689645E+001  0.88926344E+001  0.18171503E+002  0.18160295E+002
   439.4737  0.15484553E+003  0.15249775E+003  0.15307183E+003  0.14496968E+003  0.14416521E+003  0.89890336E+001  0.88142628E+001  0.18011394E+002  0.18000296E+002
   439.7243  0.15279328E+003  0.15047662E+003  0.15099652E+003  0.14300739E+003  0.14221379E+003  0.89101611E+001  0.87369290E+001  0.17853404E+002  0.17842415E+002
   439.9749  0.15078201E+003  0.14849584E+003  0.14896312E+003  0.14108482E+003  0.14030187E+003  0.88323284E+001  0.86606147E+001  0.17697496E+002  0.17686613E+002
   440.2256  0.14881063E+003  0.14655434E+003  0.14697050E+003  0.13920091E+003  0.13842839E+003  0.87555173E+001  0.85853021E+001  0.17543632E+002  0.17532855E+002
   440.4762  0.14687810E+003  0.14465110E+003  0.14501758E+003  0.13735465E+003  0.13659235E+003  0.86797099E+001  0.85109737E+001  0.17391778E+002  0.17381104E+002
   440.7268  0.14498341E+003  0.14278513E+003  0.14310333E+003  0.13554504E+003  0.13479276E+003  0.86048888E+001  0.84376124E+001  0.17241899E+002  0.17231327E+002
   440.9774  0.14312557E+003  0.14095545E+003  0.14122672E+003  0.13377114E+003  0.13302867E+003  0.85310369E+001  0.83652014E+001  0.17093960E+002  0.17083489E+002
   441.2281  0.14130365E+003  0.13916114E+003  0.13938677E+003  0.13203201E+003  0.13129917E+003  0.84581376E+001  0.82937244E+001  0.16947928E+002  0.16937556E+002
   441.4787  0.13951673E+003  0.13740130E+003  0.13758254E+003  0.13032676E+003  0.12960335E+003  0.83861745E+001  0.82231654E+001  0.16803770E+002  0.16793495E+002
   441.7293  0.13776392E+003  0.13567506E+003  0.13581311E+003  0.12865453E+003  0.12794037E+003  0.83151316E+001  0.81535087E+001  0.16661454E+002  0.16651276E+002
   441.9799  0.13604438E+003  0.13398157E+003  0.13407759E+003  0.12701448E+003  0.12630938E+003  0.82449932E+001  0.80847390E+001  0.16520950E+002  0.16510867E+002
   442.2306  0.13435726E+003  0.13232001E+003  0.13237512E+003  0.12540580E+003  0.12470959E+003  0.81757442E+001  0.80168412E+001  0.16382226E+002  0.16372236E+002
   442.4812  0.13270176E+003  0.13068960E+003  0.13070487E+003  0.12382771E+003  0.12314022E+003  0.81073694E+001  0.79498006E+001  0.16245252E+002  0.16235355E+002
   442.7318  0.13107712E+003  0.12908957E+003  0.12906604E+003  0.12227944E+003  0.12160051E+003  0.80398542E+001  0.78836029E+001  0.16110000E+002  0.16100193E+002
   442.9825  0.12948256E+003  0.12751917E+003  0.12745783E+003  0.12076027E+003  0.12008972E+003  0.79731842E+001  0.78182340E+001  0.15976440E+002  0.15966723E+002
   443.2331  0.12791738E+003  0.12597769E+003  0.12587949E+003  0.11926948E+003  0.11860716E+003  0.79073454E+001  0.77536799E+001  0.15844544E+002  0.15834915E+002
   443.4837  0.12638085E+003  0.12446443E+003  0.12433030E+003  0.11780637E+003  0.11715213E+003  0.78423240E+001  0.76899274E+001  0.15714284E+002  0.15704743E+002
   443.7343  0.12487229E+003  0.12297872E+003  0.12280953E+003  0.11637030E+003  0.11572397E+003  0.77781065E+001  0.76269631E+001  0.15585634E+002  0.15576179E+002
   443.9850  0.12339104E+003  0.12151990E+003  0.12131650E+003  0.11496059E+003  0.11432204E+003  0.77146796E+001  0.75647740E+001  0.15458568E+002  0.15449198E+002
   444.2356  0.12193646E+003  0.12008735E+003  0.11985053E+003  0.11357664E+003  0.11294571E+003  0.76520305E+001  0.75033475E+001  0.15333058E+002  0.15323772E+002
   444.4862  0.12050792E+003  0.11868044E+003  0.11841099E+003  0.11221783E+003  0.11159439E+003  0.75901464E+001  0.74426711E+001  0.15209081E+002  0.15199877E+002
   444.7368  0.11910482E+003  0.11729858E+003  0.11699723E+003  0.11088357E+003  0.11026748E+003  0.75290150E+001  0.73827327E+001  0.15086610E+002  0.15077488E+002
   444.9875  0.11772658E+003  0.11594119E+003  0.11560865E+003  0.10957330E+003  0.10896441E+003  0.74686240E+001  0.73235203E+001  0.14965623E+002  0.14956581E+002
   445.2381  0.11637261E+003  0.11460772E+003  0.11424465E+003  0.10828645E+003  0.10768464E+003  0.74089616E+001  0.72650222E+001  0.14846094E+002  0.14837132E+002
   445.4887  0.11504239E+003  0.11329762E+003  0.11290466E+003  0.10702250E+003  0.10642763E+003  0.73500160E+001  0.72072270E+001  0.14728000E+002  0.14719116E+002
   445.7393  0.11373536E+003  0.11201037E+003  0.11158812E+003  0.10578092E+003  0.10519288E+003  0.72917758E+001  0.71501234E+001  0.14611319E+002  0.14602513E+002
   445.9900  0.11245102E+003  0.11074546E+003  0.11029449E+003  0.10456121E+003  0.10397986E+003  0.72342298E+001  0.70937005E+001  0.14496028E+002  0.14487298E+002
   446.2406  0.11118886E+003  0.10950239E+003  0.10902324E+003  0.10336289E+003  0.10278811E+003  0.71773670E+001  0.70379473E+001  0.14382105E+002  0.14373451E+002
   446.4912  0.10994840E+003  0.10828068E+003  0.10777386E+003  0.10218548E+003  0.10161715E+003  0.71211765E+001  0.69828535E+001  0.14269529E+002  0.14260949E+002
   446.7419  0.10872916E+003  0.10707988E+003  0.10654586E+003  0.10102852E+003  0.10046653E+003  0.70656479E+001  0.69284085E+001  0.14158278E+002  0.14149771E+002
   446.9925  0.10753070E+003  0.10589953E+003  0.10533874E+003  0.99891570E+002  0.99335800E+002  0.70107707E+001  0.68746023E+001  0.14048331E+002  0.14039897E+002
   447.2431  0.10635256E+003  0.10473920E+003  0.10415204E+003  0.98774200E+002  0.98224538E+002  0.69565348E+001  0.68214248E+001  0.13939669E+002  0.13931306E+002
   447.4937  0.10519432E+003  0.10359846E+003  0.10298530E+003  0.97675995E+002  0.97132328E+002  0.69029303E+001  0.67688664E+001  0.13832271E+002  0.13823979E+002
   447.7444  0.10405557E+003  0.10247690E+003  0.10183808E+003  0.96596551E+002  0.96058772E+002  0.68499473E+001  0.67169173E+001  0.13726117E+002  0.13717896E+002
   447.9950  0.10293590E+003  0.10137414E+003  0.10070996E+003  0.95535479E+002  0.95003481E+002  0.67975763E+001  0.66655683E+001  0.13621189E+002  0.13613037E+002
   448.2456  0.10183493E+003  0.10028979E+003  0.99600504E+002  0.94492402E+002  0.93966079E+002  0.67458078E+001  0.66148100E+001  0.13517468E+002  0.13509384E+002
   448.4962  0.10075227E+003  0.99223476E+002  0.98509312E+002  0.93466956E+002  0.92946205E+002  0.66946328E+001  0.65646335E+001  0.13414935E+002  0.13406919E+002
   448.7469  0.99687579E+002  0.98174843E+002  0.97435988E+002  0.92458790E+002  0.91943509E+002  0.66440420E+001  0.65150299E+001  0.13313573E+002  0.13305623E+002
   448.9975  0.98640493E+002  0.97143547E+002  0.96380146E+002  0.91467564E+002  0.90957652E+002  0.65940267E+001  0.64659905E+001  0.13213362E+002  0.13205478E+002
   449.2481  0.97610676E+002  0.96129253E+002  0.95341412E+002  0.90492950E+002  0.89988309E+002  0.65445781E+001  0.64175068E+001  0.13114287E+002  0.13106468E+002
   449.4987  0.96597804E+002  0.95131642E+002  0.94319421E+002  0.89534634E+002  0.89035165E+002  0.64956878E+001  0.63695703E+001  0.13016330E+002  0.13008575E+002
   449.7494  0.95601562E+002  0.94150404E+002  0.93313818E+002  0.88592312E+002  0.88097919E+002  0.64473473E+001  0.63221729E+001  0.12919473E+002  0.12911782E+002
   450.0000  0.94621651E+002  0.93185242E+002  0.92324260E+002  0.87665693E+002  0.87176280E+002  0.63995485E+001  0.62753065E+001  0.12823702E+002  0.12816074E+002
