#Raman spectra
#Laser energy   2.54 eV
#Raman shift (cm-1), Raman Spectra (XX,YY,ZZ,s+s+,s-s-,XY,YX,s+s-,s-s+)
   350.0000  0.12567053E+003  0.12227012E+003  0.66469220E+002  0.67569722E+002  0.67093581E+002  0.55756735E+002  0.54923495E+002  0.11200029E+003  0.11195729E+003
   350.2506  0.12719740E+003  0.12375619E+003  0.67102144E+002  0.68213280E+002  0.67732755E+002  0.56608305E+002  0.55762304E+002  0.11371091E+003  0.11366725E+003
   350.5013  0.12875387E+003  0.12527106E+003  0.67744151E+002  0.68866079E+002  0.68381111E+002  0.57479553E+002  0.56620498E+002  0.11546105E+003  0.11541673E+003
   350.7519  0.13034073E+003  0.12681554E+003  0.68395416E+002  0.69528296E+002  0.69038825E+002  0.58371091E+002  0.57498676E+002  0.11725196E+003  0.11720696E+003
   351.0025  0.13195884E+003  0.12839042E+003  0.69056118E+002  0.70200113E+002  0.69706077E+002  0.59283552E+002  0.58397464E+002  0.11908489E+003  0.11903919E+003
   351.2531  0.13360905E+003  0.12999657E+003  0.69726439E+002  0.70881717E+002  0.70383054E+002  0.60217595E+002  0.59317511E+002  0.12096118E+003  0.12091476E+003
   351.5038  0.13529226E+003  0.13163485E+003  0.70406567E+002  0.71573299E+002  0.71069945E+002  0.61173907E+002  0.60259493E+002  0.12288220E+003  0.12283505E+003
   351.7544  0.13700940E+003  0.13330616E+003  0.71096694E+002  0.72275055E+002  0.71766944E+002  0.62153199E+002  0.61224110E+002  0.12484939E+003  0.12480148E+003
   352.0050  0.13876144E+003  0.13501146E+003  0.71797017E+002  0.72987185E+002  0.72474252E+002  0.63156214E+002  0.62212094E+002  0.12686422E+003  0.12681555E+003
   352.2556  0.14054939E+003  0.13675171E+003  0.72507738E+002  0.73709894E+002  0.73192072E+002  0.64183722E+002  0.63224204E+002  0.12892826E+003  0.12887880E+003
   352.5063  0.14237428E+003  0.13852793E+003  0.73229064E+002  0.74443394E+002  0.73920615E+002  0.65236527E+002  0.64261232E+002  0.13104311E+003  0.13099285E+003
   352.7569  0.14423718E+003  0.14034117E+003  0.73961207E+002  0.75187900E+002  0.74660094E+002  0.66315466E+002  0.65324002E+002  0.13321046E+003  0.13315937E+003
   353.0075  0.14613923E+003  0.14219252E+003  0.74704383E+002  0.75943633E+002  0.75410729E+002  0.67421409E+002  0.66413371E+002  0.13543205E+003  0.13538011E+003
   353.2581  0.14808158E+003  0.14408311E+003  0.75458817E+002  0.76710820E+002  0.76172747E+002  0.68555264E+002  0.67530233E+002  0.13770972E+003  0.13765690E+003
   353.5088  0.15006544E+003  0.14601412E+003  0.76224735E+002  0.77489695E+002  0.76946378E+002  0.69717977E+002  0.68675521E+002  0.14004535E+003  0.13999164E+003
   353.7594  0.15209207E+003  0.14798678E+003  0.77002373E+002  0.78280495E+002  0.77731861E+002  0.70910535E+002  0.69850206E+002  0.14244093E+003  0.14238631E+003
   354.0100  0.15416278E+003  0.15000235E+003  0.77791970E+002  0.79083465E+002  0.78529437E+002  0.72133967E+002  0.71055303E+002  0.14489853E+003  0.14484297E+003
   354.2607  0.15627892E+003  0.15206217E+003  0.78593773E+002  0.79898857E+002  0.79339358E+002  0.73389347E+002  0.72291868E+002  0.14742030E+003  0.14736378E+003
   354.5113  0.15844190E+003  0.15416760E+003  0.79408035E+002  0.80726927E+002  0.80161879E+002  0.74677795E+002  0.73561005E+002  0.15000850E+003  0.14995099E+003
   354.7619  0.16065321E+003  0.15632008E+003  0.80235015E+002  0.81567941E+002  0.80997263E+002  0.76000482E+002  0.74863867E+002  0.15266548E+003  0.15260696E+003
   355.0125  0.16291437E+003  0.15852110E+003  0.81074979E+002  0.82422169E+002  0.81845780E+002  0.77358630E+002  0.76201659E+002  0.15539368E+003  0.15533412E+003
   355.2632  0.16522697E+003  0.16077222E+003  0.81928200E+002  0.83289890E+002  0.82707706E+002  0.78753517E+002  0.77575638E+002  0.15819569E+003  0.15813506E+003
   355.5138  0.16759269E+003  0.16307506E+003  0.82794960E+002  0.84171389E+002  0.83583327E+002  0.80186477E+002  0.78987121E+002  0.16107418E+003  0.16101245E+003
   355.7644  0.17001324E+003  0.16543130E+003  0.83675544E+002  0.85066959E+002  0.84472933E+002  0.81658909E+002  0.80437482E+002  0.16403195E+003  0.16396910E+003
   356.0150  0.17249046E+003  0.16784271E+003  0.84570250E+002  0.85976903E+002  0.85376824E+002  0.83172272E+002  0.81928160E+002  0.16707194E+003  0.16700793E+003
   356.2657  0.17502621E+003  0.17031112E+003  0.85479380E+002  0.86901529E+002  0.86295308E+002  0.84728095E+002  0.83460663E+002  0.17019723E+003  0.17013202E+003
   356.5163  0.17762246E+003  0.17283846E+003  0.86403246E+002  0.87841154E+002  0.87228701E+002  0.86327982E+002  0.85036568E+002  0.17341102E+003  0.17334459E+003
   356.7669  0.18028128E+003  0.17542672E+003  0.87342168E+002  0.88796105E+002  0.88177327E+002  0.87973608E+002  0.86657526E+002  0.17671670E+003  0.17664901E+003
   357.0175  0.18300481E+003  0.17807800E+003  0.88296474E+002  0.89766717E+002  0.89141521E+002  0.89666732E+002  0.88325269E+002  0.18011778E+003  0.18004879E+003
   357.2682  0.18579530E+003  0.18079448E+003  0.89266504E+002  0.90753336E+002  0.90121624E+002  0.91409197E+002  0.90041614E+002  0.18361798E+003  0.18354766E+003
   357.5188  0.18865509E+003  0.18357845E+003  0.90252603E+002  0.91756313E+002  0.91117989E+002  0.93202935E+002  0.91808463E+002  0.18722117E+003  0.18714947E+003
   357.7694  0.19158664E+003  0.18643231E+003  0.91255129E+002  0.92776014E+002  0.92130979E+002  0.95049977E+002  0.93627815E+002  0.19093143E+003  0.19085832E+003
   358.0201  0.19459252E+003  0.18935855E+003  0.92274448E+002  0.93812812E+002  0.93160965E+002  0.96952451E+002  0.95501768E+002  0.19475304E+003  0.19467847E+003
   358.2707  0.19767542E+003  0.19235979E+003  0.93310937E+002  0.94867092E+002  0.94208329E+002  0.98912595E+002  0.97432527E+002  0.19869049E+003  0.19861442E+003
   358.5213  0.20083816E+003  0.19543879E+003  0.94364985E+002  0.95939249E+002  0.95273467E+002  0.10093276E+003  0.99422406E+002  0.20274851E+003  0.20267089E+003
   358.7719  0.20408369E+003  0.19859842E+003  0.95436989E+002  0.97029690E+002  0.96356781E+002  0.10301542E+003  0.10147384E+003  0.20693205E+003  0.20685284E+003
   359.0226  0.20741511E+003  0.20184170E+003  0.96527359E+002  0.98138833E+002  0.97458689E+002  0.10516317E+003  0.10358939E+003  0.21124635E+003  0.21116550E+003
   359.2732  0.21083568E+003  0.20517180E+003  0.97636518E+002  0.99267108E+002  0.98579619E+002  0.10737875E+003  0.10577175E+003  0.21569690E+003  0.21561435E+003
   359.5238  0.21434880E+003  0.20859204E+003  0.98764899E+002  0.10041496E+003  0.99720012E+002  0.10966504E+003  0.10802377E+003  0.22028949E+003  0.22020519E+003
   359.7744  0.21795807E+003  0.21210591E+003  0.99912948E+002  0.10158284E+003  0.10088032E+003  0.11202508E+003  0.11034843E+003  0.22503022E+003  0.22494411E+003
   360.0251  0.22166725E+003  0.21571709E+003  0.10108113E+003  0.10277122E+003  0.10206102E+003  0.11446207E+003  0.11274888E+003  0.22992551E+003  0.22983754E+003
   360.2757  0.22548029E+003  0.21942944E+003  0.10226991E+003  0.10398058E+003  0.10326257E+003  0.11697939E+003  0.11522845E+003  0.23498216E+003  0.23489225E+003
   360.5263  0.22940138E+003  0.22324701E+003  0.10347977E+003  0.10521143E+003  0.10448549E+003  0.11958059E+003  0.11779065E+003  0.24020730E+003  0.24011541E+003
   360.7769  0.23343490E+003  0.22717408E+003  0.10471123E+003  0.10646426E+003  0.10573028E+003  0.12226945E+003  0.12043919E+003  0.24560851E+003  0.24551456E+003
   361.0276  0.23758548E+003  0.23121516E+003  0.10596480E+003  0.10773962E+003  0.10699746E+003  0.12504993E+003  0.12317797E+003  0.25119377E+003  0.25109769E+003
   361.2782  0.24185798E+003  0.23537500E+003  0.10724100E+003  0.10903803E+003  0.10828758E+003  0.12792624E+003  0.12601115E+003  0.25697152E+003  0.25687324E+003
   361.5288  0.24625755E+003  0.23965860E+003  0.10854039E+003  0.11036007E+003  0.10960119E+003  0.13090282E+003  0.12894310E+003  0.26295068E+003  0.26285013E+003
   361.7794  0.25078962E+003  0.24407125E+003  0.10986353E+003  0.11170631E+003  0.11093887E+003  0.13398439E+003  0.13197846E+003  0.26914072E+003  0.26903781E+003
   362.0301  0.25545991E+003  0.24861853E+003  0.11121101E+003  0.11307734E+003  0.11230121E+003  0.13717592E+003  0.13512213E+003  0.27555165E+003  0.27544629E+003
   362.2807  0.26027449E+003  0.25330635E+003  0.11258341E+003  0.11447378E+003  0.11368882E+003  0.14048270E+003  0.13837933E+003  0.28219408E+003  0.28208619E+003
   362.5313  0.26523977E+003  0.25814095E+003  0.11398137E+003  0.11589626E+003  0.11510234E+003  0.14391034E+003  0.14175556E+003  0.28907927E+003  0.28896876E+003
   362.7820  0.27036251E+003  0.26312894E+003  0.11540552E+003  0.11734543E+003  0.11654241E+003  0.14746479E+003  0.14525670E+003  0.29621916E+003  0.29610593E+003
   363.0326  0.27564991E+003  0.26827730E+003  0.11685652E+003  0.11882197E+003  0.11800970E+003  0.15115236E+003  0.14888897E+003  0.30362646E+003  0.30351041E+003
   363.2832  0.28110957E+003  0.27359346E+003  0.11833505E+003  0.12032656E+003  0.11950491E+003  0.15497977E+003  0.15265898E+003  0.31131465E+003  0.31119566E+003
   363.5338  0.28674957E+003  0.27908528E+003  0.11984180E+003  0.12185992E+003  0.12102874E+003  0.15895416E+003  0.15657377E+003  0.31929807E+003  0.31917605E+003
   363.7845  0.29257850E+003  0.28476113E+003  0.12137750E+003  0.12342280E+003  0.12258195E+003  0.16308315E+003  0.16064083E+003  0.32759202E+003  0.32746684E+003
   364.0351  0.29860544E+003  0.29062987E+003  0.12294290E+003  0.12501596E+003  0.12416528E+003  0.16737483E+003  0.16486814E+003  0.33621275E+003  0.33608429E+003
   364.2857  0.30484010E+003  0.29670094E+003  0.12453877E+003  0.12664018E+003  0.12577952E+003  0.17183784E+003  0.16926421E+003  0.34517763E+003  0.34504575E+003
   364.5363  0.31129278E+003  0.30298438E+003  0.12616589E+003  0.12829628E+003  0.12742550E+003  0.17648140E+003  0.17383812E+003  0.35450517E+003  0.35436974E+003
   364.7870  0.31797446E+003  0.30949090E+003  0.12782510E+003  0.12998510E+003  0.12910404E+003  0.18131536E+003  0.17859958E+003  0.36421515E+003  0.36407602E+003
   365.0376  0.32489685E+003  0.31623190E+003  0.12951724E+003  0.13170751E+003  0.13081601E+003  0.18635024E+003  0.18355894E+003  0.37432870E+003  0.37418572E+003
   365.2882  0.33207244E+003  0.32321956E+003  0.13124319E+003  0.13346440E+003  0.13256231E+003  0.19159731E+003  0.18872730E+003  0.38486844E+003  0.38472144E+003
   365.5388  0.33951457E+003  0.33046687E+003  0.13300385E+003  0.13525671E+003  0.13434387E+003  0.19706861E+003  0.19411653E+003  0.39585858E+003  0.39570740E+003
   365.7895  0.34723753E+003  0.33798773E+003  0.13480016E+003  0.13708540E+003  0.13616165E+003  0.20277707E+003  0.19973936E+003  0.40732509E+003  0.40716954E+003
   366.0401  0.35525656E+003  0.34579704E+003  0.13663309E+003  0.13895146E+003  0.13801664E+003  0.20873656E+003  0.20560945E+003  0.41929581E+003  0.41913570E+003
   366.2907  0.36358804E+003  0.35391072E+003  0.13850364E+003  0.14085591E+003  0.13990986E+003  0.21496196E+003  0.21174147E+003  0.43180065E+003  0.43163577E+003
   366.5414  0.37224951E+003  0.36234587E+003  0.14041285E+003  0.14279982E+003  0.14184238E+003  0.22146929E+003  0.21815118E+003  0.44487175E+003  0.44470190E+003
   366.7920  0.38125980E+003  0.37112084E+003  0.14236178E+003  0.14478429E+003  0.14381530E+003  0.22827576E+003  0.22485555E+003  0.45854371E+003  0.45836865E+003
   367.0426  0.39063917E+003  0.38025537E+003  0.14435155E+003  0.14681046E+003  0.14582976E+003  0.23539994E+003  0.23187285E+003  0.47285381E+003  0.47267330E+003
   367.2932  0.40040938E+003  0.38977067E+003  0.14638331E+003  0.14887951E+003  0.14788694E+003  0.24286184E+003  0.23922281E+003  0.48784224E+003  0.48765602E+003
   367.5439  0.41059392E+003  0.39968962E+003  0.14845824E+003  0.15099266E+003  0.14998806E+003  0.25068307E+003  0.24692670E+003  0.50355239E+003  0.50336019E+003
   367.7945  0.42121808E+003  0.41003687E+003  0.15057758E+003  0.15315118E+003  0.15213439E+003  0.25888698E+003  0.25500753E+003  0.52003119E+003  0.51983270E+003
   368.0451  0.43230922E+003  0.42083906E+003  0.15274260E+003  0.15535637E+003  0.15432724E+003  0.26749885E+003  0.26349019E+003  0.53732939E+003  0.53712432E+003
   368.2957  0.44389688E+003  0.43212500E+003  0.15495461E+003  0.15760961E+003  0.15656798E+003  0.27654608E+003  0.27240169E+003  0.55550203E+003  0.55529003E+003
   368.5464  0.45601308E+003  0.44392587E+003  0.15721500E+003  0.15991230E+003  0.15885803E+003  0.28605839E+003  0.28177127E+003  0.57460878E+003  0.57438950E+003
   368.7970  0.46869250E+003  0.45627548E+003  0.15952519E+003  0.16226590E+003  0.16119884E+003  0.29606806E+003  0.29163076E+003  0.59471450E+003  0.59448757E+003
   369.0476  0.48197284E+003  0.46921055E+003  0.16188663E+003  0.16467194E+003  0.16359195E+003  0.30661023E+003  0.30201475E+003  0.61588974E+003  0.61565474E+003
   369.2982  0.49589505E+003  0.48277100E+003  0.16430086E+003  0.16713199E+003  0.16603894E+003  0.31772316E+003  0.31296094E+003  0.63821137E+003  0.63796786E+003
   369.5489  0.51050375E+003  0.49700029E+003  0.16676947E+003  0.16964768E+003  0.16854144E+003  0.32944861E+003  0.32451045E+003  0.66176323E+003  0.66151075E+003
   369.7995  0.52584759E+003  0.51194585E+003  0.16929409E+003  0.17222073E+003  0.17110119E+003  0.34183221E+003  0.33670823E+003  0.68663696E+003  0.68637500E+003
   370.0501  0.54197972E+003  0.52765945E+003  0.17187644E+003  0.17485289E+003  0.17371993E+003  0.35492387E+003  0.34960344E+003  0.71293282E+003  0.71266084E+003
   370.3008  0.55895830E+003  0.54419778E+003  0.17451828E+003  0.17754600E+003  0.17639954E+003  0.36877832E+003  0.36325000E+003  0.74076073E+003  0.74047814E+003
   370.5514  0.57684707E+003  0.56162295E+003  0.17722146E+003  0.18030197E+003  0.17914193E+003  0.38345565E+003  0.37770709E+003  0.77024135E+003  0.76994752E+003
   370.8020  0.59571604E+003  0.58000316E+003  0.17998789E+003  0.18312279E+003  0.18194910E+003  0.39902195E+003  0.39303980E+003  0.80150740E+003  0.80120165E+003
   371.0526  0.61564217E+003  0.59941345E+003  0.18281955E+003  0.18601053E+003  0.18482314E+003  0.41555003E+003  0.40931984E+003  0.83470511E+003  0.83438670E+003
   371.3033  0.63671034E+003  0.61993648E+003  0.18571851E+003  0.18896734E+003  0.18776623E+003  0.43312024E+003  0.42662639E+003  0.86999588E+003  0.86966401E+003
   371.5539  0.65901424E+003  0.64166359E+003  0.18868692E+003  0.19199545E+003  0.19078063E+003  0.45182149E+003  0.44504698E+003  0.90755821E+003  0.90721202E+003
   371.8045  0.68265755E+003  0.66469580E+003  0.19172702E+003  0.19509721E+003  0.19386870E+003  0.47175226E+003  0.46467865E+003  0.94758991E+003  0.94722844E+003
   372.0551  0.70775525E+003  0.68914514E+003  0.19484111E+003  0.19827505E+003  0.19703292E+003  0.49302193E+003  0.48562911E+003  0.99031061E+003  0.98993285E+003
   372.3058  0.73443509E+003  0.71513613E+003  0.19803164E+003  0.20153150E+003  0.20027586E+003  0.51575220E+003  0.50801825E+003  0.10359647E+004  0.10355696E+004
   372.5564  0.76283938E+003  0.74280744E+003  0.20130111E+003  0.20486923E+003  0.20360021E+003  0.54007882E+003  0.53197977E+003  0.10848249E+004  0.10844111E+004
   372.8070  0.79312700E+003  0.77231389E+003  0.20465215E+003  0.20829099E+003  0.20700880E+003  0.56615353E+003  0.55766314E+003  0.11371958E+004  0.11367620E+004
   373.0576  0.82547578E+003  0.80382878E+003  0.20808749E+003  0.21179968E+003  0.21050456E+003  0.59414637E+003  0.58523585E+003  0.11934189E+004  0.11929636E+004
   373.3083  0.86008524E+003  0.83754655E+003  0.21160998E+003  0.21539832E+003  0.21409060E+003  0.62424835E+003  0.61488603E+003  0.12538778E+004  0.12533994E+004
   373.5589  0.89717986E+003  0.87368595E+003  0.21522259E+003  0.21909006E+003  0.21777016E+003  0.65667461E+003  0.64682561E+003  0.13190045E+004  0.13185013E+004
   373.8095  0.93701291E+003  0.91249380E+003  0.21892842E+003  0.22287823E+003  0.22154662E+003  0.69166815E+003  0.68129392E+003  0.13892870E+004  0.13887569E+004
   374.0602  0.97987095E+003  0.95424934E+003  0.22273071E+003  0.22676629E+003  0.22542356E+003  0.72950417E+003  0.71856204E+003  0.14652779E+004  0.14647187E+004
   374.3108  0.10260792E+004  0.99926949E+003  0.22663281E+003  0.23075786E+003  0.22940474E+003  0.77049530E+003  0.75893789E+003  0.15476049E+004  0.15470143E+004
   374.5614  0.10760078E+004  0.10479151E+004  0.23063826E+003  0.23485678E+003  0.23349411E+003  0.81499776E+003  0.80277237E+003  0.16369835E+004  0.16363586E+004
   374.8120  0.11300797E+004  0.11005981E+004  0.23475073E+003  0.23906704E+003  0.23769584E+003  0.86341879E+003  0.85046658E+003  0.17342312E+004  0.17335691E+004
   375.0627  0.11887796E+004  0.11577910E+004  0.23897407E+003  0.24339287E+003  0.24201434E+003  0.91622550E+003  0.90248064E+003  0.18402860E+004  0.18395834E+004
   375.3133  0.12526647E+004  0.12200368E+004  0.24331228E+003  0.24783871E+003  0.24645427E+003  0.97395558E+003  0.95934416E+003  0.19562277E+004  0.19554807E+004
   375.5639  0.13223788E+004  0.12879629E+004  0.24776958E+003  0.25240923E+003  0.25102056E+003  0.10372302E+004  0.10216690E+004  0.20833034E+004  0.20825077E+004
   375.8145  0.13986677E+004  0.13622960E+004  0.25235035E+003  0.25710938E+003  0.25571847E+003  0.11067700E+004  0.10901649E+004  0.22229599E+004  0.22221107E+004
   376.0652  0.14823993E+004  0.14438820E+004  0.25705920E+003  0.26194440E+003  0.26055359E+003  0.11834137E+004  0.11656581E+004  0.23768817E+004  0.23759734E+004
   376.3158  0.15745880E+004  0.15337095E+004  0.26190092E+003  0.26691984E+003  0.26553187E+003  0.12681426E+004  0.12491151E+004  0.25470385E+004  0.25460650E+004
   376.5664  0.16764247E+004  0.16329389E+004  0.26688058E+003  0.27204158E+003  0.27065972E+003  0.13621089E+004  0.13416708E+004  0.27357439E+004  0.27346980E+004
   376.8170  0.17893134E+004  0.17429387E+004  0.27200344E+003  0.27731590E+003  0.27594399E+003  0.14666721E+004  0.14446643E+004  0.29457277E+004  0.29446011E+004
   377.0677  0.19149183E+004  0.18653305E+004  0.27727505E+003  0.28274952E+003  0.28139211E+003  0.15834442E+004  0.15596834E+004  0.31802257E+004  0.31790090E+004
   377.3183  0.20552207E+004  0.20020453E+004  0.28270122E+003  0.28834961E+003  0.28701212E+003  0.17143454E+004  0.16886195E+004  0.34430935E+004  0.34417757E+004
   377.5689  0.22125925E+004  0.21553946E+004  0.28828803E+003  0.29412390E+003  0.29281275E+003  0.18616754E+004  0.18337377E+004  0.37389476E+004  0.37375160E+004
   377.8195  0.23898880E+004  0.23281600E+004  0.29404188E+003  0.30008076E+003  0.29880361E+003  0.20282023E+004  0.19977646E+004  0.40733454E+004  0.40717850E+004
   378.0702  0.25905603E+004  0.25237066E+004  0.29996950E+003  0.30622924E+003  0.30499528E+003  0.22172764E+004  0.21840003E+004  0.44530129E+004  0.44513061E+004
   378.3208  0.28188099E+004  0.27461281E+004  0.30607793E+003  0.31257925E+003  0.31139948E+003  0.24329746E+004  0.23964602E+004  0.48861340E+004  0.48842602E+004
   378.5714  0.30797745E+004  0.30004313E+004  0.31237460E+003  0.31914167E+003  0.31802938E+003  0.26802844E+004  0.26400572E+004  0.53827210E+004  0.53806554E+004
   378.8221  0.33797703E+004  0.32927718E+004  0.31886732E+003  0.32592853E+003  0.32489980E+003  0.29653394E+004  0.29208327E+004  0.59550863E+004  0.59527996E+004
   379.0727  0.37266012E+004  0.36307546E+004  0.32556429E+003  0.33295326E+003  0.33202762E+003  0.32957191E+004  0.32462523E+004  0.66184449E+004  0.66159015E+004
   379.3233  0.41299484E+004  0.40238147E+004  0.33247416E+003  0.34023094E+003  0.33943223E+003  0.36808285E+004  0.36255800E+004  0.73916756E+004  0.73888327E+004
   379.5739  0.46018592E+004  0.44836927E+004  0.33960604E+003  0.34777867E+003  0.34713610E+003  0.41323729E+004  0.40703452E+004  0.82982747E+004  0.82950804E+004
   379.8246  0.51573418E+004  0.50250147E+004  0.34696953E+003  0.35561596E+003  0.35516548E+003  0.46649360E+004  0.45949128E+004  0.93675166E+004  0.93639072E+004
   380.0752  0.58150569E+004  0.56659665E+004  0.35457475E+003  0.36376525E+003  0.36355114E+003  0.52966525E+004  0.52171449E+004  0.10635803E+005  0.10631701E+005
   380.3258  0.65980467E+004  0.64290037E+004  0.36243240E+003  0.37225240E+003  0.37232928E+003  0.60499142E+004  0.59590975E+004  0.12148085E+005  0.12143395E+005
   380.5764  0.75343312E+004  0.73414333E+004  0.37055374E+003  0.38110711E+003  0.38154217E+003  0.69519480E+004  0.68475885E+004  0.13959023E+005  0.13953628E+005
   380.8271  0.86569767E+004  0.84354797E+004  0.37895070E+003  0.39036301E+003  0.39123829E+003  0.80348748E+004  0.79142565E+004  0.16133114E+005  0.16126873E+005
   381.0777  0.10002795E+005  0.97470180E+004  0.38763588E+003  0.40005684E+003  0.40147093E+003  0.93344316E+004  0.91943022E+004  0.18742137E+005  0.18734882E+005
   381.3283  0.11608052E+005  0.11311391E+005  0.39662260E+003  0.41022571E+003  0.41229343E+003  0.10885774E+005  0.10722353E+005  0.21856758E+005  0.21848292E+005
   381.5789  0.13498383E+005  0.13153581E+005  0.40592494E+003  0.42090053E+003  0.42374812E+003  0.12713625E+005  0.12522761E+005  0.25526794E+005  0.25516908E+005
   381.8296  0.15668960E+005  0.15268884E+005  0.41555784E+003  0.43209312E+003  0.43584443E+003  0.14812941E+005  0.14590559E+005  0.29742457E+005  0.29730950E+005
   382.0802  0.18051766E+005  0.17591012E+005  0.42553708E+003  0.44377494E+003  0.44852272E+003  0.17117034E+005  0.16860058E+005  0.34370420E+005  0.34357152E+005
   382.3308  0.20474260E+005  0.19951818E+005  0.43587938E+003  0.45585022E+003  0.46160886E+003  0.19457455E+005  0.19165340E+005  0.39073218E+005  0.39058195E+005
   382.5815  0.22633497E+005  0.22056065E+005  0.44660242E+003  0.46813935E+003  0.47478594E+003  0.21539146E+005  0.21215779E+005  0.43259047E+005  0.43242515E+005
   382.8321  0.24133990E+005  0.23518335E+005  0.45772498E+003  0.48040395E+003  0.48763672E+003  0.22977900E+005  0.22632932E+005  0.46156308E+005  0.46138808E+005
   383.0827  0.24624618E+005  0.23996440E+005  0.46926703E+003  0.49243642E+003  0.49979525E+003  0.23433945E+005  0.23082131E+005  0.47081297E+005  0.47063606E+005
   383.3333  0.23978302E+005  0.23366537E+005  0.48124987E+003  0.50417685E+003  0.51114484E+003  0.22786166E+005  0.22444079E+005  0.45788406E+005  0.45771357E+005
   383.5840  0.22368093E+005  0.21797272E+005  0.49369628E+003  0.51576202E+003  0.52190098E+003  0.21204641E+005  0.20886300E+005  0.42617195E+005  0.42601449E+005
   383.8346  0.20164955E+005  0.19650168E+005  0.50663056E+003  0.52745836E+003  0.53249769E+003  0.19050246E+005  0.18764252E+005  0.38291866E+005  0.38277800E+005
   384.0852  0.17756145E+005  0.17302625E+005  0.52007861E+003  0.53954386E+003  0.54338748E+003  0.16698372E+005  0.16447689E+005  0.33567092E+005  0.33554808E+005
   384.3358  0.15423772E+005  0.15029572E+005  0.53406804E+003  0.55222953E+003  0.55490819E+003  0.14421810E+005  0.14205308E+005  0.28991956E+005  0.28981368E+005
   384.5865  0.13320864E+005  0.12980142E+005  0.54862825E+003  0.56564433E+003  0.56725735E+003  0.12368162E+005  0.12182493E+005  0.24863917E+005  0.24854842E+005
   384.8371  0.11502533E+005  0.11208043E+005  0.56379066E+003  0.57985569E+003  0.58052681E+003  0.10590298E+005  0.10431322E+005  0.21289793E+005  0.21282020E+005
   385.0877  0.99668556E+004  0.97114035E+004  0.57958882E+003  0.59489630E+003  0.59474800E+003  0.90860144E+004  0.89496249E+004  0.18265464E+005  0.18258790E+005
   385.3383  0.86854916E+004  0.84626018E+004  0.59605866E+003  0.61078411E+003  0.60992578E+003  0.78276467E+004  0.77101508E+004  0.15735469E+005  0.15729713E+005
   385.5890  0.76216508E+004  0.74257848E+004  0.61323868E+003  0.62753425E+003  0.62605833E+003  0.67794237E+004  0.66776663E+004  0.13627962E+005  0.13622971E+005
   385.8396  0.67389969E+004  0.65655409E+004  0.63117014E+003  0.64516502E+003  0.64314721E+003  0.59060563E+004  0.58174123E+004  0.11872024E+005  0.11867670E+005
   386.0902  0.60053003E+004  0.58504606E+004  0.64989736E+003  0.66370044E+003  0.66120156E+003  0.51762539E+004  0.50985679E+004  0.10404752E+005  0.10400929E+005
   386.3409  0.53934325E+004  0.52541057E+004  0.66946798E+003  0.68317125E+003  0.68023948E+003  0.45636760E+004  0.44951880E+004  0.91731832E+004  0.91698083E+004
   386.5915  0.48811710E+004  0.47548192E+004  0.68993321E+003  0.70361501E+003  0.70028811E+003  0.40467367E+004  0.39860107E+004  0.81339157E+004  0.81309187E+004
   386.8421  0.44505629E+004  0.43351050E+004  0.71134824E+003  0.72507607E+003  0.72138327E+003  0.36079846E+004  0.35538469E+004  0.72518580E+004  0.72491821E+004
   387.0927  0.40871947E+004  0.39809163E+004  0.73377253E+003  0.74760544E+003  0.74356898E+003  0.32333945E+004  0.31848819E+004  0.64988072E+004  0.64964057E+004
   387.3434  0.37795148E+004  0.36809952E+004  0.75727029E+003  0.77126079E+003  0.76689718E+003  0.29117093E+004  0.28680275E+004  0.58521273E+004  0.58499616E+004
   387.5940  0.35182561E+004  0.34263103E+004  0.78191085E+003  0.79610651E+003  0.79142754E+003  0.26338803E+004  0.25943708E+004  0.52936227E+004  0.52916609E+004
   387.8446  0.32959652E+004  0.32095977E+004  0.80776927E+003  0.82221394E+003  0.81722742E+003  0.23926103E+004  0.23567244E+004  0.48086205E+004  0.48068358E+004
   388.0952  0.31066268E+004  0.30249948E+004  0.83492679E+003  0.84966165E+003  0.84437204E+003  0.21819894E+004  0.21492669E+004  0.43852370E+004  0.43836071E+004
   388.3459  0.29453678E+004  0.28677525E+004  0.86347155E+003  0.87853596E+003  0.87294481E+003  0.19972075E+004  0.19672605E+004  0.40138008E+004  0.40123067E+004
   388.5965  0.28082259E+004  0.27340088E+004  0.89349924E+003  0.90893144E+003  0.90303775E+003  0.18343291E+004  0.18068289E+004  0.36863989E+004  0.36850246E+004
   388.8471  0.26919676E+004  0.26206123E+004  0.92511393E+003  0.94095164E+003  0.93475211E+003  0.16901171E+004  0.16647834E+004  0.33965225E+004  0.33952542E+004
   389.0977  0.25939468E+004  0.25249840E+004  0.95842892E+003  0.97470986E+003  0.96819909E+003  0.15618940E+004  0.15384869E+004  0.31387883E+004  0.31376144E+004
   389.3484  0.25119936E+004  0.24450087E+004  0.99356775E+003  0.10103301E+004  0.10035007E+004  0.14474337E+004  0.14257466E+004  0.29087207E+004  0.29076310E+004
   389.5990  0.24443267E+004  0.23789501E+004  0.10306654E+004  0.10479482E+004  0.10407910E+004  0.13448753E+004  0.13247297E+004  0.27025785E+004  0.27015642E+004
   389.8496  0.23894851E+004  0.23253839E+004  0.10698693E+004  0.10877131E+004  0.10802169E+004  0.12526559E+004  0.12338965E+004  0.25172189E+004  0.25162725E+004
   390.1003  0.23462733E+004  0.22831445E+004  0.11113412E+004  0.11297879E+004  0.11219399E+004  0.11694555E+004  0.11519472E+004  0.23499889E+004  0.23491037E+004
   390.3509  0.23137186E+004  0.22512834E+004  0.11552584E+004  0.11743523E+004  0.11661376E+004  0.10941549E+004  0.10777790E+004  0.21986381E+004  0.21978081E+004
   390.6015  0.22910373E+004  0.22290364E+004  0.12018160E+004  0.12216035E+004  0.12130054E+004  0.10258002E+004  0.10104527E+004  0.20612487E+004  0.20604689E+004
   390.8521  0.22776078E+004  0.22157968E+004  0.12512284E+004  0.12717591E+004  0.12627589E+004  0.96357516E+003  0.94916406E+003  0.19361800E+004  0.19354458E+004
   391.1028  0.22729495E+004  0.22110958E+004  0.13037325E+004  0.13250591E+004  0.13156361E+004  0.90677834E+003  0.89322230E+003  0.18220218E+004  0.18213290E+004
   391.3534  0.22767068E+004  0.22145859E+004  0.13595900E+004  0.13817690E+004  0.13718999E+004  0.85480449E+003  0.84203124E+003  0.17175572E+004  0.17169024E+004
   391.6040  0.22886365E+004  0.22260292E+004  0.14190905E+004  0.14421826E+004  0.14318421E+004  0.80712942E+003  0.79507458E+003  0.16217326E+004  0.16211125E+004
   391.8546  0.23085987E+004  0.22452883E+004  0.14825555E+004  0.15066263E+004  0.14957861E+004  0.76329747E+003  0.75190352E+003  0.15336319E+004  0.15330436E+004
   392.1053  0.23365502E+004  0.22723202E+004  0.15503424E+004  0.15754629E+004  0.15640920E+004  0.72291119E+003  0.71212658E+003  0.14524561E+004  0.14518971E+004
   392.3559  0.23725412E+004  0.23071725E+004  0.16228496E+004  0.16490967E+004  0.16371610E+004  0.68562269E+003  0.67540112E+003  0.13775060E+004  0.13769738E+004
   392.6065  0.24167135E+004  0.23499818E+004  0.17005218E+004  0.17279796E+004  0.17154413E+004  0.65112655E+003  0.64142633E+003  0.13081674E+004  0.13076600E+004
   392.8571  0.24693007E+004  0.24009746E+004  0.17838571E+004  0.18126171E+004  0.17994347E+004  0.61915379E+003  0.60993728E+003  0.12438996E+004  0.12434150E+004
   393.1078  0.25306317E+004  0.24604695E+004  0.18734145E+004  0.19035771E+004  0.18897045E+004  0.58946681E+003  0.58069997E+003  0.11842250E+004  0.11837614E+004
   393.3584  0.26011350E+004  0.25288822E+004  0.19698228E+004  0.20014981E+004  0.19868848E+004  0.56185519E+003  0.55350716E+003  0.11287204E+004  0.11282763E+004
   393.6090  0.26813464E+004  0.26067327E+004  0.20737916E+004  0.21071011E+004  0.20916906E+004  0.53613205E+003  0.52817481E+003  0.10770103E+004  0.10765840E+004
   393.8596  0.27719183E+004  0.26946543E+004  0.21861236E+004  0.22212012E+004  0.22049313E+004  0.51213100E+003  0.50453907E+003  0.10287599E+004  0.10283502E+004
   394.1103  0.28736326E+004  0.27934062E+004  0.23077297E+004  0.23447238E+004  0.23275252E+004  0.48970357E+003  0.48245371E+003  0.98367074E+003  0.98327630E+003
   394.3609  0.29874165E+004  0.29038889E+004  0.24396466E+004  0.24787219E+004  0.24605175E+004  0.46871690E+003  0.46178796E+003  0.94147563E+003  0.94109527E+003
   394.6115  0.31143624E+004  0.30271632E+004  0.25830580E+004  0.26243980E+004  0.26051014E+004  0.44905194E+003  0.44242457E+003  0.90193506E+003  0.90156765E+003
   394.8622  0.32557517E+004  0.31644740E+004  0.27393198E+004  0.27831293E+004  0.27626442E+004  0.43060170E+003  0.42425824E+003  0.86483383E+003  0.86447831E+003
   395.1128  0.34130854E+004  0.33172789E+004  0.29099906E+004  0.29564993E+004  0.29347174E+004  0.41326992E+003  0.40719420E+003  0.82997817E+003  0.82963354E+003
   395.3634  0.35881199E+004  0.34872844E+004  0.30968688E+004  0.31463348E+004  0.31231342E+004  0.39696978E+003  0.39114704E+003  0.79719336E+003  0.79685865E+003
   395.6140  0.37829120E+004  0.36764885E+004  0.33020369E+004  0.33547514E+004  0.33299943E+004  0.38162290E+003  0.37603962E+003  0.76632150E+003  0.76599579E+003
   395.8647  0.39998744E+004  0.38872349E+004  0.35279163E+004  0.35842087E+004  0.35577393E+004  0.36715837E+003  0.36180223E+003  0.73721973E+003  0.73690211E+003
   396.1153  0.42418426E+004  0.41222784E+004  0.37773338E+004  0.38375786E+004  0.38092194E+004  0.35351199E+003  0.34837174E+003  0.70975858E+003  0.70944816E+003
   396.3659  0.45121592E+004  0.43848663E+004  0.40536040E+004  0.41182282E+004  0.40877768E+004  0.34062558E+003  0.33569100E+003  0.68382060E+003  0.68351649E+003
   396.6165  0.48147775E+004  0.46788392E+004  0.43606310E+004  0.44301236E+004  0.43973481E+004  0.32844636E+003  0.32370818E+003  0.65929911E+003  0.65900042E+003
   396.8672  0.51543906E+004  0.50087567E+004  0.47030349E+004  0.47779582E+004  0.47425918E+004  0.31692647E+003  0.31237635E+003  0.63609721E+003  0.63580301E+003
   397.1178  0.55365933E+004  0.53800543E+004  0.50863094E+004  0.51673129E+004  0.51290473E+004  0.30602248E+003  0.30165299E+003  0.61412678E+003  0.61383613E+003
   397.3684  0.59680853E+004  0.57992409E+004  0.55170205E+004  0.56048581E+004  0.55633353E+004  0.29569507E+003  0.29149964E+003  0.59330779E+003  0.59301969E+003
   397.6190  0.64569274E+004  0.62741480E+004  0.60030566E+004  0.60986074E+004  0.60534098E+004  0.28590870E+003  0.28188165E+003  0.57356760E+003  0.57328098E+003
   397.8697  0.70128669E+004  0.68142456E+004  0.65539453E+004  0.66582395E+004  0.66088778E+004  0.27663136E+003  0.27276790E+003  0.55484038E+003  0.55455409E+003
   398.1203  0.76477510E+004  0.74310438E+004  0.71812562E+004  0.72955081E+004  0.72414054E+004  0.26783436E+003  0.26413066E+003  0.53706676E+003  0.53677951E+003
   398.3709  0.83760540E+004  0.81386049E+004  0.78991154E+004  0.80247634E+004  0.79652361E+004  0.25949226E+003  0.25594548E+003  0.52019339E+003  0.51990376E+003
   398.6216  0.92155508E+004  0.89541985E+004  0.87248608E+004  0.88636188E+004  0.87978524E+004  0.25158277E+003  0.24819117E+003  0.50417281E+003  0.50387918E+003
   398.8722  0.10188177E+005  0.98991354E+004  0.96798800E+004  0.98338014E+004  0.97608200E+004  0.24408676E+003  0.24084985E+003  0.48896332E+003  0.48866383E+003
   399.1228  0.11321118E+005  0.10999829E+005  0.10790673E+005  0.10962232E+005  0.10880860E+005  0.23698839E+003  0.23390707E+003  0.47452902E+003  0.47422149E+003
   399.3734  0.12648185E+005  0.12289128E+005  0.12090189E+005  0.12282384E+005  0.12191195E+005  0.23027531E+003  0.22735212E+003  0.46083999E+003  0.46052188E+003
   399.6241  0.14211507E+005  0.13807963E+005  0.13619476E+005  0.13835956E+005  0.13733217E+005  0.22393891E+003  0.22117833E+003  0.44787265E+003  0.44754092E+003
   399.8747  0.16063536E+005  0.15607294E+005  0.15429637E+005  0.15674864E+005  0.15558453E+005  0.21797475E+003  0.21538359E+003  0.43561025E+003  0.43526123E+003
   400.1253  0.18269269E+005  0.17750269E+005  0.17583989E+005  0.17863429E+005  0.17730747E+005  0.21238303E+003  0.20997089E+003  0.42404344E+003  0.42367273E+003
   400.3759  0.20908307E+005  0.20314225E+005  0.20160069E+005  0.20480421E+005  0.20328285E+005  0.20716901E+003  0.20494881E+003  0.41317087E+003  0.41277312E+003
   400.6266  0.24075867E+005  0.23391671E+005  0.23250625E+005  0.23620061E+005  0.23444585E+005  0.20234315E+003  0.20033178E+003  0.40299937E+003  0.40256811E+003
   400.8772  0.27880786E+005  0.27088349E+005  0.26961666E+005  0.27390041E+005  0.27186540E+005  0.19792056E+003  0.19613934E+003  0.39354300E+003  0.39307047E+003
   401.1278  0.32436602E+005  0.31514565E+005  0.31403779E+005  0.31902705E+005  0.31665659E+005  0.19391850E+003  0.19239337E+003  0.38481946E+003  0.38429657E+003
   401.3784  0.37838604E+005  0.36762900E+005  0.36669777E+005  0.37252339E+005  0.36975527E+005  0.19035026E+003  0.18911107E+003  0.37684123E+003  0.37625775E+003
   401.6291  0.44115889E+005  0.42861622E+005  0.42788009E+005  0.43467744E+005  0.43144730E+005  0.18721241E+003  0.18629030E+003  0.36959705E+003  0.36894243E+003
   401.8797  0.51146501E+005  0.49692245E+005  0.49639713E+005  0.50428270E+005  0.50053517E+005  0.18446231E+003  0.18388382E+003  0.36301946E+003  0.36228459E+003
   402.1303  0.58536712E+005  0.56872239E+005  0.56841449E+005  0.57744389E+005  0.57315253E+005  0.18198611E+003  0.18176258E+003  0.35693855E+003  0.35611902E+003
   402.3810  0.65510817E+005  0.63647963E+005  0.63637772E+005  0.64648655E+005  0.64168197E+005  0.17956957E+003  0.17968221E+003  0.35103977E+003  0.35014041E+003
   402.6316  0.70935230E+005  0.68918074E+005  0.68924694E+005  0.70019547E+005  0.69499165E+005  0.17690441E+003  0.17729035E+003  0.34487305E+003  0.34391217E+003
   402.8822  0.73624181E+005  0.71530529E+005  0.71547412E+005  0.72683919E+005  0.72143731E+005  0.17366904E+003  0.17421928E+003  0.33796946E+003  0.33697950E+003
   403.1328  0.72883105E+005  0.70810520E+005  0.70829497E+005  0.71954599E+005  0.71419830E+005  0.16967227E+003  0.17025084E+003  0.33004863E+003  0.32907029E+003
   403.3835  0.68909352E+005  0.66949784E+005  0.66963156E+005  0.68026847E+005  0.67521271E+005  0.16495923E+003  0.16543796E+003  0.32117173E+003  0.32024337E+003
   403.6341  0.62672780E+005  0.60890591E+005  0.60892935E+005  0.61860210E+005  0.61400469E+005  0.15977975E+003  0.16006839E+003  0.31169580E+003  0.31084425E+003
   403.8847  0.55394846E+005  0.53819656E+005  0.53808410E+005  0.54663159E+005  0.54256913E+005  0.15445057E+003  0.15450662E+003  0.30207475E+003  0.30131230E+003
   404.1353  0.48077117E+005  0.46710059E+005  0.46685009E+005  0.47426615E+005  0.47074157E+005  0.14923067E+003  0.14905076E+003  0.29267924E+003  0.29200629E+003
   404.3860  0.41326038E+005  0.40150994E+005  0.40113351E+005  0.40750577E+005  0.40447740E+005  0.14427486E+003  0.14387938E+003  0.28372974E+003  0.28313944E+003
   404.6366  0.35405062E+005  0.34398422E+005  0.34350017E+005  0.34895702E+005  0.34636383E+005  0.13964758E+003  0.13906726E+003  0.27531634E+003  0.27479875E+003
   404.8872  0.30359589E+005  0.29496450E+005  0.29439225E+005  0.29906910E+005  0.29684671E+005  0.13535591E+003  0.13462334E+003  0.26744647E+003  0.26699109E+003
   405.1378  0.26124672E+005  0.25381981E+005  0.25317730E+005  0.25719952E+005  0.25528834E+005  0.13137801E+003  0.13052330E+003  0.26008596E+003  0.25968308E+003
   405.3885  0.22593222E+005  0.21950969E+005  0.21881243E+005  0.22228881E+005  0.22063710E+005  0.12768117E+003  0.12673032E+003  0.25318509E+003  0.25282626E+003
   405.6391  0.19651881E+005  0.19093282E+005  0.19019368E+005  0.19321549E+005  0.19177988E+005  0.12423125E+003  0.12320592E+003  0.24669218E+003  0.24637033E+003
   405.8897  0.17196956E+005  0.16708175E+005  0.16631124E+005  0.16895371E+005  0.16769842E+005  0.12099689E+003  0.11991473E+003  0.24055975E+003  0.24026901E+003
   406.1404  0.15139772E+005  0.14709497E+005  0.14630155E+005  0.14862619E+005  0.14752198E+005  0.11795092E+003  0.11682620E+003  0.23474643E+003  0.23448201E+003
   406.3910  0.13407065E+005  0.13026067E+005  0.12945112E+005  0.13150811E+005  0.13053114E+005  0.11507044E+003  0.11391461E+003  0.22921715E+003  0.22897514E+003
   406.6416  0.11939368E+005  0.11600109E+005  0.11518084E+005  0.11701116E+005  0.11614193E+005  0.11233638E+003  0.11115863E+003  0.22394250E+003  0.22371968E+003
   406.8922  0.10688809E+005  0.10385114E+005  0.10302453E+005  0.10466176E+005  0.10388431E+005  0.10973290E+003  0.10854061E+003  0.21889781E+003  0.21869155E+003
   407.1429  0.96169647E+004  0.93437492E+004  0.92608004E+004  0.94079772E+004  0.93380966E+004  0.10724686E+003  0.10604592E+003  0.21406237E+003  0.21387050E+003
   407.3935  0.86929709E+004  0.84460305E+004  0.83630710E+004  0.84959879E+004  0.84328851E+004  0.10486722E+003  0.10366239E+003  0.20941866E+003  0.20923935E+003
   407.6441  0.78919734E+004  0.76678097E+004  0.75850621E+004  0.77056207E+004  0.76483917E+004  0.10258470E+003  0.10137981E+003  0.20495174E+003  0.20478349E+003
   407.8947  0.71938763E+004  0.69895628E+004  0.69072052E+004  0.70169962E+004  0.69648848E+004  0.10039141E+003  0.99189547E+002  0.20064874E+003  0.20049029E+003
   408.1454  0.65823549E+004  0.63954292E+004  0.63136042E+004  0.64139658E+004  0.63663358E+004  0.98280593E+002  0.97084227E+002  0.19649853E+003  0.19634879E+003
   408.3960  0.60440793E+004  0.58724582E+004  0.57912794E+004  0.58833437E+004  0.58396570E+004  0.96246387E+002  0.95057513E+002  0.19249132E+003  0.19234938E+003
   408.6466  0.55681065E+004  0.54100180E+004  0.53295756E+004  0.54143056E+004  0.53741044E+004  0.94283683E+002  0.93103903E+002  0.18861848E+003  0.18848357E+003
   408.8972  0.51454042E+004  0.49993333E+004  0.49196986E+004  0.49979175E+004  0.49608105E+004  0.92387981E+002  0.91218577E+002  0.18487233E+003  0.18474376E+003
   409.1479  0.47684770E+004  0.46331219E+004  0.45543507E+004  0.46267658E+004  0.45924167E+004  0.90555289E+002  0.89397279E+002  0.18124595E+003  0.18112314E+003
   409.3985  0.44310721E+004  0.43053088E+004  0.42274442E+004  0.42946660E+004  0.42627846E+004  0.88782037E+002  0.87636224E+002  0.17773311E+003  0.17761556E+003
   409.6491  0.41279461E+004  0.40107997E+004  0.39338743E+004  0.39964324E+004  0.39667670E+004  0.87065012E+002  0.85932023E+002  0.17432813E+003  0.17421540E+003
   409.8997  0.38546804E+004  0.37453017E+004  0.36693396E+004  0.37276952E+004  0.37000266E+004  0.85401301E+002  0.84281618E+002  0.17102583E+003  0.17091753E+003
   410.1504  0.36075334E+004  0.35051796E+004  0.34301978E+004  0.34847542E+004  0.34588906E+004  0.83788254E+002  0.82682235E+002  0.16782143E+003  0.16771721E+003
   410.4010  0.33833220E+004  0.32873410E+004  0.32133507E+004  0.32644620E+004  0.32402351E+004  0.82223440E+002  0.81131346E+002  0.16471053E+003  0.16461009E+003
   410.6516  0.31793265E+004  0.30891433E+004  0.30161509E+004  0.30641292E+004  0.30413907E+004  0.80704623E+002  0.79626630E+002  0.16168904E+003  0.16159211E+003
   410.9023  0.29932132E+004  0.29083193E+004  0.28363270E+004  0.28814484E+004  0.28600671E+004  0.79229738E+002  0.78165953E+002  0.15875316E+003  0.15865950E+003
   411.1529  0.28229711E+004  0.27429152E+004  0.26719221E+004  0.27144315E+004  0.26942910E+004  0.77796868E+002  0.76747341E+002  0.15589933E+003  0.15580872E+003
   411.4035  0.26668611E+004  0.25912413E+004  0.25212437E+004  0.25613591E+004  0.25423558E+004  0.76404229E+002  0.75368961E+002  0.15312424E+003  0.15303649E+003
   411.6541  0.25233731E+004  0.24518305E+004  0.23828224E+004  0.24207386E+004  0.24027799E+004  0.75050153E+002  0.74029107E+002  0.15042475E+003  0.15033968E+003
   411.9048  0.23911914E+004  0.23234047E+004  0.22553783E+004  0.22912695E+004  0.22742725E+004  0.73733082E+002  0.72726185E+002  0.14779793E+003  0.14771538E+003
   412.1554  0.22691660E+004  0.22048462E+004  0.21377922E+004  0.21718151E+004  0.21557055E+004  0.72451549E+002  0.71458703E+002  0.14524101E+003  0.14516084E+003
   412.4060  0.21562879E+004  0.20951750E+004  0.20290828E+004  0.20613785E+004  0.20460891E+004  0.71204176E+002  0.70225260E+002  0.14275137E+003  0.14267344E+003
   412.6566  0.20516695E+004  0.19935287E+004  0.19283867E+004  0.19590824E+004  0.19445528E+004  0.69989662E+002  0.69024538E+002  0.14032653E+003  0.14025072E+003
   412.9073  0.19545275E+004  0.18991461E+004  0.18349420E+004  0.18641529E+004  0.18503284E+004  0.68806781E+002  0.67855292E+002  0.13796413E+003  0.13789033E+003
   413.1579  0.18641685E+004  0.18113538E+004  0.17480744E+004  0.17759050E+004  0.17627360E+004  0.67654369E+002  0.66716348E+002  0.13566194E+003  0.13559006E+003
   413.4085  0.17799773E+004  0.17295539E+004  0.16671858E+004  0.16937311E+004  0.16811723E+004  0.66531326E+002  0.65606596E+002  0.13341785E+003  0.13334778E+003
   413.6591  0.17014064E+004  0.16532145E+004  0.15917439E+004  0.16170904E+004  0.16051007E+004  0.65436604E+002  0.64524981E+002  0.13122983E+003  0.13116149E+003
   413.9098  0.16279674E+004  0.15818611E+004  0.15212738E+004  0.15455005E+004  0.15340425E+004  0.64369212E+002  0.63470504E+002  0.12909597E+003  0.12902927E+003
   414.1604  0.15592235E+004  0.15150694E+004  0.14553510E+004  0.14785302E+004  0.14675695E+004  0.63328203E+002  0.62442214E+002  0.12701441E+003  0.12694929E+003
   414.4110  0.14947834E+004  0.14524591E+004  0.13935952E+004  0.14157930E+004  0.14052981E+004  0.62312676E+002  0.61439209E+002  0.12498342E+003  0.12491981E+003
   414.6617  0.14342952E+004  0.13936884E+004  0.13356644E+004  0.13569417E+004  0.13468838E+004  0.61321773E+002  0.60460626E+002  0.12300132E+003  0.12293915E+003
   414.9123  0.13774423E+004  0.13384497E+004  0.12812512E+004  0.13016638E+004  0.12920163E+004  0.60354674E+002  0.59505645E+002  0.12106651E+003  0.12100572E+003
   415.1629  0.13239392E+004  0.12864655E+004  0.12300781E+004  0.12496774E+004  0.12404159E+004  0.59410595E+002  0.58573482E+002  0.11917746E+003  0.11911800E+003
   415.4135  0.12735275E+004  0.12374849E+004  0.11818941E+004  0.12007277E+004  0.11918297E+004  0.58488789E+002  0.57663388E+002  0.11733271E+003  0.11727451E+003
   415.6642  0.12259734E+004  0.11912807E+004  0.11364722E+004  0.11545840E+004  0.11460285E+004  0.57588539E+002  0.56774649E+002  0.11553084E+003  0.11547387E+003
   415.9148  0.11810646E+004  0.11476465E+004  0.10936063E+004  0.11110369E+004  0.11028047E+004  0.56709159E+002  0.55906580E+002  0.11377052E+003  0.11371472E+003
   416.1654  0.11386082E+004  0.11063951E+004  0.10531092E+004  0.10698962E+004  0.10619694E+004  0.55849991E+002  0.55058524E+002  0.11205044E+003  0.11199578E+003
   416.4160  0.10984284E+004  0.10673556E+004  0.10148101E+004  0.10309885E+004  0.10233505E+004  0.55010407E+002  0.54229854E+002  0.11036938E+003  0.11031581E+003
   416.6667  0.10603649E+004  0.10303723E+004  0.97855373E+003  0.99415591E+003  0.98679130E+003  0.54189801E+002  0.53419969E+002  0.10872614E+003  0.10867362E+003
   416.9173  0.10242714E+004  0.99530294E+003  0.94419786E+003  0.95925406E+003  0.95214850E+003  0.53387595E+002  0.52628289E+002  0.10711957E+003  0.10706807E+003
   417.1679  0.99001374E+003  0.96201732E+003  0.91161254E+003  0.92615089E+003  0.91929102E+003  0.52603229E+002  0.51854261E+002  0.10554858E+003  0.10549806E+003
   417.4185  0.95746920E+003  0.93039611E+003  0.88067866E+003  0.89472541E+003  0.88809876E+003  0.51836170E+002  0.51097353E+002  0.10401212E+003  0.10396254E+003
   417.6692  0.92652500E+003  0.90032979E+003  0.85128692E+003  0.86486658E+003  0.85846152E+003  0.51085904E+002  0.50357053E+002  0.10250915E+003  0.10246050E+003
   417.9198  0.89707754E+003  0.87171768E+003  0.82333688E+003  0.83647236E+003  0.83027801E+003  0.50351934E+002  0.49632869E+002  0.10103871E+003  0.10099095E+003
   418.1704  0.86903146E+003  0.84446713E+003  0.79673612E+003  0.80944886E+003  0.80345504E+003  0.49633786E+002  0.48924329E+002  0.99599859E+002  0.99552951E+002
   418.4211  0.84229886E+003  0.81849275E+003  0.77139947E+003  0.78370957E+003  0.77790673E+003  0.48931001E+002  0.48230976E+002  0.98191678E+002  0.98145603E+002
   418.6717  0.81679862E+003  0.79371573E+003  0.74724836E+003  0.75917466E+003  0.75355387E+003  0.48243137E+002  0.47552374E+002  0.96813299E+002  0.96768031E+002
   418.9223  0.79245582E+003  0.77006326E+003  0.72421022E+003  0.73577041E+003  0.73032326E+003  0.47569770E+002  0.46888099E+002  0.95463876E+002  0.95419392E+002
   419.1729  0.76920111E+003  0.74746798E+003  0.70221791E+003  0.71342862E+003  0.70814723E+003  0.46910491E+002  0.46237747E+002  0.94142599E+002  0.94098875E+002
   419.4236  0.74697028E+003  0.72586750E+003  0.68120927E+003  0.69208614E+003  0.68696308E+003  0.46264904E+002  0.45600925E+002  0.92848682E+002  0.92805696E+002
   419.6742  0.72570378E+003  0.70520396E+003  0.66112669E+003  0.67168443E+003  0.66671272E+003  0.45632628E+002  0.44977255E+002  0.91581371E+002  0.91539102E+002
   419.9248  0.70534636E+003  0.68542368E+003  0.64191669E+003  0.65216918E+003  0.64734223E+003  0.45013297E+002  0.44366374E+002  0.90339934E+002  0.90298362E+002
   420.1754  0.68584663E+003  0.66647673E+003  0.62352958E+003  0.63348990E+003  0.62880151E+003  0.44406555E+002  0.43767929E+002  0.89123667E+002  0.89082773E+002
   420.4261  0.66715681E+003  0.64831670E+003  0.60591915E+003  0.61559965E+003  0.61104396E+003  0.43812061E+002  0.43181583E+002  0.87931891E+002  0.87891655E+002
   420.6767  0.64923241E+003  0.63090035E+003  0.58904240E+003  0.59845475E+003  0.59402621E+003  0.43229484E+002  0.42607007E+002  0.86763946E+002  0.86724351E+002
   420.9273  0.63203195E+003  0.61418738E+003  0.57285923E+003  0.58201445E+003  0.57770784E+003  0.42658505E+002  0.42043886E+002  0.85619199E+002  0.85580228E+002
   421.1779  0.61551671E+003  0.59814018E+003  0.55733224E+003  0.56624077E+003  0.56205114E+003  0.42098816E+002  0.41491914E+002  0.84497036E+002  0.84458673E+002
   421.4286  0.59965057E+003  0.58272364E+003  0.54242653E+003  0.55109825E+003  0.54702092E+003  0.41550118E+002  0.40950796E+002  0.83396862E+002  0.83359091E+002
   421.6792  0.58439971E+003  0.56790493E+003  0.52810947E+003  0.53655374E+003  0.53258426E+003  0.41012124E+002  0.40420247E+002  0.82318105E+002  0.82280911E+002
   421.9298  0.56973254E+003  0.55365333E+003  0.51435053E+003  0.52257623E+003  0.51871039E+003  0.40484555E+002  0.39899990E+002  0.81260209E+002  0.81223577E+002
   422.1805  0.55561944E+003  0.53994007E+003  0.50112115E+003  0.50913670E+003  0.50537052E+003  0.39967142E+002  0.39389761E+002  0.80222638E+002  0.80186554E+002
   422.4311  0.54203267E+003  0.52673820E+003  0.48839456E+003  0.49620796E+003  0.49253763E+003  0.39459623E+002  0.38889300E+002  0.79204870E+002  0.79169321E+002
   422.6817  0.52894619E+003  0.51402242E+003  0.47614565E+003  0.48376451E+003  0.48018643E+003  0.38961747E+002  0.38398358E+002  0.78206405E+002  0.78171377E+002
   422.9323  0.51633558E+003  0.50176899E+003  0.46435087E+003  0.47178240E+003  0.46829315E+003  0.38473270E+002  0.37916693E+002  0.77226754E+002  0.77192236E+002
   423.1830  0.50417786E+003  0.48995562E+003  0.45298808E+003  0.46023916E+003  0.45683548E+003  0.37993955E+002  0.37444072E+002  0.76265445E+002  0.76231425E+002
   423.4336  0.49245147E+003  0.47856132E+003  0.44203649E+003  0.44911366E+003  0.44579246E+003  0.37523573E+002  0.36980268E+002  0.75322023E+002  0.75288488E+002
   423.6842  0.48113608E+003  0.46756636E+003  0.43147654E+003  0.43838603E+003  0.43514434E+003  0.37061902E+002  0.36525062E+002  0.74396044E+002  0.74362984E+002
   423.9348  0.47021256E+003  0.45695216E+003  0.42128980E+003  0.42803756E+003  0.42487257E+003  0.36608728E+002  0.36078241E+002  0.73487080E+002  0.73454483E+002
   424.1855  0.45966290E+003  0.44670121E+003  0.41145893E+003  0.41805062E+003  0.41495965E+003  0.36163842E+002  0.35639600E+002  0.72594715E+002  0.72562571E+002
   424.4361  0.44947010E+003  0.43679699E+003  0.40196757E+003  0.40840860E+003  0.40538909E+003  0.35727042E+002  0.35208939E+002  0.71718546E+002  0.71686844E+002
   424.6867  0.43961812E+003  0.42722392E+003  0.39280030E+003  0.39909582E+003  0.39614532E+003  0.35298134E+002  0.34786065E+002  0.70858181E+002  0.70826913E+002
   424.9373  0.43009182E+003  0.41796728E+003  0.38394255E+003  0.39009750E+003  0.38721368E+003  0.34876927E+002  0.34370790E+002  0.70013243E+002  0.69982398E+002
   425.1880  0.42087689E+003  0.40901318E+003  0.37538057E+003  0.38139966E+003  0.37858029E+003  0.34463236E+002  0.33962932E+002  0.69183364E+002  0.69152933E+002
   425.4386  0.41195979E+003  0.40034847E+003  0.36710136E+003  0.37298908E+003  0.37023203E+003  0.34056885E+002  0.33562316E+002  0.68368186E+002  0.68338161E+002
   425.6892  0.40332773E+003  0.39196072E+003  0.35909262E+003  0.36485329E+003  0.36215652E+003  0.33657699E+002  0.33168769E+002  0.67567364E+002  0.67537736E+002
   425.9398  0.39496859E+003  0.38383814E+003  0.35134272E+003  0.35698046E+003  0.35434202E+003  0.33265510E+002  0.32782125E+002  0.66780562E+002  0.66751322E+002
   426.1905  0.38687090E+003  0.37596959E+003  0.34384063E+003  0.34935940E+003  0.34677742E+003  0.32880155E+002  0.32402224E+002  0.66007454E+002  0.65978594E+002
   426.4411  0.37902377E+003  0.36834450E+003  0.33657594E+003  0.34197951E+003  0.33945220E+003  0.32501476E+002  0.32028910E+002  0.65247722E+002  0.65219234E+002
   426.6917  0.37141690E+003  0.36095285E+003  0.32953872E+003  0.33483073E+003  0.33235637E+003  0.32129319E+002  0.31662029E+002  0.64501060E+002  0.64472937E+002
   426.9424  0.36404048E+003  0.35378512E+003  0.32271961E+003  0.32790353E+003  0.32548048E+003  0.31763535E+002  0.31301435E+002  0.63767169E+002  0.63739403E+002
   427.1930  0.35688524E+003  0.34683229E+003  0.31610969E+003  0.32118885E+003  0.31881554E+003  0.31403978E+002  0.30946984E+002  0.63045758E+002  0.63018342E+002
   427.4436  0.34994234E+003  0.34008579E+003  0.30970051E+003  0.31467812E+003  0.31235303E+003  0.31050508E+002  0.30598537E+002  0.62336546E+002  0.62309473E+002
   427.6942  0.34320339E+003  0.33353745E+003  0.30348403E+003  0.30836316E+003  0.30608484E+003  0.30702987E+002  0.30255958E+002  0.61639258E+002  0.61612522E+002
   427.9449  0.33666041E+003  0.32717953E+003  0.29745261E+003  0.30223622E+003  0.30000327E+003  0.30361282E+002  0.29919117E+002  0.60953628E+002  0.60927222E+002
   428.1955  0.33030582E+003  0.32100466E+003  0.29159899E+003  0.29628992E+003  0.29410100E+003  0.30025265E+002  0.29587886E+002  0.60279398E+002  0.60253315E+002
   428.4461  0.32413240E+003  0.31500581E+003  0.28591626E+003  0.29051723E+003  0.28837106E+003  0.29694809E+002  0.29262139E+002  0.59616316E+002  0.59590550E+002
   428.6967  0.31813326E+003  0.30917631E+003  0.28039784E+003  0.28491148E+003  0.28280681E+003  0.29369791E+002  0.28941757E+002  0.58964136E+002  0.58938681E+002
   428.9474  0.31230184E+003  0.30350978E+003  0.27503747E+003  0.27946630E+003  0.27740194E+003  0.29050094E+002  0.28626622E+002  0.58322621E+002  0.58297471E+002
   429.1980  0.30663191E+003  0.29800015E+003  0.26982916E+003  0.27417562E+003  0.27215043E+003  0.28735600E+002  0.28316620E+002  0.57691539E+002  0.57666688E+002
   429.4486  0.30111750E+003  0.29264164E+003  0.26476724E+003  0.26903366E+003  0.26704654E+003  0.28426198E+002  0.28011639E+002  0.57070664E+002  0.57046108E+002
   429.6992  0.29575293E+003  0.28742872E+003  0.25984628E+003  0.26403492E+003  0.26208480E+003  0.28121778E+002  0.27711572E+002  0.56459778E+002  0.56435510E+002
   429.9499  0.29053278E+003  0.28235613E+003  0.25506108E+003  0.25917412E+003  0.25725998E+003  0.27822233E+002  0.27416312E+002  0.55858667E+002  0.55834682E+002
   430.2005  0.28545185E+003  0.27741882E+003  0.25040672E+003  0.25444625E+003  0.25256710E+003  0.27527460E+002  0.27125759E+002  0.55267123E+002  0.55243416E+002
   430.4511  0.28050521E+003  0.27261198E+003  0.24587847E+003  0.24984650E+003  0.24800140E+003  0.27237358E+002  0.26839811E+002  0.54684944E+002  0.54661510E+002
   430.7018  0.27568812E+003  0.26793103E+003  0.24147182E+003  0.24537031E+003  0.24355834E+003  0.26951827E+002  0.26558373E+002  0.54111933E+002  0.54088767E+002
   430.9524  0.27099606E+003  0.26337156E+003  0.23718246E+003  0.24101329E+003  0.23923356E+003  0.26670774E+002  0.26281348E+002  0.53547899E+002  0.53524996E+002
   431.2030  0.26642470E+003  0.25892938E+003  0.23300627E+003  0.23677125E+003  0.23502291E+003  0.26394103E+002  0.26008647E+002  0.52992654E+002  0.52970010E+002
   431.4536  0.26196990E+003  0.25460046E+003  0.22893931E+003  0.23264020E+003  0.23092242E+003  0.26121725E+002  0.25740178E+002  0.52446017E+002  0.52423627E+002
   431.7043  0.25762771E+003  0.25038094E+003  0.22497780E+003  0.22861629E+003  0.22692829E+003  0.25853551E+002  0.25475854E+002  0.51907810E+002  0.51885670E+002
   431.9549  0.25339432E+003  0.24626715E+003  0.22111814E+003  0.22469586E+003  0.22303686E+003  0.25589494E+002  0.25215591E+002  0.51377861E+002  0.51355966E+002
   432.2055  0.24926609E+003  0.24225556E+003  0.21735686E+003  0.22087541E+003  0.21924467E+003  0.25329471E+002  0.24959305E+002  0.50856002E+002  0.50834348E+002
   432.4561  0.24523956E+003  0.23834276E+003  0.21369066E+003  0.21715155E+003  0.21554836E+003  0.25073400E+002  0.24706916E+002  0.50342069E+002  0.50320651E+002
   432.7068  0.24131137E+003  0.23452553E+003  0.21011635E+003  0.21352108E+003  0.21194474E+003  0.24821202E+002  0.24458345E+002  0.49835901E+002  0.49814716E+002
   432.9574  0.23747832E+003  0.23080074E+003  0.20663091E+003  0.20998090E+003  0.20843075E+003  0.24572797E+002  0.24213516E+002  0.49337343E+002  0.49316387E+002
   433.2080  0.23373734E+003  0.22716542E+003  0.20323140E+003  0.20652804E+003  0.20500343E+003  0.24328110E+002  0.23972352E+002  0.48846242E+002  0.48825512E+002
   433.4586  0.23008548E+003  0.22361669E+003  0.19991503E+003  0.20315967E+003  0.20165996E+003  0.24087069E+002  0.23734782E+002  0.48362452E+002  0.48341944E+002
   433.7093  0.22651991E+003  0.22015181E+003  0.19667911E+003  0.19987305E+003  0.19839764E+003  0.23849599E+002  0.23500734E+002  0.47885827E+002  0.47865537E+002
   433.9599  0.22303791E+003  0.21676813E+003  0.19352107E+003  0.19666556E+003  0.19521387E+003  0.23615632E+002  0.23270139E+002  0.47416227E+002  0.47396150E+002
   434.2105  0.21963687E+003  0.21346311E+003  0.19043842E+003  0.19353469E+003  0.19210616E+003  0.23385097E+002  0.23042930E+002  0.46953513E+002  0.46933647E+002
   434.4612  0.21631427E+003  0.21023433E+003  0.18742880E+003  0.19047803E+003  0.18907209E+003  0.23157930E+002  0.22819039E+002  0.46497552E+002  0.46477894E+002
   434.7118  0.21306771E+003  0.20707942E+003  0.18448990E+003  0.18749325E+003  0.18610937E+003  0.22934063E+002  0.22598403E+002  0.46048213E+002  0.46028759E+002
   434.9624  0.20989486E+003  0.20399614E+003  0.18161954E+003  0.18457812E+003  0.18321579E+003  0.22713434E+002  0.22380959E+002  0.45605368E+002  0.45586115E+002
   435.2130  0.20679349E+003  0.20098232E+003  0.17881560E+003  0.18173050E+003  0.18038921E+003  0.22495980E+002  0.22166645E+002  0.45168893E+002  0.45149837E+002
   435.4637  0.20376146E+003  0.19803587E+003  0.17607606E+003  0.17894831E+003  0.17762759E+003  0.22281640E+002  0.21955402E+002  0.44738665E+002  0.44719804E+002
   435.7143  0.20079669E+003  0.19515478E+003  0.17339895E+003  0.17622959E+003  0.17492896E+003  0.22070356E+002  0.21747171E+002  0.44314567E+002  0.44295897E+002
   435.9649  0.19789721E+003  0.19233713E+003  0.17078239E+003  0.17357241E+003  0.17229141E+003  0.21862069E+002  0.21541895E+002  0.43896482E+002  0.43878000E+002
   436.2155  0.19506108E+003  0.18958104E+003  0.16822458E+003  0.17097494E+003  0.16971313E+003  0.21656723E+002  0.21339519E+002  0.43484296E+002  0.43466000E+002
   436.4662  0.19228647E+003  0.18688473E+003  0.16572376E+003  0.16843540E+003  0.16719236E+003  0.21454263E+002  0.21139987E+002  0.43077900E+002  0.43059787E+002
   436.7168  0.18957160E+003  0.18424646E+003  0.16327827E+003  0.16595210E+003  0.16472740E+003  0.21254635E+002  0.20943247E+002  0.42677186E+002  0.42659252E+002
   436.9674  0.18691475E+003  0.18166458E+003  0.16088648E+003  0.16352339E+003  0.16231663E+003  0.21057786E+002  0.20749247E+002  0.42282047E+002  0.42264291E+002
   437.2180  0.18431427E+003  0.17913747E+003  0.15854683E+003  0.16114769E+003  0.15995847E+003  0.20863664E+002  0.20557936E+002  0.41892381E+002  0.41874799E+002
   437.4687  0.18176856E+003  0.17666359E+003  0.15625782E+003  0.15882346E+003  0.15765141E+003  0.20672221E+002  0.20369265E+002  0.41508087E+002  0.41490677E+002
   437.7193  0.17927610E+003  0.17424144E+003  0.15401799E+003  0.15654925E+003  0.15539399E+003  0.20483406E+002  0.20183185E+002  0.41129067E+002  0.41111826E+002
   437.9699  0.17683539E+003  0.17186958E+003  0.15182596E+003  0.15432362E+003  0.15318480E+003  0.20297171E+002  0.19999649E+002  0.40755224E+002  0.40738151E+002
   438.2206  0.17444501E+003  0.16954662E+003  0.14968038E+003  0.15214522E+003  0.15102247E+003  0.20113470E+002  0.19818610E+002  0.40386466E+002  0.40369556E+002
   438.4712  0.17210357E+003  0.16727123E+003  0.14757993E+003  0.15001272E+003  0.14890571E+003  0.19932257E+002  0.19640025E+002  0.40022699E+002  0.40005951E+002
   438.7218  0.16980974E+003  0.16504209E+003  0.14552336E+003  0.14792484E+003  0.14683324E+003  0.19753488E+002  0.19463847E+002  0.39663834E+002  0.39647246E+002
   438.9724  0.16756223E+003  0.16285797E+003  0.14350947E+003  0.14588036E+003  0.14480385E+003  0.19577117E+002  0.19290035E+002  0.39309784E+002  0.39293353E+002
   439.2231  0.16535979E+003  0.16071764E+003  0.14153708E+003  0.14387809E+003  0.14281635E+003  0.19403104E+002  0.19118546E+002  0.38960462E+002  0.38944186E+002
   439.4737  0.16320123E+003  0.15861995E+003  0.13960506E+003  0.14191687E+003  0.14086961E+003  0.19231405E+002  0.18949339E+002  0.38615785E+002  0.38599662E+002
   439.7243  0.16108538E+003  0.15656376E+003  0.13771231E+003  0.13999561E+003  0.13896252E+003  0.19061980E+002  0.18782374E+002  0.38275671E+002  0.38259698E+002
   439.9749  0.15901112E+003  0.15454799E+003  0.13585778E+003  0.13811323E+003  0.13709402E+003  0.18894789E+002  0.18617610E+002  0.37940039E+002  0.37924215E+002
   440.2256  0.15697736E+003  0.15257157E+003  0.13404045E+003  0.13626869E+003  0.13526309E+003  0.18729792E+002  0.18455010E+002  0.37608811E+002  0.37593133E+002
   440.4762  0.15498304E+003  0.15063348E+003  0.13225933E+003  0.13446100E+003  0.13346872E+003  0.18566953E+002  0.18294535E+002  0.37281910E+002  0.37266377E+002
   440.7268  0.15302717E+003  0.14873275E+003  0.13051346E+003  0.13268919E+003  0.13170997E+003  0.18406232E+002  0.18136149E+002  0.36959262E+002  0.36943871E+002
   440.9774  0.15110874E+003  0.14686840E+003  0.12880193E+003  0.13095232E+003  0.12998590E+003  0.18247593E+002  0.17979816E+002  0.36640792E+002  0.36625542E+002
   441.2281  0.14922682E+003  0.14503953E+003  0.12712383E+003  0.12924949E+003  0.12829562E+003  0.18091001E+002  0.17825500E+002  0.36326429E+002  0.36311317E+002
   441.4787  0.14738047E+003  0.14324523E+003  0.12547831E+003  0.12757981E+003  0.12663825E+003  0.17936421E+002  0.17673167E+002  0.36016102E+002  0.36001127E+002
   441.7293  0.14556882E+003  0.14148463E+003  0.12386453E+003  0.12594246E+003  0.12501295E+003  0.17783818E+002  0.17522783E+002  0.35709743E+002  0.35694903E+002
   441.9799  0.14379099E+003  0.13975691E+003  0.12228168E+003  0.12433659E+003  0.12341891E+003  0.17633158E+002  0.17374314E+002  0.35407285E+002  0.35392577E+002
   442.2306  0.14204615E+003  0.13806124E+003  0.12072897E+003  0.12276143E+003  0.12185535E+003  0.17484409E+002  0.17227729E+002  0.35108660E+002  0.35094083E+002
   442.4812  0.14033349E+003  0.13639685E+003  0.11920564E+003  0.12121621E+003  0.12032150E+003  0.17337538E+002  0.17082995E+002  0.34813805E+002  0.34799358E+002
   442.7318  0.13865223E+003  0.13476297E+003  0.11771096E+003  0.11970017E+003  0.11881662E+003  0.17192514E+002  0.16940082E+002  0.34522657E+002  0.34508337E+002
   442.9825  0.13700160E+003  0.13315885E+003  0.11624422E+003  0.11821261E+003  0.11734000E+003  0.17049307E+002  0.16798959E+002  0.34235153E+002  0.34220959E+002
   443.2331  0.13538088E+003  0.13158380E+003  0.11480472E+003  0.11675281E+003  0.11589095E+003  0.16907885E+002  0.16659596E+002  0.33951234E+002  0.33937164E+002
   443.4837  0.13378934E+003  0.13003711E+003  0.11339179E+003  0.11532012E+003  0.11446878E+003  0.16768219E+002  0.16521964E+002  0.33670838E+002  0.33656891E+002
   443.7343  0.13222631E+003  0.12851811E+003  0.11200479E+003  0.11391387E+003  0.11307287E+003  0.16630281E+002  0.16386034E+002  0.33393910E+002  0.33380084E+002
   443.9850  0.13069110E+003  0.12702615E+003  0.11064308E+003  0.11253342E+003  0.11170257E+003  0.16494042E+002  0.16251779E+002  0.33120391E+002  0.33106684E+002
   444.2356  0.12918306E+003  0.12556060E+003  0.10930606E+003  0.11117817E+003  0.11035728E+003  0.16359474E+002  0.16119171E+002  0.32850225E+002  0.32836636E+002
   444.4862  0.12770158E+003  0.12412085E+003  0.10799314E+003  0.10984752E+003  0.10903640E+003  0.16226549E+002  0.15988184E+002  0.32583359E+002  0.32569887E+002
   444.7368  0.12624603E+003  0.12270630E+003  0.10670373E+003  0.10854089E+003  0.10773936E+003  0.16095242E+002  0.15858790E+002  0.32319738E+002  0.32306381E+002
   444.9875  0.12481583E+003  0.12131639E+003  0.10543728E+003  0.10725772E+003  0.10646561E+003  0.15965526E+002  0.15730964E+002  0.32059311E+002  0.32046067E+002
   445.2381  0.12341040E+003  0.11995054E+003  0.10419326E+003  0.10599748E+003  0.10521460E+003  0.15837375E+002  0.15604682E+002  0.31802025E+002  0.31788893E+002
   445.4887  0.12202918E+003  0.11860823E+003  0.10297113E+003  0.10475962E+003  0.10398582E+003  0.15710765E+002  0.15479917E+002  0.31547831E+002  0.31534810E+002
   445.7393  0.12067164E+003  0.11728892E+003  0.10177038E+003  0.10354366E+003  0.10277877E+003  0.15585670E+002  0.15356647E+002  0.31296679E+002  0.31283767E+002
   445.9900  0.11933724E+003  0.11599210E+003  0.10059053E+003  0.10234908E+003  0.10159294E+003  0.15462067E+002  0.15234846E+002  0.31048521E+002  0.31035716E+002
   446.2406  0.11802549E+003  0.11471729E+003  0.99431085E+002  0.10117542E+003  0.10042787E+003  0.15339932E+002  0.15114492E+002  0.30803308E+002  0.30790611E+002
   446.4912  0.11673589E+003  0.11346400E+003  0.98291586E+002  0.10002220E+003  0.99283091E+002  0.15219242E+002  0.14995563E+002  0.30560996E+002  0.30548404E+002
   446.7419  0.11546795E+003  0.11223178E+003  0.97171578E+002  0.98888989E+002  0.98158162E+002  0.15099974E+002  0.14878035E+002  0.30321538E+002  0.30309050E+002
   446.9925  0.11422123E+003  0.11102016E+003  0.96070619E+002  0.97775338E+002  0.97052648E+002  0.14982106E+002  0.14761886E+002  0.30084890E+002  0.30072504E+002
   447.2431  0.11299527E+003  0.10982871E+003  0.94988281E+002  0.96680830E+002  0.95966130E+002  0.14865616E+002  0.14647096E+002  0.29851007E+002  0.29838723E+002
   447.4937  0.11178962E+003  0.10865702E+003  0.93924150E+002  0.95605054E+002  0.94898203E+002  0.14750482E+002  0.14533643E+002  0.29619847E+002  0.29607663E+002
   447.7444  0.11060389E+003  0.10750466E+003  0.92877820E+002  0.94547616E+002  0.93848472E+002  0.14636684E+002  0.14421506E+002  0.29391368E+002  0.29379283E+002
   447.9950  0.10943764E+003  0.10637125E+003  0.91848898E+002  0.93508131E+002  0.92816558E+002  0.14524201E+002  0.14310665E+002  0.29165528E+002  0.29153542E+002
   448.2456  0.10829049E+003  0.10525640E+003  0.90837003E+002  0.92486229E+002  0.91802092E+002  0.14413013E+002  0.14201100E+002  0.28942287E+002  0.28930398E+002
   448.4962  0.10716206E+003  0.10415974E+003  0.89841762E+002  0.91481552E+002  0.90804717E+002  0.14303100E+002  0.14092791E+002  0.28721605E+002  0.28709812E+002
   448.7469  0.10605197E+003  0.10308090E+003  0.88862814E+002  0.90493752E+002  0.89824089E+002  0.14194442E+002  0.13985720E+002  0.28503444E+002  0.28491745E+002
   448.9975  0.10495986E+003  0.10201954E+003  0.87899808E+002  0.89522495E+002  0.88859875E+002  0.14087021E+002  0.13879868E+002  0.28287764E+002  0.28276159E+002
   449.2481  0.10388540E+003  0.10097532E+003  0.86952402E+002  0.88567456E+002  0.87911754E+002  0.13980818E+002  0.13775216E+002  0.28074529E+002  0.28063016E+002
   449.4987  0.10282824E+003  0.99947920E+002  0.86020263E+002  0.87628326E+002  0.86979415E+002  0.13875815E+002  0.13671746E+002  0.27863701E+002  0.27852280E+002
   449.7494  0.10178806E+003  0.98937025E+002  0.85103069E+002  0.86704802E+002  0.86062561E+002  0.13771993E+002  0.13569441E+002  0.27655245E+002  0.27643914E+002
   450.0000  0.10076456E+003  0.97942332E+002  0.84200503E+002  0.85796597E+002  0.85160904E+002  0.13669334E+002  0.13468282E+002  0.27449125E+002  0.27437883E+002
