#Raman spectra
#Laser energy   2.78 eV
#Raman shift (cm-1), Raman Spectra (XX,YY,ZZ,s+s+,s-s-,XY,YX,s+s-,s-s+)
   350.0000  0.16637317E+003  0.15985987E+003  0.60803788E+002  0.47681301E+002  0.47410781E+002  0.11346233E+003  0.11225391E+003  0.22841926E+003  0.22843794E+003
   350.2506  0.16863569E+003  0.16203756E+003  0.61382754E+002  0.48135666E+002  0.47862827E+002  0.11519700E+003  0.11397003E+003  0.23191142E+003  0.23193038E+003
   350.5013  0.17094642E+003  0.16426172E+003  0.61970029E+002  0.48596562E+002  0.48321377E+002  0.11697176E+003  0.11572581E+003  0.23548427E+003  0.23550351E+003
   350.7519  0.17330678E+003  0.16653372E+003  0.62565773E+002  0.49064115E+002  0.48786555E+002  0.11878784E+003  0.11752247E+003  0.23914031E+003  0.23915984E+003
   351.0025  0.17571825E+003  0.16885497E+003  0.63170148E+002  0.49538453E+002  0.49258491E+002  0.12064654E+003  0.11936129E+003  0.24288215E+003  0.24290197E+003
   351.2531  0.17818235E+003  0.17122696E+003  0.63783323E+002  0.50019709E+002  0.49737316E+002  0.12254920E+003  0.12124360E+003  0.24671248E+003  0.24673260E+003
   351.5038  0.18070066E+003  0.17365119E+003  0.64405469E+002  0.50508017E+002  0.50223164E+002  0.12449722E+003  0.12317078E+003  0.25063412E+003  0.25065455E+003
   351.7544  0.18327483E+003  0.17612928E+003  0.65036761E+002  0.51003516E+002  0.50716175E+002  0.12649204E+003  0.12514427E+003  0.25464999E+003  0.25467074E+003
   352.0050  0.18590657E+003  0.17866285E+003  0.65677381E+002  0.51506349E+002  0.51216490E+002  0.12853519E+003  0.12716556E+003  0.25876313E+003  0.25878421E+003
   352.2556  0.18859766E+003  0.18125364E+003  0.66327512E+002  0.52016661E+002  0.51724254E+002  0.13062822E+003  0.12923620E+003  0.26297671E+003  0.26299811E+003
   352.5063  0.19134995E+003  0.18390342E+003  0.66987344E+002  0.52534600E+002  0.52239615E+002  0.13277278E+003  0.13135782E+003  0.26729401E+003  0.26731575E+003
   352.7569  0.19416535E+003  0.18661405E+003  0.67657070E+002  0.53060320E+002  0.52762727E+002  0.13497057E+003  0.13353210E+003  0.27171847E+003  0.27174056E+003
   353.0075  0.19704587E+003  0.18938745E+003  0.68336890E+002  0.53593978E+002  0.53293746E+002  0.13722337E+003  0.13576079E+003  0.27625365E+003  0.27627610E+003
   353.2581  0.19999359E+003  0.19222563E+003  0.69027007E+002  0.54135735E+002  0.53832832E+002  0.13953302E+003  0.13804573E+003  0.28090329E+003  0.28092611E+003
   353.5088  0.20301066E+003  0.19513069E+003  0.69727630E+002  0.54685754E+002  0.54380150E+002  0.14190145E+003  0.14038881E+003  0.28567126E+003  0.28569445E+003
   353.7594  0.20609936E+003  0.19810479E+003  0.70438973E+002  0.55244206E+002  0.54935868E+002  0.14433067E+003  0.14279204E+003  0.29056160E+003  0.29058518E+003
   354.0100  0.20926202E+003  0.20115021E+003  0.71161256E+002  0.55811263E+002  0.55500159E+002  0.14682277E+003  0.14525747E+003  0.29557854E+003  0.29560251E+003
   354.2607  0.21250109E+003  0.20426931E+003  0.71894704E+002  0.56387103E+002  0.56073202E+002  0.14937995E+003  0.14778728E+003  0.30072648E+003  0.30075085E+003
   354.5113  0.21581913E+003  0.20746455E+003  0.72639549E+002  0.56971910E+002  0.56655178E+002  0.15200449E+003  0.15038373E+003  0.30601001E+003  0.30603479E+003
   354.7619  0.21921880E+003  0.21073849E+003  0.73396028E+002  0.57565870E+002  0.57246275E+002  0.15469876E+003  0.15304917E+003  0.31143393E+003  0.31145914E+003
   355.0125  0.22270287E+003  0.21409382E+003  0.74164384E+002  0.58169176E+002  0.57846683E+002  0.15746527E+003  0.15578606E+003  0.31700326E+003  0.31702890E+003
   355.2632  0.22627424E+003  0.21753334E+003  0.74944867E+002  0.58782024E+002  0.58456601E+002  0.16030660E+003  0.15859698E+003  0.32272322E+003  0.32274932E+003
   355.5138  0.22993594E+003  0.22105997E+003  0.75737734E+002  0.59404618E+002  0.59076230E+002  0.16322549E+003  0.16148463E+003  0.32859931E+003  0.32862587E+003
   355.7644  0.23369113E+003  0.22467675E+003  0.76543248E+002  0.60037166E+002  0.59705779E+002  0.16622478E+003  0.16445180E+003  0.33463724E+003  0.33466427E+003
   356.0150  0.23754310E+003  0.22838687E+003  0.77361679E+002  0.60679880E+002  0.60345460E+002  0.16930744E+003  0.16750146E+003  0.34084301E+003  0.34087052E+003
   356.2657  0.24149532E+003  0.23219366E+003  0.78193304E+002  0.61332980E+002  0.60995493E+002  0.17247659E+003  0.17063668E+003  0.34722289E+003  0.34725089E+003
   356.5163  0.24555139E+003  0.23610062E+003  0.79038410E+002  0.61996692E+002  0.61656103E+002  0.17573549E+003  0.17386068E+003  0.35378343E+003  0.35381195E+003
   356.7669  0.24971509E+003  0.24011137E+003  0.79897288E+002  0.62671247E+002  0.62327521E+002  0.17908755E+003  0.17717686E+003  0.36053153E+003  0.36056057E+003
   357.0175  0.25399037E+003  0.24422975E+003  0.80770239E+002  0.63356883E+002  0.63009984E+002  0.18253637E+003  0.18058874E+003  0.36747439E+003  0.36750397E+003
   357.2682  0.25838137E+003  0.24845974E+003  0.81657572E+002  0.64053845E+002  0.63703738E+002  0.18608568E+003  0.18410004E+003  0.37461956E+003  0.37464970E+003
   357.5188  0.26289243E+003  0.25280554E+003  0.82559606E+002  0.64762382E+002  0.64409033E+002  0.18973944E+003  0.18771467E+003  0.38197497E+003  0.38200568E+003
   357.7694  0.26752809E+003  0.25727152E+003  0.83476665E+002  0.65482754E+002  0.65126126E+002  0.19350177E+003  0.19143670E+003  0.38954895E+003  0.38958025E+003
   358.0201  0.27229312E+003  0.26186229E+003  0.84409086E+002  0.66215227E+002  0.65855285E+002  0.19737701E+003  0.19527043E+003  0.39735022E+003  0.39738212E+003
   358.2707  0.27719252E+003  0.26658269E+003  0.85357214E+002  0.66960072E+002  0.66596781E+002  0.20136971E+003  0.19922037E+003  0.40538796E+003  0.40542048E+003
   358.5213  0.28223154E+003  0.27143777E+003  0.86321403E+002  0.67717571E+002  0.67350895E+002  0.20548468E+003  0.20329126E+003  0.41367180E+003  0.41370497E+003
   358.7719  0.28741569E+003  0.27643285E+003  0.87302017E+002  0.68488013E+002  0.68117916E+002  0.20972693E+003  0.20748807E+003  0.42221189E+003  0.42224572E+003
   359.0226  0.29275077E+003  0.28157354E+003  0.88299433E+002  0.69271694E+002  0.68898142E+002  0.21410178E+003  0.21181604E+003  0.43101889E+003  0.43105340E+003
   359.2732  0.29824285E+003  0.28686569E+003  0.89314035E+002  0.70068921E+002  0.69691879E+002  0.21861479E+003  0.21628070E+003  0.44010401E+003  0.44013922E+003
   359.5238  0.30389835E+003  0.29231551E+003  0.90346220E+002  0.70880008E+002  0.70499440E+002  0.22327183E+003  0.22088784E+003  0.44947908E+003  0.44951501E+003
   359.7744  0.30972400E+003  0.29792950E+003  0.91396398E+002  0.71705279E+002  0.71321151E+002  0.22807909E+003  0.22564359E+003  0.45915653E+003  0.45919322E+003
   360.0251  0.31572690E+003  0.30371450E+003  0.92464988E+002  0.72545068E+002  0.72157345E+002  0.23304309E+003  0.23055440E+003  0.46914951E+003  0.46918697E+003
   360.2757  0.32191453E+003  0.30967773E+003  0.93552423E+002  0.73399717E+002  0.73008366E+002  0.23817070E+003  0.23562707E+003  0.47947185E+003  0.47951010E+003
   360.5263  0.32829476E+003  0.31582680E+003  0.94659149E+002  0.74269580E+002  0.73874568E+002  0.24346919E+003  0.24086877E+003  0.49013816E+003  0.49017723E+003
   360.7769  0.33487591E+003  0.32216975E+003  0.95785624E+002  0.75155021E+002  0.74756315E+002  0.24894622E+003  0.24628710E+003  0.50116386E+003  0.50120378E+003
   361.0276  0.34166675E+003  0.32871504E+003  0.96932322E+002  0.76056417E+002  0.75653985E+002  0.25460988E+003  0.25189005E+003  0.51256526E+003  0.51260606E+003
   361.2782  0.34867655E+003  0.33547161E+003  0.98099727E+002  0.76974152E+002  0.76567963E+002  0.26046873E+003  0.25768611E+003  0.52435959E+003  0.52440129E+003
   361.5288  0.35591509E+003  0.34244892E+003  0.99288343E+002  0.77908627E+002  0.77498650E+002  0.26653184E+003  0.26368422E+003  0.53656508E+003  0.53660772E+003
   361.7794  0.36339273E+003  0.34965697E+003  0.10049869E+003  0.78860250E+002  0.78446458E+002  0.27280879E+003  0.26989388E+003  0.54920103E+003  0.54924463E+003
   362.0301  0.37112042E+003  0.35710634E+003  0.10173129E+003  0.79829447E+002  0.79411811E+002  0.27930973E+003  0.27632513E+003  0.56228787E+003  0.56233248E+003
   362.2807  0.37910975E+003  0.36480821E+003  0.10298670E+003  0.80816655E+002  0.80395147E+002  0.28604543E+003  0.28298861E+003  0.57584728E+003  0.57589292E+003
   362.5313  0.38737303E+003  0.37277447E+003  0.10426548E+003  0.81822322E+002  0.81396919E+002  0.29302730E+003  0.28989562E+003  0.58990223E+003  0.58994895E+003
   362.7820  0.39592327E+003  0.38101770E+003  0.10556822E+003  0.82846915E+002  0.82417593E+002  0.30026747E+003  0.29705816E+003  0.60447712E+003  0.60452495E+003
   363.0326  0.40477430E+003  0.38955123E+003  0.10689552E+003  0.83890913E+002  0.83457650E+002  0.30777880E+003  0.30448894E+003  0.61959786E+003  0.61964685E+003
   363.2832  0.41394080E+003  0.39838926E+003  0.10824800E+003  0.84954811E+002  0.84517588E+002  0.31557497E+003  0.31220151E+003  0.63529198E+003  0.63534216E+003
   363.5338  0.42343836E+003  0.40754685E+003  0.10962630E+003  0.86039121E+002  0.85597921E+002  0.32367054E+003  0.32021027E+003  0.65158878E+003  0.65164020E+003
   363.7845  0.43328359E+003  0.41704002E+003  0.11103109E+003  0.87144369E+002  0.86699178E+002  0.33208101E+003  0.32853053E+003  0.66851944E+003  0.66857215E+003
   364.0351  0.44349412E+003  0.42688581E+003  0.11246303E+003  0.88271102E+002  0.87821908E+002  0.34082287E+003  0.33717863E+003  0.68611719E+003  0.68617123E+003
   364.2857  0.45408878E+003  0.43710240E+003  0.11392285E+003  0.89419882E+002  0.88966677E+002  0.34991372E+003  0.34617197E+003  0.70441744E+003  0.70447287E+003
   364.5363  0.46508760E+003  0.44770915E+003  0.11541126E+003  0.90591291E+002  0.90134071E+002  0.35937234E+003  0.35552913E+003  0.72345799E+003  0.72351487E+003
   364.7870  0.47651197E+003  0.45872671E+003  0.11692902E+003  0.91785931E+002  0.91324694E+002  0.36921879E+003  0.36526995E+003  0.74327921E+003  0.74333760E+003
   365.0376  0.48838475E+003  0.47017716E+003  0.11847690E+003  0.93004423E+002  0.92539174E+002  0.37947451E+003  0.37541564E+003  0.76392426E+003  0.76398420E+003
   365.2882  0.50073034E+003  0.48208407E+003  0.12005571E+003  0.94247411E+002  0.93778157E+002  0.39016242E+003  0.38598889E+003  0.78543929E+003  0.78550086E+003
   365.5388  0.51357486E+003  0.49447268E+003  0.12166628E+003  0.95515560E+002  0.95042315E+002  0.40130709E+003  0.39701399E+003  0.80787374E+003  0.80793701E+003
   365.7895  0.52694629E+003  0.50737001E+003  0.12330945E+003  0.96809557E+002  0.96332341E+002  0.41293485E+003  0.40851698E+003  0.83128060E+003  0.83134563E+003
   366.0401  0.54087462E+003  0.52080502E+003  0.12498612E+003  0.98130116E+002  0.97648953E+002  0.42507393E+003  0.42052580E+003  0.85571671E+003  0.85578358E+003
   366.2907  0.55539200E+003  0.53480878E+003  0.12669721E+003  0.99477972E+002  0.98992897E+002  0.43775467E+003  0.43307046E+003  0.88124312E+003  0.88131192E+003
   366.5414  0.57053301E+003  0.54941468E+003  0.12844365E+003  0.10085389E+003  0.10036494E+003  0.45100967E+003  0.44618321E+003  0.90792546E+003  0.90799626E+003
   366.7920  0.58633478E+003  0.56465861E+003  0.13022644E+003  0.10225866E+003  0.10176589E+003  0.46487401E+003  0.45989875E+003  0.93583436E+003  0.93590725E+003
   367.0426  0.60283732E+003  0.58057920E+003  0.13204658E+003  0.10369310E+003  0.10319657E+003  0.47938551E+003  0.47425450E+003  0.96504588E+003  0.96512097E+003
   367.2932  0.62008371E+003  0.59721808E+003  0.13390513E+003  0.10515807E+003  0.10465784E+003  0.49458492E+003  0.48929076E+003  0.99564209E+003  0.99571947E+003
   367.5439  0.63812045E+003  0.61462017E+003  0.13580318E+003  0.10665443E+003  0.10615059E+003  0.51051625E+003  0.50505109E+003  0.10277116E+004  0.10277914E+004
   367.7945  0.65699775E+003  0.63283397E+003  0.13774184E+003  0.10818311E+003  0.10767575E+003  0.52722710E+003  0.52158254E+003  0.10613501E+004  0.10614324E+004
   368.0451  0.67676992E+003  0.65191195E+003  0.13972228E+003  0.10974505E+003  0.10923427E+003  0.54476894E+003  0.53893607E+003  0.10966613E+004  0.10967462E+004
   368.2957  0.69749576E+003  0.67191093E+003  0.14174573E+003  0.11134124E+003  0.11082717E+003  0.56319758E+003  0.55716686E+003  0.11337575E+004  0.11338452E+004
   368.5464  0.71923901E+003  0.69289247E+003  0.14381342E+003  0.11297269E+003  0.11245547E+003  0.58257356E+003  0.57633481E+003  0.11727606E+004  0.11728511E+004
   368.7970  0.74206888E+003  0.71492346E+003  0.14592665E+003  0.11464047E+003  0.11412026E+003  0.60296265E+003  0.59650497E+003  0.12138028E+004  0.12138964E+004
   369.0476  0.76606061E+003  0.73807658E+003  0.14808678E+003  0.11634567E+003  0.11582265E+003  0.62443641E+003  0.61774815E+003  0.12570283E+004  0.12571251E+004
   369.2982  0.79129612E+003  0.76243097E+003  0.15029520E+003  0.11808945E+003  0.11756382E+003  0.64707279E+003  0.64014145E+003  0.13025939E+004  0.13026941E+004
   369.5489  0.81786471E+003  0.78807291E+003  0.15255336E+003  0.11987299E+003  0.11934498E+003  0.67095683E+003  0.66376900E+003  0.13506709E+004  0.13507746E+004
   369.7995  0.84586389E+003  0.81509663E+003  0.15486276E+003  0.12169753E+003  0.12116740E+003  0.69618148E+003  0.68872275E+003  0.14014462E+004  0.14015537E+004
   370.0501  0.87540031E+003  0.84360517E+003  0.15722496E+003  0.12356437E+003  0.12303240E+003  0.72284844E+003  0.71510329E+003  0.14551245E+004  0.14552360E+004
   370.3008  0.90659079E+003  0.87371140E+003  0.15964158E+003  0.12547484E+003  0.12494135E+003  0.75106917E+003  0.74302091E+003  0.15119302E+004  0.15120459E+004
   370.5514  0.93956353E+003  0.90553918E+003  0.16211431E+003  0.12743034E+003  0.12689571E+003  0.78096607E+003  0.77259668E+003  0.15721097E+004  0.15722297E+004
   370.8020  0.97445942E+003  0.93922465E+003  0.16464490E+003  0.12943233E+003  0.12889696E+003  0.81267375E+003  0.80396376E+003  0.16359338E+004  0.16360585E+004
   371.0526  0.10114336E+004  0.97491773E+003  0.16723516E+003  0.13148234E+003  0.13094667E+003  0.84634052E+003  0.83726888E+003  0.17037010E+004  0.17038307E+004
   371.3033  0.10506573E+004  0.10127838E+004  0.16988698E+003  0.13358194E+003  0.13304650E+003  0.88213010E+003  0.87267397E+003  0.17757409E+004  0.17758759E+004
   371.5539  0.10923196E+004  0.10530057E+004  0.17260233E+003  0.13573281E+003  0.13519815E+003  0.92022354E+003  0.91035815E+003  0.18524177E+004  0.18525583E+004
   371.8045  0.11366302E+004  0.10957859E+004  0.17538325E+003  0.13793666E+003  0.13740343E+003  0.96082146E+003  0.95051989E+003  0.19341354E+004  0.19342819E+004
   372.0551  0.11838215E+004  0.11413490E+004  0.17823187E+003  0.14019533E+003  0.13966423E+003  0.10041467E+004  0.99337958E+003  0.20213422E+004  0.20214950E+004
   372.3058  0.12341522E+004  0.11899452E+004  0.18115040E+003  0.14251069E+003  0.14198252E+003  0.10504471E+004  0.10391825E+004  0.21145371E+004  0.21146967E+004
   372.5564  0.12879107E+004  0.12418529E+004  0.18414114E+003  0.14488474E+003  0.14436039E+003  0.10999992E+004  0.10882021E+004  0.22142765E+004  0.22144433E+004
   372.8070  0.13454193E+004  0.12973835E+004  0.18720650E+003  0.14731956E+003  0.14680004E+003  0.11531121E+004  0.11407442E+004  0.23211825E+004  0.23213570E+004
   373.0576  0.14070387E+004  0.13568858E+004  0.19034897E+003  0.14981734E+003  0.14930377E+003  0.12101321E+004  0.11971515E+004  0.24359521E+004  0.24361349E+004
   373.3083  0.14731742E+004  0.14207514E+004  0.19357117E+003  0.15238038E+003  0.15187401E+003  0.12714484E+004  0.12578088E+004  0.25593684E+004  0.25595600E+004
   373.5589  0.15442821E+004  0.14894211E+004  0.19687580E+003  0.15501109E+003  0.15451335E+003  0.13374992E+004  0.13231497E+004  0.26923132E+004  0.26925144E+004
   373.8095  0.16208774E+004  0.15633927E+004  0.20026570E+003  0.15771203E+003  0.15722451E+003  0.14087794E+004  0.13936638E+004  0.28357827E+004  0.28359941E+004
   374.0602  0.17035434E+004  0.16432298E+004  0.20374384E+003  0.16048587E+003  0.16001037E+003  0.14858496E+004  0.14699056E+004  0.29909049E+004  0.29911273E+004
   374.3108  0.17929422E+004  0.17295722E+004  0.20731328E+003  0.16333546E+003  0.16287400E+003  0.15693467E+004  0.15525052E+004  0.31589612E+004  0.31591956E+004
   374.5614  0.18898282E+004  0.18231490E+004  0.21097726E+003  0.16626380E+003  0.16581868E+003  0.16599962E+004  0.16421803E+004  0.33414120E+004  0.33416593E+004
   374.8120  0.19950635E+004  0.19247932E+004  0.21473913E+003  0.16927407E+003  0.16884790E+003  0.17586278E+004  0.17397515E+004  0.35399264E+004  0.35401877E+004
   375.0627  0.21096366E+004  0.20354601E+004  0.21860242E+003  0.17236966E+003  0.17196538E+003  0.18661928E+004  0.18461602E+004  0.37564191E+004  0.37566956E+004
   375.3133  0.22346851E+004  0.21562490E+004  0.22257079E+003  0.17555417E+003  0.17517515E+003  0.19837865E+004  0.19624897E+004  0.39930939E+004  0.39933870E+004
   375.5639  0.23715227E+004  0.22884296E+004  0.22664809E+003  0.17883144E+003  0.17848151E+003  0.21126744E+004  0.20899919E+004  0.42524972E+004  0.42528084E+004
   375.8145  0.25216731E+004  0.24334741E+004  0.23083834E+003  0.18220560E+003  0.18188914E+003  0.22543240E+004  0.22301185E+004  0.45375820E+004  0.45379130E+004
   376.0652  0.26869097E+004  0.25930966E+004  0.23514574E+003  0.18568107E+003  0.18540312E+003  0.24104443E+004  0.23845602E+004  0.48517869E+004  0.48521397E+004
   376.3158  0.28693060E+004  0.27693007E+004  0.23957469E+003  0.18926263E+003  0.18902896E+003  0.25830337E+004  0.25552939E+004  0.51991330E+004  0.51995098E+004
   376.5664  0.30712969E+004  0.29644396E+004  0.24412981E+003  0.19295544E+003  0.19277273E+003  0.27744394E+004  0.27446414E+004  0.55843430E+004  0.55847462E+004
   376.8170  0.32957546E+004  0.31812888E+004  0.24881593E+003  0.19676513E+003  0.19664109E+003  0.29874308E+004  0.29553425E+004  0.60129890E+004  0.60134215E+004
   377.0677  0.35460836E+004  0.34231385E+004  0.25363811E+003  0.20069783E+003  0.20064146E+003  0.32252912E+004  0.31906451E+004  0.64916770E+004  0.64921420E+004
   377.3183  0.38263391E+004  0.36939077E+004  0.25860167E+003  0.20476031E+003  0.20478207E+003  0.34919322E+004  0.34544187E+004  0.70282770E+004  0.70287783E+004
   377.5689  0.41413765E+004  0.39982887E+004  0.26371218E+003  0.20896003E+003  0.20907219E+003  0.37920380E+004  0.37512971E+004  0.76322131E+004  0.76327550E+004
   377.8195  0.44970399E+004  0.43419292E+004  0.26897548E+003  0.21330533E+003  0.21352231E+003  0.41312474E+004  0.40868585E+004  0.83148299E+004  0.83154173E+004
   378.0702  0.49004008E+004  0.47316632E+004  0.27439773E+003  0.21780553E+003  0.21814439E+003  0.45163848E+004  0.44678539E+004  0.90898570E+004  0.90904958E+004
   378.3208  0.53600634E+004  0.51758059E+004  0.27998537E+003  0.22247120E+003  0.22295221E+003  0.49557547E+004  0.49024984E+004  0.99740010E+004  0.99746980E+004
   378.5714  0.58865525E+004  0.56845284E+004  0.28574520E+003  0.22731440E+003  0.22796172E+003  0.54595164E+004  0.54008421E+004  0.10987700E+005  0.10988463E+005
   378.8221  0.64928095E+004  0.62703379E+004  0.29168435E+003  0.23234901E+003  0.23319164E+003  0.60401639E+004  0.59752445E+004  0.12156088E+005  0.12156927E+005
   379.0727  0.71948255E+004  0.69486880E+004  0.29781033E+003  0.23759116E+003  0.23866407E+003  0.67131364E+004  0.66409787E+004  0.13510224E+005  0.13511150E+005
   379.3233  0.80124410E+004  0.77387530E+004  0.30413105E+003  0.24305975E+003  0.24440532E+003  0.74975917E+004  0.74169965E+004  0.15088645E+005  0.15089672E+005
   379.5739  0.89703474E+004  0.86643953E+004  0.31065484E+003  0.24877713E+003  0.25044699E+003  0.84173731E+004  0.83268847E+004  0.16939316E+005  0.16940460E+005
   379.8246  0.10099307E+005  0.97553440E+004  0.31739047E+003  0.25476989E+003  0.25682716E+003  0.95021873E+004  0.94000304E+004  0.19121995E+005  0.19123277E+005
   380.0752  0.11437572E+005  0.11048566E+005  0.32434721E+003  0.26106979E+003  0.26359195E+003  0.10788974E+005  0.10672976E+005  0.21710992E+005  0.21712434E+005
   380.3258  0.13032377E+005  0.12589711E+005  0.33153482E+003  0.26771476E+003  0.27079698E+003  0.12323344E+005  0.12190842E+005  0.24798065E+005  0.24799698E+005
   380.5764  0.14941164E+005  0.14434292E+005  0.33896362E+003  0.27474968E+003  0.27850866E+003  0.14160759E+005  0.14008492E+005  0.28494795E+005  0.28496655E+005
   380.8271  0.17231723E+005  0.16647821E+005  0.34664450E+003  0.28222652E+003  0.28680437E+003  0.16366648E+005  0.16190653E+005  0.32932840E+005  0.32934973E+005
   381.0777  0.19979521E+005  0.19303232E+005  0.35458897E+003  0.29020263E+003  0.29576974E+003  0.19013806E+005  0.18809335E+005  0.38258730E+005  0.38261191E+005
   381.3283  0.23258907E+005  0.22472377E+005  0.36280921E+003  0.29873509E+003  0.30548971E+003  0.22173842E+005  0.21935379E+005  0.44616712E+005  0.44619569E+005
   381.5789  0.27122427E+005  0.26206039E+005  0.37131812E+003  0.30786749E+003  0.31602742E+003  0.25897121E+005  0.25618607E+005  0.52108482E+005  0.52111818E+005
   381.8296  0.31560166E+005  0.30494633E+005  0.38012934E+003  0.31760378E+003  0.32738287E+003  0.30173364E+005  0.29848851E+005  0.60714057E+005  0.60717970E+005
   382.0802  0.36432620E+005  0.35203340E+005  0.38925732E+003  0.32786527E+003  0.33942457E+003  0.34866732E+005  0.34491732E+005  0.70161269E+005  0.70165866E+005
   382.3308  0.41385962E+005  0.39990214E+005  0.39871739E+003  0.33843642E+003  0.35180353E+003  0.39634098E+005  0.39207816E+005  0.79761235E+005  0.79766614E+005
   382.5815  0.45798950E+005  0.44254871E+005  0.40852582E+003  0.34893115E+003  0.36389980E+003  0.43874441E+005  0.43402547E+005  0.88305884E+005  0.88312094E+005
   382.8321  0.48860580E+005  0.47213540E+005  0.41869986E+003  0.35884338E+003  0.37490253E+003  0.46805138E+005  0.46301721E+005  0.94220125E+005  0.94227107E+005
   383.0827  0.49850817E+005  0.48170362E+005  0.42925785E+003  0.36772760E+003  0.38409628E+003  0.47734087E+005  0.47220681E+005  0.96108293E+005  0.96115830E+005
   383.3333  0.48509045E+005  0.46873475E+005  0.44021932E+003  0.37543456E+003  0.39123503E+003  0.46414578E+005  0.45915371E+005  0.93469036E+005  0.93476764E+005
   383.5840  0.45190091E+005  0.43665789E+005  0.45160504E+003  0.38220996E+003  0.39669869E+003  0.43193056E+005  0.42728506E+005  0.86995511E+005  0.87003022E+005
   383.8346  0.40654615E+005  0.39282423E+005  0.46343719E+003  0.38855901E+003  0.40127838E+003  0.38804614E+005  0.38387275E+005  0.78166063E+005  0.78173026E+005
   384.0852  0.35696683E+005  0.34490782E+005  0.47573935E+003  0.39500808E+003  0.40579828E+003  0.34013911E+005  0.33648110E+005  0.68521227E+005  0.68527453E+005
   384.3358  0.30894748E+005  0.29849891E+005  0.48853672E+003  0.40194615E+003  0.41086391E+003  0.29376620E+005  0.29060706E+005  0.59181860E+005  0.59187296E+005
   384.5865  0.26562569E+005  0.25662976E+005  0.50185617E+003  0.40959419E+003  0.41681342E+003  0.25193395E+005  0.24922483E+005  0.50755167E+005  0.50759849E+005
   384.8371  0.22813113E+005  0.22039208E+005  0.51572640E+003  0.41804636E+003  0.42378294E+003  0.21571935E+005  0.21339983E+005  0.43459200E+005  0.43463209E+005
   385.0877  0.19642392E+005  0.18974733E+005  0.53017814E+003  0.42732381E+003  0.43179179E+003  0.18507751E+005  0.18308764E+005  0.37285547E+005  0.37288977E+005
   385.3383  0.16992240E+005  0.16413338E+005  0.54524423E+003  0.43741489E+003  0.44080624E+003  0.15944490E+005  0.15773079E+005  0.32120992E+005  0.32123934E+005
   385.5890  0.14787163E+005  0.14282064E+005  0.56095991E+003  0.44829877E+003  0.45077691E+003  0.13809287E+005  0.13660847E+005  0.27818875E+005  0.27821411E+005
   385.8396  0.12952595E+005  0.12508847E+005  0.57736293E+003  0.45995730E+003  0.46165745E+003  0.12030260E+005  0.11900960E+005  0.24234425E+005  0.24236623E+005
   386.0902  0.11422385E+005  0.11029757E+005  0.59449385E+003  0.47237987E+003  0.47341221E+003  0.10543670E+005  0.10430366E+005  0.21239235E+005  0.21241151E+005
   386.3409  0.10140838E+005  0.97909679E+004  0.61239623E+003  0.48556495E+003  0.48601853E+003  0.92958632E+004  0.91959850E+004  0.18725195E+005  0.18726876E+005
   386.5915  0.90623140E+004  0.87483732E+004  0.63111694E+003  0.49952002E+003  0.49946652E+003  0.82428689E+004  0.81543216E+004  0.16603704E+005  0.16605187E+005
   386.8421  0.81499244E+004  0.78663206E+004  0.65070646E+003  0.51426098E+003  0.51375796E+003  0.73491397E+004  0.72702101E+004  0.14803129E+005  0.14804447E+005
   387.0927  0.73740311E+004  0.71161669E+004  0.67121919E+003  0.52981144E+003  0.52890505E+003  0.65861063E+004  0.65153888E+004  0.13265900E+005  0.13267076E+005
   387.3434  0.67108583E+004  0.64749338E+004  0.69271385E+003  0.54620213E+003  0.54492929E+003  0.59308385E+004  0.58671740E+004  0.11945809E+005  0.11946865E+005
   387.5940  0.61413078E+004  0.59241633E+004  0.71525390E+003  0.56347048E+003  0.56186058E+003  0.53649042E+004  0.53073319E+004  0.10805712E+005  0.10806664E+005
   387.8446  0.56499927E+004  0.54489841E+004  0.73890796E+003  0.58166034E+003  0.57973663E+003  0.48734394E+004  0.48211585E+004  0.98156572E+004  0.98165205E+004
   388.0952  0.52244667E+004  0.50373668E+004  0.76375038E+003  0.60082191E+003  0.59860257E+003  0.44444055E+004  0.43967446E+004  0.89513866E+004  0.89521726E+004
   388.3459  0.48546163E+004  0.46795363E+004  0.78986176E+003  0.62101178E+003  0.61851076E+003  0.40680046E+004  0.40243978E+004  0.81931570E+004  0.81938755E+004
   388.5965  0.45321848E+004  0.43675116E+004  0.81732966E+003  0.64229315E+003  0.63952081E+003  0.37362203E+004  0.36961879E+004  0.75248156E+004  0.75254750E+004
   388.8471  0.42503989E+004  0.40947455E+004  0.84624926E+003  0.66473617E+003  0.66169981E+003  0.34424585E+004  0.34055918E+004  0.69330757E+004  0.69336831E+004
   389.0977  0.40036772E+004  0.38558425E+004  0.87672421E+003  0.68841832E+003  0.68512259E+003  0.31812653E+004  0.31472142E+004  0.64069484E+004  0.64075099E+004
   389.3484  0.37874004E+004  0.36463366E+004  0.90886752E+003  0.71342509E+003  0.70987228E+003  0.29481061E+004  0.29165694E+004  0.59372972E+004  0.59378179E+004
   389.5990  0.35977309E+004  0.34625171E+004  0.94280260E+003  0.73985054E+003  0.73604083E+003  0.27391907E+004  0.27099079E+004  0.55164853E+004  0.55169698E+004
   389.8496  0.34314698E+004  0.33012907E+004  0.97866445E+003  0.76779825E+003  0.76372988E+003  0.25513346E+004  0.25240796E+004  0.51380973E+004  0.51385493E+004
   390.1003  0.32859441E+004  0.31600716E+004  0.10166009E+004  0.79738216E+003  0.79305156E+003  0.23818499E+004  0.23564254E+004  0.47967171E+004  0.47971401E+004
   390.3509  0.31589158E+004  0.30366946E+004  0.10567743E+004  0.82872778E+003  0.82412963E+003  0.22284561E+004  0.22046896E+004  0.44877509E+004  0.44881478E+004
   390.6015  0.30485102E+004  0.29293453E+004  0.10993628E+004  0.86197339E+003  0.85710073E+003  0.20892106E+004  0.20669502E+004  0.42072844E+004  0.42076578E+004
   390.8521  0.29531581E+004  0.28365040E+004  0.11445629E+004  0.89727160E+003  0.89211578E+003  0.19624504E+004  0.19415624E+004  0.39519676E+004  0.39523199E+004
   391.1028  0.28715492E+004  0.27569013E+004  0.11925912E+004  0.93479098E+003  0.92934168E+003  0.18467467E+004  0.18271127E+004  0.37189220E+004  0.37192551E+004
   391.3534  0.28025951E+004  0.26894815E+004  0.12436868E+004  0.97471807E+003  0.96896325E+003  0.17408666E+004  0.17223814E+004  0.35056638E+004  0.35059795E+004
   391.6040  0.27453994E+004  0.26333745E+004  0.12981150E+004  0.10172596E+004  0.10111855E+004  0.16437422E+004  0.16263124E+004  0.33100417E+004  0.33103417E+004
   391.8546  0.26992340E+004  0.25878719E+004  0.13561697E+004  0.10626452E+004  0.10562360E+004  0.15544454E+004  0.15379875E+004  0.31301859E+004  0.31304717E+004
   392.1053  0.26635202E+004  0.25524095E+004  0.14181778E+004  0.11111302E+004  0.11043682E+004  0.14721665E+004  0.14566057E+004  0.29644653E+004  0.29647381E+004
   392.3559  0.26378140E+004  0.25265527E+004  0.14845038E+004  0.11629994E+004  0.11558647E+004  0.13961967E+004  0.13814660E+004  0.28114521E+004  0.28117132E+004
   392.6065  0.26217955E+004  0.25099861E+004  0.15555546E+004  0.12185708E+004  0.12110413E+004  0.13259139E+004  0.13119531E+004  0.26698930E+004  0.26701434E+004
   392.8571  0.26152607E+004  0.25025055E+004  0.16317857E+004  0.12782008E+004  0.12702517E+004  0.12607700E+004  0.12475247E+004  0.25386838E+004  0.25389246E+004
   393.1078  0.26181166E+004  0.25040133E+004  0.17137084E+004  0.13422893E+004  0.13338928E+004  0.12002809E+004  0.11877023E+004  0.24168495E+004  0.24170815E+004
   393.3584  0.26303790E+004  0.25145160E+004  0.18018979E+004  0.14112862E+004  0.14024117E+004  0.11440179E+004  0.11320617E+004  0.23035263E+004  0.23037504E+004
   393.6090  0.26521725E+004  0.25341240E+004  0.18970035E+004  0.14856994E+004  0.14763126E+004  0.10916003E+004  0.10802264E+004  0.21979470E+004  0.21981641E+004
   393.8596  0.26837334E+004  0.25630546E+004  0.19997593E+004  0.15661036E+004  0.15561663E+004  0.10426888E+004  0.10318610E+004  0.20994286E+004  0.20996393E+004
   394.1103  0.27254151E+004  0.26016363E+004  0.21109986E+004  0.16531507E+004  0.16426203E+004  0.99698088E+003  0.98666639E+003  0.20073613E+004  0.20075664E+004
   394.3609  0.27776960E+004  0.26503173E+004  0.22316697E+004  0.17475830E+004  0.17364117E+004  0.95420575E+003  0.94437485E+003  0.19211995E+004  0.19213997E+004
   394.6115  0.28411915E+004  0.27096757E+004  0.23628554E+004  0.18502477E+004  0.18383824E+004  0.91412062E+003  0.90474641E+003  0.18404541E+004  0.18406501E+004
   394.8622  0.29166689E+004  0.27804338E+004  0.25057960E+004  0.19621158E+004  0.19494965E+004  0.87650732E+003  0.86756549E+003  0.17646854E+004  0.17648778E+004
   395.1128  0.30050664E+004  0.28634768E+004  0.26619174E+004  0.20843032E+004  0.20708626E+004  0.84116944E+003  0.83263808E+003  0.16934977E+004  0.16936872E+004
   395.3634  0.31075179E+004  0.29598752E+004  0.28328644E+004  0.22180974E+004  0.22037597E+004  0.80792979E+003  0.79978921E+003  0.16265339E+004  0.16267210E+004
   395.6140  0.32253832E+004  0.30709142E+004  0.30205421E+004  0.23649896E+004  0.23496690E+004  0.77662829E+003  0.76886088E+003  0.15634712E+004  0.15636566E+004
   395.8647  0.33602862E+004  0.31981292E+004  0.32271655E+004  0.25267136E+004  0.25103128E+004  0.74712003E+003  0.73971019E+003  0.15040174E+004  0.15042019E+004
   396.1153  0.35141622E+004  0.33433510E+004  0.34553204E+004  0.27052933E+004  0.26877016E+004  0.71927368E+003  0.71220772E+003  0.14479077E+004  0.14480919E+004
   396.3659  0.36893164E+004  0.35087610E+004  0.37080388E+004  0.29031023E+004  0.28841933E+004  0.69297007E+003  0.68623616E+003  0.13949017E+004  0.13950863E+004
   396.6165  0.38884971E+004  0.36969609E+004  0.39888921E+004  0.31229361E+004  0.31025647E+004  0.66810093E+003  0.66168911E+003  0.13447807E+004  0.13449666E+004
   396.8672  0.41149878E+004  0.39110590E+004  0.43021064E+004  0.33681027E+004  0.33461022E+004  0.64456783E+003  0.63847000E+003  0.12973459E+004  0.12975339E+004
   397.1178  0.43727213E+004  0.41547794E+004  0.46527071E+004  0.36425359E+004  0.36187134E+004  0.62228125E+003  0.61649128E+003  0.12524164E+004  0.12526074E+004
   397.3684  0.46664245E+004  0.44325984E+004  0.50467005E+004  0.39509376E+004  0.39250690E+004  0.60115980E+003  0.59567359E+003  0.12098274E+004  0.12100224E+004
   397.6190  0.50018011E+004  0.47499180E+004  0.54913025E+004  0.42989560E+004  0.42707800E+004  0.58112952E+003  0.57594515E+003  0.11694288E+004  0.11696290E+004
   397.8697  0.53857632E+004  0.51132849E+004  0.59952284E+004  0.46934134E+004  0.46626237E+004  0.56212332E+003  0.55724131E+003  0.11310845E+004  0.11312912E+004
   398.1203  0.58267259E+004  0.55306699E+004  0.65690617E+004  0.51425946E+004  0.51088299E+004  0.54408051E+003  0.53950407E+003  0.10946706E+004  0.10948853E+004
   398.3709  0.63349836E+004  0.60118243E+004  0.72257241E+004  0.56566145E+004  0.56194467E+004  0.52694646E+003  0.52268191E+003  0.10600753E+004  0.10602997E+004
   398.6216  0.69231908E+004  0.65687351E+004  0.79810755E+004  0.62478881E+004  0.62068072E+004  0.51067233E+003  0.50672959E+003  0.10271981E+004  0.10274343E+004
   398.8722  0.76069749E+004  0.72162061E+004  0.88546802E+004  0.69317302E+004  0.68861248E+004  0.49521497E+003  0.49160823E+003  0.99594936E+003  0.99619979E+003
   399.1228  0.84057158E+004  0.79725958E+004  0.98707790E+004  0.77271163E+004  0.76762498E+004  0.48053689E+003  0.47728545E+003  0.96625020E+003  0.96651769E+003
   399.3734  0.93435255E+004  0.88607460E+004  0.11059513E+005  0.86576404E+004  0.86006202E+004  0.46660641E+003  0.46373576E+003  0.93803260E+003  0.93832058E+003
   399.6241  0.10450457E+005  0.99091260E+004  0.12458430E+005  0.97526951E+004  0.96884343E+004  0.45339791E+003  0.45094112E+003  0.91123978E+003  0.91155240E+003
   399.8747  0.11763936E+005  0.11153192E+005  0.14114276E+005  0.11048873E+005  0.10976043E+005  0.44089228E+003  0.43889171E+003  0.88582674E+003  0.88616905E+003
   400.1253  0.13330349E+005  0.12636886E+005  0.16084971E+005  0.12591513E+005  0.12508486E+005  0.42907743E+003  0.42758682E+003  0.86176108E+003  0.86213922E+003
   400.3759  0.15206510E+005  0.14414030E+005  0.18441443E+005  0.14436137E+005  0.14340918E+005  0.41794878E+003  0.41703568E+003  0.83902369E+003  0.83944519E+003
   400.6266  0.17460383E+005  0.16549011E+005  0.21268532E+005  0.16649158E+005  0.16539312E+005  0.40750937E+003  0.40725781E+003  0.81760896E+003  0.81808295E+003
   400.8772  0.20169664E+005  0.19115431E+005  0.24663211E+005  0.19306485E+005  0.19179077E+005  0.39776907E+003  0.39828179E+003  0.79752323E+003  0.79806071E+003
   401.1278  0.23415399E+005  0.22190072E+005  0.28726638E+005  0.22487304E+005  0.22338876E+005  0.38874122E+003  0.39014049E+003  0.77877934E+003  0.77939326E+003
   401.3784  0.27265611E+005  0.25837373E+005  0.33543715E+005  0.26258076E+005  0.26084730E+005  0.38043460E+003  0.38285907E+003  0.76138317E+003  0.76208810E+003
   401.6291  0.31741060E+005  0.30077000E+005  0.39140373E+005  0.30639100E+005  0.30436805E+005  0.37283664E+003  0.37643014E+003  0.74530579E+003  0.74611679E+003
   401.8797  0.36754654E+005  0.34826448E+005  0.45407976E+005  0.35545336E+005  0.35310620E+005  0.36588389E+003  0.37076983E+003  0.73043452E+003  0.73136457E+003
   402.1303  0.42025253E+005  0.39819376E+005  0.51995771E+005  0.40702216E+005  0.40433426E+005  0.35942005E+003  0.36565538E+003  0.71650334E+003  0.71755865E+003
   402.3810  0.46998980E+005  0.44531070E+005  0.58212714E+005  0.45568796E+005  0.45267848E+005  0.35315769E+003  0.36066819E+003  0.70302941E+003  0.70420292E+003
   402.6316  0.50866430E+005  0.48194736E+005  0.63048931E+005  0.49354552E+005  0.49028588E+005  0.34668648E+003  0.35520615E+003  0.68932673E+003  0.69059192E+003
   402.8822  0.52780937E+005  0.50008288E+005  0.65448064E+005  0.51232574E+005  0.50894198E+005  0.33957909E+003  0.34864131E+003  0.67468150E+003  0.67599152E+003
   403.1328  0.52246563E+005  0.49501895E+005  0.64791351E+005  0.50718498E+005  0.50383516E+005  0.33157945E+003  0.34060013E+003  0.65866399E+003  0.65996011E+003
   403.3835  0.49404209E+005  0.46809040E+005  0.61254612E+005  0.47949955E+005  0.47633262E+005  0.32274156E+003  0.33117022E+003  0.64135857E+003  0.64258542E+003
   403.6341  0.44946355E+005  0.42585746E+005  0.55701871E+005  0.43603298E+005  0.43315321E+005  0.31338809E+003  0.32083859E+003  0.62329493E+003  0.62441377E+003
   403.8847  0.39745129E+005  0.37658222E+005  0.49221296E+005  0.38530338E+005  0.38275876E+005  0.30392968E+003  0.31022291E+003  0.60514887E+003  0.60614189E+003
   404.1353  0.34515655E+005  0.32703942E+005  0.42705158E+005  0.33429540E+005  0.33208777E+005  0.29470153E+003  0.29982809E+003  0.58747143E+003  0.58833798E+003
   404.3860  0.29690932E+005  0.28133108E+005  0.36693727E+005  0.28723824E+005  0.28534149E+005  0.28590253E+003  0.28995587E+003  0.57058810E+003  0.57133794E+003
   404.6366  0.25459064E+005  0.24123921E+005  0.31421711E+005  0.24596918E+005  0.24434507E+005  0.27761337E+003  0.28073166E+003  0.55462874E+003  0.55527612E+003
   404.8872  0.21852459E+005  0.20707081E+005  0.26929560E+005  0.21080484E+005  0.20941305E+005  0.26983973E+003  0.27216892E+003  0.53959917E+003  0.54015914E+003
   405.1378  0.18824738E+005  0.17838652E+005  0.23159419E+005  0.18129237E+005  0.18009555E+005  0.26254962E+003  0.26422478E+003  0.52544299E+003  0.52592947E+003
   405.3885  0.16299432E+005  0.15446189E+005  0.20015888E+005  0.15668497E+005  0.15565071E+005  0.25569693E+003  0.25683510E+003  0.51208065E+003  0.51250573E+003
   405.6391  0.14195597E+005  0.13453011E+005  0.17397986E+005  0.13619215E+005  0.13529326E+005  0.24923392E+003  0.24993301E+003  0.49942999E+003  0.49980382E+003
   405.8897  0.12439188E+005  0.11788971E+005  0.15213337E+005  0.11909082E+005  0.11830490E+005  0.24311661E+003  0.24345708E+003  0.48741531E+003  0.48774625E+003
   406.1404  0.10966887E+005  0.10394084E+005  0.13382949E+005  0.10476261E+005  0.10407134E+005  0.23730669E+003  0.23735406E+003  0.47597041E+003  0.47626530E+003
   406.3910  0.97263755E+004  0.92187871E+004  0.11841555E+005  0.92696640E+004  0.92085074E+004  0.23177158E+003  0.23157903E+003  0.46503875E+003  0.46530317E+003
   406.6416  0.86751894E+004  0.82228504E+004  0.10536179E+005  0.82478209E+004  0.81934138E+004  0.22648384E+003  0.22609457E+003  0.45457245E+003  0.45481098E+003
   406.8922  0.77791441E+004  0.73738894E+004  0.94241798E+004  0.73773514E+004  0.73286938E+004  0.22142042E+003  0.22086959E+003  0.44453103E+003  0.44474741E+003
   407.1429  0.70107993E+004  0.66459084E+004  0.84713267E+004  0.66314607E+004  0.65877296E+004  0.21656189E+003  0.21587821E+003  0.43488007E+003  0.43507739E+003
   407.3935  0.63481146E+004  0.60180273E+004  0.76501279E+004  0.59886285E+004  0.59491428E+004  0.21189173E+003  0.21109874E+003  0.42559015E+003  0.42577096E+003
   407.6441  0.57733397E+004  0.54734303E+004  0.69384435E+004  0.54315235E+004  0.53957171E+004  0.20739581E+003  0.20651292E+003  0.41663587E+003  0.41680231E+003
   407.8947  0.52721225E+004  0.49985208E+004  0.63183733E+004  0.49461336E+004  0.49135326E+004  0.20306189E+003  0.20210516E+003  0.40799512E+003  0.40814896E+003
   408.1454  0.48328035E+004  0.45822529E+004  0.57753762E+004  0.45210762E+004  0.44912820E+004  0.19887935E+003  0.19786212E+003  0.39964848E+003  0.39979123E+003
   408.3960  0.44458618E+004  0.42156071E+004  0.52975790E+004  0.41470570E+004  0.41197325E+004  0.19483882E+003  0.19377222E+003  0.39157873E+003  0.39171166E+003
   408.6466  0.41034808E+004  0.38911781E+004  0.48752351E+004  0.38164463E+004  0.37913047E+004  0.19093197E+003  0.18982535E+003  0.38377051E+003  0.38389470E+003
   408.8972  0.37992086E+004  0.36028536E+004  0.45002997E+004  0.35229468E+004  0.34997430E+004  0.18715139E+003  0.18601260E+003  0.37620995E+003  0.37632634E+003
   409.1479  0.35276905E+004  0.33455608E+004  0.41660974E+004  0.32613330E+004  0.32398563E+004  0.18349038E+003  0.18232604E+003  0.36888450E+003  0.36899389E+003
   409.3985  0.32844593E+004  0.31150676E+004  0.38670593E+004  0.30272456E+004  0.30073142E+004  0.17994286E+003  0.17875859E+003  0.36178273E+003  0.36188580E+003
   409.6491  0.30657686E+004  0.29078248E+004  0.35985160E+004  0.28170294E+004  0.27984856E+004  0.17650331E+003  0.17530386E+003  0.35489411E+003  0.35499148E+003
   409.8997  0.28684611E+004  0.27208412E+004  0.33565326E+004  0.26276043E+004  0.26103107E+004  0.17316663E+003  0.17195607E+003  0.34820896E+003  0.34830115E+003
   410.1504  0.26898630E+004  0.25515837E+004  0.31377774E+004  0.24563620E+004  0.24401986E+004  0.16992814E+003  0.16870992E+003  0.34171831E+003  0.34180578E+003
   410.4010  0.25276993E+004  0.23978971E+004  0.29394163E+004  0.23010842E+004  0.22859455E+004  0.16678350E+003  0.16556057E+003  0.33541382E+003  0.33549698E+003
   410.6516  0.23800260E+004  0.22579396E+004  0.27590275E+004  0.21598751E+004  0.21456682E+004  0.16372869E+003  0.16250358E+003  0.32928771E+003  0.32936691E+003
   410.9023  0.22451748E+004  0.21301307E+004  0.25945335E+004  0.20311083E+004  0.20177511E+004  0.16075994E+003  0.15953480E+003  0.32333269E+003  0.32340825E+003
   411.1529  0.21217080E+004  0.20131084E+004  0.24441440E+004  0.19133825E+004  0.19008020E+004  0.15787373E+003  0.15665042E+003  0.31754192E+003  0.31761413E+003
   411.4035  0.20083819E+004  0.19056944E+004  0.23063107E+004  0.18054858E+004  0.17936170E+004  0.15506677E+003  0.15384687E+003  0.31190897E+003  0.31197809E+003
   411.6541  0.19041166E+004  0.18068655E+004  0.21796898E+004  0.17063660E+004  0.16951511E+004  0.15233594E+003  0.15112082E+003  0.30642778E+003  0.30649403E+003
   411.9048  0.18079711E+004  0.17157303E+004  0.20631101E+004  0.16151065E+004  0.16044935E+004  0.14967832E+003  0.14846914E+003  0.30109262E+003  0.30115620E+003
   412.1554  0.17191225E+004  0.16315091E+004  0.19555481E+004  0.15309061E+004  0.15208484E+004  0.14709114E+003  0.14588890E+003  0.29589807E+003  0.29595917E+003
   412.4060  0.16368490E+004  0.15535181E+004  0.18561061E+004  0.14530619E+004  0.14435176E+004  0.14457180E+003  0.14337735E+003  0.29083897E+003  0.29089776E+003
   412.6566  0.15605152E+004  0.14811554E+004  0.17639942E+004  0.13809558E+004  0.13718870E+004  0.14211782E+003  0.14093186E+003  0.28591046E+003  0.28596708E+003
   412.9073  0.14895605E+004  0.14138898E+004  0.16785156E+004  0.13140422E+004  0.13054145E+004  0.13972684E+003  0.13854999E+003  0.28110790E+003  0.28116249E+003
   413.1579  0.14234885E+004  0.13512509E+004  0.15990534E+004  0.12518383E+004  0.12436207E+004  0.13739662E+003  0.13622941E+003  0.27642686E+003  0.27647956E+003
   413.4085  0.13618585E+004  0.12928214E+004  0.15250605E+004  0.11939157E+004  0.11860799E+004  0.13512505E+003  0.13396790E+003  0.27186315E+003  0.27191406E+003
   413.6591  0.13042786E+004  0.12382296E+004  0.14560499E+004  0.11398933E+004  0.11324136E+004  0.13291010E+003  0.13176337E+003  0.26741276E+003  0.26746199E+003
   413.9098  0.12503986E+004  0.11871441E+004  0.13915873E+004  0.10894311E+004  0.10822839E+004  0.13074984E+003  0.12961382E+003  0.26307186E+003  0.26311950E+003
   414.1604  0.11999057E+004  0.11392684E+004  0.13312844E+004  0.10422251E+004  0.10353890E+004  0.12864242E+003  0.12751735E+003  0.25883679E+003  0.25888294E+003
   414.4110  0.11525191E+004  0.10943365E+004  0.12747931E+004  0.99800287E+003  0.99145817E+003  0.12658608E+003  0.12547216E+003  0.25470406E+003  0.25474879E+003
   414.6617  0.11079869E+004  0.10521095E+004  0.12218009E+004  0.95651972E+003  0.95024832E+003  0.12457915E+003  0.12347652E+003  0.25067032E+003  0.25071371E+003
   414.9123  0.10660818E+004  0.10123723E+004  0.11720264E+004  0.91755538E+003  0.91154065E+003  0.12262001E+003  0.12152879E+003  0.24673237E+003  0.24677450E+003
   415.1629  0.10265989E+004  0.97493068E+003  0.11252157E+004  0.88091112E+003  0.87513775E+003  0.12070713E+003  0.11962739E+003  0.24288715E+003  0.24292807E+003
   415.4135  0.98935291E+003  0.93960905E+003  0.10811394E+004  0.84640736E+003  0.84086123E+003  0.11883902E+003  0.11777082E+003  0.23913172E+003  0.23917149E+003
   415.6642  0.95417591E+003  0.90624831E+003  0.10395897E+004  0.81388144E+003  0.80854950E+003  0.11701428E+003  0.11595763E+003  0.23546326E+003  0.23550194E+003
   415.9148  0.92091549E+003  0.87470405E+003  0.10003781E+004  0.78318581E+003  0.77805598E+003  0.11523155E+003  0.11418646E+003  0.23187906E+003  0.23191670E+003
   416.1654  0.88943303E+003  0.84484494E+003  0.96333323E+003  0.75418634E+003  0.74924742E+003  0.11348952E+003  0.11245597E+003  0.22837652E+003  0.22841317E+003
   416.4160  0.85960227E+003  0.81655133E+003  0.92829916E+003  0.72676091E+003  0.72200253E+003  0.11178695E+003  0.11076491E+003  0.22495316E+003  0.22498886E+003
   416.6667  0.83130799E+003  0.78971406E+003  0.89513357E+003  0.70079815E+003  0.69621065E+003  0.11012263E+003  0.10911205E+003  0.22160657E+003  0.22164137E+003
   416.9173  0.80444489E+003  0.76423333E+003  0.86370651E+003  0.67619632E+003  0.67177073E+003  0.10849542E+003  0.10749624E+003  0.21833445E+003  0.21836838E+003
   417.1679  0.77891656E+003  0.74001779E+003  0.83389905E+003  0.65286234E+003  0.64859029E+003  0.10690420E+003  0.10591635E+003  0.21513458E+003  0.21516769E+003
   417.4185  0.75463460E+003  0.71698369E+003  0.80560225E+003  0.63071092E+003  0.62658461E+003  0.10534791E+003  0.10437130E+003  0.21200483E+003  0.21203714E+003
   417.6692  0.73151787E+003  0.69505413E+003  0.77871613E+003  0.60966379E+003  0.60567594E+003  0.10382552E+003  0.10286006E+003  0.20894315E+003  0.20897470E+003
   417.9198  0.70949174E+003  0.67415838E+003  0.75314880E+003  0.58964903E+003  0.58579283E+003  0.10233604E+003  0.10138164E+003  0.20594756E+003  0.20597838E+003
   418.1704  0.68848749E+003  0.65423134E+003  0.72881573E+003  0.57060046E+003  0.56686954E+003  0.10087852E+003  0.99935070E+002  0.20301615E+003  0.20304627E+003
   418.4211  0.66844176E+003  0.63521297E+003  0.70563900E+003  0.55245709E+003  0.54884549E+003  0.99452049E+002  0.98519439E+002  0.20014709E+003  0.20017654E+003
   418.6717  0.64929607E+003  0.61704783E+003  0.68354675E+003  0.53516267E+003  0.53166479E+003  0.98055737E+002  0.97133855E+002  0.19733862E+003  0.19736742E+003
   418.9223  0.63099635E+003  0.59968470E+003  0.66247259E+003  0.51866522E+003  0.51527580E+003  0.96688735E+002  0.95777464E+002  0.19458902E+003  0.19461720E+003
   419.1729  0.61349255E+003  0.58307614E+003  0.64235510E+003  0.50291668E+003  0.49963078E+003  0.95350222E+002  0.94449441E+002  0.19189666E+003  0.19192423E+003
   419.4236  0.59673831E+003  0.56717821E+003  0.62313743E+003  0.48787253E+003  0.48468551E+003  0.94039405E+002  0.93148991E+002  0.18925994E+003  0.18928694E+003
   419.6742  0.58069060E+003  0.55195014E+003  0.60476687E+003  0.47349151E+003  0.47039900E+003  0.92755521E+002  0.91875349E+002  0.18667734E+003  0.18670377E+003
   419.9248  0.56530948E+003  0.53735408E+003  0.58719450E+003  0.45973533E+003  0.45673321E+003  0.91497832E+002  0.90627775E+002  0.18414737E+003  0.18417326E+003
   420.1754  0.55055780E+003  0.52335482E+003  0.57037487E+003  0.44656842E+003  0.44365280E+003  0.90265626E+002  0.89405556E+002  0.18166860E+003  0.18169398E+003
   420.4261  0.53640098E+003  0.50991959E+003  0.55426571E+003  0.43395767E+003  0.43112490E+003  0.89058214E+002  0.88208002E+002  0.17923967E+003  0.17926454E+003
   420.6767  0.52280682E+003  0.49701786E+003  0.53882768E+003  0.42187230E+003  0.41911891E+003  0.87874932E+002  0.87034450E+002  0.17685923E+003  0.17688362E+003
   420.9273  0.50974527E+003  0.48462116E+003  0.52402411E+003  0.41028360E+003  0.40760631E+003  0.86715138E+002  0.85884255E+002  0.17452600E+003  0.17454991E+003
   421.1779  0.49718829E+003  0.47270291E+003  0.50982078E+003  0.39916479E+003  0.39656051E+003  0.85578211E+002  0.84756799E+002  0.17223872E+003  0.17226219E+003
   421.4286  0.48510966E+003  0.46123828E+003  0.49618576E+003  0.38849086E+003  0.38595667E+003  0.84463551E+002  0.83651481E+002  0.16999621E+003  0.17001923E+003
   421.6792  0.47348489E+003  0.45020402E+003  0.48308921E+003  0.37823846E+003  0.37577157E+003  0.83370578E+002  0.82567720E+002  0.16779729E+003  0.16781988E+003
   421.9298  0.46229102E+003  0.43957840E+003  0.47050321E+003  0.36838574E+003  0.36598352E+003  0.82298730E+002  0.81504957E+002  0.16564083E+003  0.16566302E+003
   422.1805  0.45150656E+003  0.42934103E+003  0.45840162E+003  0.35891222E+003  0.35657218E+003  0.81247464E+002  0.80462648E+002  0.16352576E+003  0.16354754E+003
   422.4311  0.44111134E+003  0.41947280E+003  0.44675996E+003  0.34979876E+003  0.34751851E+003  0.80216254E+002  0.79440270E+002  0.16145100E+003  0.16147239E+003
   422.6817  0.43108644E+003  0.40995578E+003  0.43555525E+003  0.34102735E+003  0.33880466E+003  0.79204592E+002  0.78437313E+002  0.15941554E+003  0.15943656E+003
   422.9323  0.42141408E+003  0.40077311E+003  0.42476596E+003  0.33258115E+003  0.33041387E+003  0.78211985E+002  0.77453287E+002  0.15741840E+003  0.15743905E+003
   423.1830  0.41207756E+003  0.39190897E+003  0.41437184E+003  0.32444430E+003  0.32233039E+003  0.77237955E+002  0.76487716E+002  0.15545861E+003  0.15547890E+003
   423.4336  0.40306115E+003  0.38334844E+003  0.40435386E+003  0.31660191E+003  0.31453943E+003  0.76282041E+002  0.75540138E+002  0.15353524E+003  0.15355518E+003
   423.6842  0.39435006E+003  0.37507749E+003  0.39469413E+003  0.30903997E+003  0.30702708E+003  0.75343794E+002  0.74610107E+002  0.15164739E+003  0.15166701E+003
   423.9348  0.38593033E+003  0.36708292E+003  0.38537580E+003  0.30174530E+003  0.29978023E+003  0.74422780E+002  0.73697190E+002  0.14979420E+003  0.14981349E+003
   424.1855  0.37778882E+003  0.35935224E+003  0.37638299E+003  0.29470546E+003  0.29278655E+003  0.73518580E+002  0.72800969E+002  0.14797482E+003  0.14799379E+003
   424.4361  0.36991313E+003  0.35187370E+003  0.36770076E+003  0.28790875E+003  0.28603439E+003  0.72630784E+002  0.71921036E+002  0.14618843E+003  0.14620709E+003
   424.6867  0.36229153E+003  0.34463620E+003  0.35931499E+003  0.28134412E+003  0.27951278E+003  0.71758997E+002  0.71056998E+002  0.14443423E+003  0.14445259E+003
   424.9373  0.35491296E+003  0.33762923E+003  0.35121235E+003  0.27500115E+003  0.27321138E+003  0.70902837E+002  0.70208473E+002  0.14271146E+003  0.14272952E+003
   425.1880  0.34776695E+003  0.33084289E+003  0.34338027E+003  0.26886998E+003  0.26712038E+003  0.70061930E+002  0.69375090E+002  0.14101936E+003  0.14103714E+003
   425.4386  0.34084360E+003  0.32426777E+003  0.33580685E+003  0.26294130E+003  0.26123054E+003  0.69235915E+002  0.68556490E+002  0.13935721E+003  0.13937472E+003
   425.6892  0.33413354E+003  0.31789500E+003  0.32848085E+003  0.25720632E+003  0.25553312E+003  0.68424443E+002  0.67752323E+002  0.13772432E+003  0.13774155E+003
   425.9398  0.32762789E+003  0.31171616E+003  0.32139161E+003  0.25165670E+003  0.25001984E+003  0.67627173E+002  0.66962252E+002  0.13611998E+003  0.13613695E+003
   426.1905  0.32131824E+003  0.30572326E+003  0.31452907E+003  0.24628454E+003  0.24468287E+003  0.66843775E+002  0.66185948E+002  0.13454355E+003  0.13456026E+003
   426.4411  0.31519660E+003  0.29990875E+003  0.30788368E+003  0.24108238E+003  0.23951477E+003  0.66073929E+002  0.65423092E+002  0.13299437E+003  0.13301084E+003
   426.6917  0.30925539E+003  0.29426543E+003  0.30144638E+003  0.23604313E+003  0.23450851E+003  0.65317322E+002  0.64673373E+002  0.13147183E+003  0.13148805E+003
   426.9424  0.30348743E+003  0.28878649E+003  0.29520859E+003  0.23116007E+003  0.22965741E+003  0.64573653E+002  0.63936492E+002  0.12997530E+003  0.12999129E+003
   427.1930  0.29788589E+003  0.28346546E+003  0.28916216E+003  0.22642682E+003  0.22495514E+003  0.63842628E+002  0.63212156E+002  0.12850421E+003  0.12851996E+003
   427.4436  0.29244428E+003  0.27829618E+003  0.28329935E+003  0.22183733E+003  0.22039568E+003  0.63123962E+002  0.62500081E+002  0.12705798E+003  0.12707350E+003
   427.6942  0.28715640E+003  0.27327278E+003  0.27761281E+003  0.21738584E+003  0.21597331E+003  0.62417376E+002  0.61799991E+002  0.12563605E+003  0.12565135E+003
   427.9449  0.28201640E+003  0.26838970E+003  0.27209556E+003  0.21306688E+003  0.21168260E+003  0.61722601E+002  0.61111618E+002  0.12423788E+003  0.12425296E+003
   428.1955  0.27701868E+003  0.26364163E+003  0.26674096E+003  0.20887525E+003  0.20751839E+003  0.61039375E+002  0.60434701E+002  0.12286294E+003  0.12287781E+003
   428.4461  0.27215790E+003  0.25902353E+003  0.26154267E+003  0.20480600E+003  0.20347575E+003  0.60367444E+002  0.59768987E+002  0.12151072E+003  0.12152538E+003
   428.6967  0.26742899E+003  0.25453057E+003  0.25649469E+003  0.20085442E+003  0.19955001E+003  0.59706558E+002  0.59114230E+002  0.12018072E+003  0.12019518E+003
   428.9474  0.26282711E+003  0.25015816E+003  0.25159128E+003  0.19701603E+003  0.19573671E+003  0.59056478E+002  0.58470190E+002  0.11887246E+003  0.11888672E+003
   429.1980  0.25834764E+003  0.24590192E+003  0.24682697E+003  0.19328655E+003  0.19203161E+003  0.58416968E+002  0.57836633E+002  0.11758546E+003  0.11759953E+003
   429.4486  0.25398617E+003  0.24175768E+003  0.24219657E+003  0.18966190E+003  0.18843065E+003  0.57787800E+002  0.57213334E+002  0.11631927E+003  0.11633315E+003
   429.6992  0.24973850E+003  0.23772144E+003  0.23769511E+003  0.18613820E+003  0.18492998E+003  0.57168753E+002  0.56600071E+002  0.11507344E+003  0.11508714E+003
   429.9499  0.24560060E+003  0.23378940E+003  0.23331784E+003  0.18271174E+003  0.18152591E+003  0.56559609E+002  0.55996629E+002  0.11384754E+003  0.11386105E+003
   430.2005  0.24156864E+003  0.22995790E+003  0.22906026E+003  0.17937898E+003  0.17821492E+003  0.55960160E+002  0.55402800E+002  0.11264113E+003  0.11265447E+003
   430.4511  0.23763895E+003  0.22622347E+003  0.22491803E+003  0.17613654E+003  0.17499366E+003  0.55370199E+002  0.54818381E+002  0.11145382E+003  0.11146698E+003
   430.7018  0.23380800E+003  0.22258278E+003  0.22088704E+003  0.17298119E+003  0.17185892E+003  0.54789527E+002  0.54243172E+002  0.11028519E+003  0.11029818E+003
   430.9524  0.23007246E+003  0.21903264E+003  0.21696334E+003  0.16990985E+003  0.16880762E+003  0.54217951E+002  0.53676982E+002  0.10913487E+003  0.10914769E+003
   431.2030  0.22642908E+003  0.21557000E+003  0.21314317E+003  0.16691955E+003  0.16583685E+003  0.53655280E+002  0.53119622E+002  0.10800246E+003  0.10801512E+003
   431.4536  0.22287481E+003  0.21219193E+003  0.20942290E+003  0.16400749E+003  0.16294380E+003  0.53101332E+002  0.52570909E+002  0.10688760E+003  0.10690010E+003
   431.7043  0.21940669E+003  0.20889565E+003  0.20579911E+003  0.16117096E+003  0.16012578E+003  0.52555926E+002  0.52030666E+002  0.10578992E+003  0.10580227E+003
   431.9549  0.21602188E+003  0.20567847E+003  0.20226847E+003  0.15840737E+003  0.15738023E+003  0.52018887E+002  0.51498717E+002  0.10470909E+003  0.10472128E+003
   432.2055  0.21271769E+003  0.20253782E+003  0.19882783E+003  0.15571425E+003  0.15470468E+003  0.51490045E+002  0.50974896E+002  0.10364474E+003  0.10365678E+003
   432.4561  0.20949151E+003  0.19947123E+003  0.19547417E+003  0.15308923E+003  0.15209678E+003  0.50969234E+002  0.50459035E+002  0.10259655E+003  0.10260845E+003
   432.7068  0.20634084E+003  0.19647634E+003  0.19220456E+003  0.15053003E+003  0.14955427E+003  0.50456292E+002  0.49950976E+002  0.10156420E+003  0.10157595E+003
   432.9574  0.20326331E+003  0.19355087E+003  0.18901624E+003  0.14803448E+003  0.14707500E+003  0.49951061E+002  0.49450560E+002  0.10054736E+003  0.10055897E+003
   433.2080  0.20025660E+003  0.19069266E+003  0.18590653E+003  0.14560048E+003  0.14465687E+003  0.49453387E+002  0.48957635E+002  0.99545726E+002  0.99557194E+002
   433.4586  0.19731851E+003  0.18789959E+003  0.18287288E+003  0.14322604E+003  0.14229791E+003  0.48963121E+002  0.48472053E+002  0.98558997E+002  0.98570329E+002
   433.7093  0.19444692E+003  0.18516967E+003  0.17991281E+003  0.14090923E+003  0.13999619E+003  0.48480115E+002  0.47993667E+002  0.97586877E+002  0.97598075E+002
   433.9599  0.19163979E+003  0.18250097E+003  0.17702399E+003  0.13864820E+003  0.13774990E+003  0.48004227E+002  0.47522337E+002  0.96629080E+002  0.96640146E+002
   434.2105  0.18889518E+003  0.17989161E+003  0.17420413E+003  0.13644118E+003  0.13555726E+003  0.47535318E+002  0.47057924E+002  0.95685324E+002  0.95696262E+002
   434.4612  0.18621118E+003  0.17733982E+003  0.17145106E+003  0.13428647E+003  0.13341658E+003  0.47073251E+002  0.46600292E+002  0.94755338E+002  0.94766149E+002
   434.7118  0.18358599E+003  0.17484387E+003  0.16876270E+003  0.13218242E+003  0.13132625E+003  0.46617895E+002  0.46149312E+002  0.93838854E+002  0.93849541E+002
   434.9624  0.18101786E+003  0.17240212E+003  0.16613703E+003  0.13012748E+003  0.12928468E+003  0.46169119E+002  0.45704854E+002  0.92935612E+002  0.92946177E+002
   435.2130  0.17850513E+003  0.17001296E+003  0.16357212E+003  0.12812012E+003  0.12729039E+003  0.45726799E+002  0.45266792E+002  0.92045358E+002  0.92055804E+002
   435.4637  0.17604616E+003  0.16767487E+003  0.16106611E+003  0.12615890E+003  0.12534193E+003  0.45290809E+002  0.44835006E+002  0.91167844E+002  0.91178172E+002
   435.7143  0.17363941E+003  0.16538637E+003  0.15861721E+003  0.12424240E+003  0.12343791E+003  0.44861031E+002  0.44409374E+002  0.90302829E+002  0.90313041E+002
   435.9649  0.17128338E+003  0.16314603E+003  0.15622371E+003  0.12236929E+003  0.12157699E+003  0.44437346E+002  0.43989781E+002  0.89450075E+002  0.89460174E+002
   436.2155  0.16897661E+003  0.16095249E+003  0.15388394E+003  0.12053828E+003  0.11975788E+003  0.44019639E+002  0.43576114E+002  0.88609352E+002  0.88619339E+002
   436.4662  0.16671772E+003  0.15880442E+003  0.15159631E+003  0.11874810E+003  0.11797935E+003  0.43607800E+002  0.43168260E+002  0.87780434E+002  0.87790313E+002
   436.7168  0.16450536E+003  0.15670054E+003  0.14935929E+003  0.11699756E+003  0.11624020E+003  0.43201718E+002  0.42766111E+002  0.86963102E+002  0.86972873E+002
   436.9674  0.16233824E+003  0.15463964E+003  0.14717139E+003  0.11528551E+003  0.11453927E+003  0.42801286E+002  0.42369561E+002  0.86157141E+002  0.86166806E+002
   437.2180  0.16021511E+003  0.15262051E+003  0.14503119E+003  0.11361082E+003  0.11287547E+003  0.42406401E+002  0.41978507E+002  0.85362340E+002  0.85371902E+002
   437.4687  0.15813475E+003  0.15064202E+003  0.14293730E+003  0.11197242E+003  0.11124771E+003  0.42016959E+002  0.41592848E+002  0.84578495E+002  0.84587954E+002
   437.7193  0.15609602E+003  0.14870306E+003  0.14088842E+003  0.11036927E+003  0.10965498E+003  0.41632862E+002  0.41212484E+002  0.83805405E+002  0.83814764E+002
   437.9699  0.15409777E+003  0.14680257E+003  0.13888325E+003  0.10880038E+003  0.10809628E+003  0.41254012E+002  0.40837319E+002  0.83042873E+002  0.83052133E+002
   438.2206  0.15213893E+003  0.14493950E+003  0.13692056E+003  0.10726478E+003  0.10657065E+003  0.40880314E+002  0.40467259E+002  0.82290709E+002  0.82299872E+002
   438.4712  0.15021844E+003  0.14311288E+003  0.13499917E+003  0.10576153E+003  0.10507716E+003  0.40511674E+002  0.40102212E+002  0.81548725E+002  0.81557793E+002
   438.7218  0.14833530E+003  0.14132173E+003  0.13311791E+003  0.10428974E+003  0.10361492E+003  0.40148003E+002  0.39742087E+002  0.80816739E+002  0.80825713E+002
   438.9724  0.14648852E+003  0.13956512E+003  0.13127570E+003  0.10284855E+003  0.10218308E+003  0.39789211E+002  0.39386795E+002  0.80094571E+002  0.80103453E+002
   439.2231  0.14467715E+003  0.13784216E+003  0.12947144E+003  0.10143710E+003  0.10078079E+003  0.39435210E+002  0.39036252E+002  0.79382047E+002  0.79390838E+002
   439.4737  0.14290029E+003  0.13615198E+003  0.12770411E+003  0.10005461E+003  0.99407258E+002  0.39085917E+002  0.38690372E+002  0.78678995E+002  0.78687697E+002
   439.7243  0.14115703E+003  0.13449374E+003  0.12597271E+003  0.98700274E+002  0.98061704E+002  0.38741247E+002  0.38349074E+002  0.77985249E+002  0.77993863E+002
   439.9749  0.13944654E+003  0.13286661E+003  0.12427627E+003  0.97373351E+002  0.96743380E+002  0.38401121E+002  0.38012276E+002  0.77300645E+002  0.77309172E+002
   440.2256  0.13776797E+003  0.13126983E+003  0.12261385E+003  0.96073107E+002  0.95451559E+002  0.38065457E+002  0.37679899E+002  0.76625023E+002  0.76633464E+002
   440.4762  0.13612053E+003  0.12970261E+003  0.12098456E+003  0.94798838E+002  0.94185542E+002  0.37734179E+002  0.37351868E+002  0.75958226E+002  0.75966584E+002
   440.7268  0.13450344E+003  0.12816424E+003  0.11938752E+003  0.93549861E+002  0.92944651E+002  0.37407210E+002  0.37028105E+002  0.75300101E+002  0.75308377E+002
   440.9774  0.13291594E+003  0.12665398E+003  0.11782188E+003  0.92325517E+002  0.91728230E+002  0.37084476E+002  0.36708538E+002  0.74650499E+002  0.74658694E+002
   441.2281  0.13135731E+003  0.12517116E+003  0.11628683E+003  0.91125169E+002  0.90535647E+002  0.36765904E+002  0.36393095E+002  0.74009273E+002  0.74017388E+002
   441.4787  0.12982685E+003  0.12371511E+003  0.11478158E+003  0.89948200E+002  0.89366288E+002  0.36451423E+002  0.36081703E+002  0.73376280E+002  0.73384316E+002
   441.7293  0.12832387E+003  0.12228516E+003  0.11330536E+003  0.88794012E+002  0.88219560E+002  0.36140963E+002  0.35774295E+002  0.72751379E+002  0.72759337E+002
   441.9799  0.12684770E+003  0.12088071E+003  0.11185743E+003  0.87662028E+002  0.87094890E+002  0.35834455E+002  0.35470803E+002  0.72134433E+002  0.72142315E+002
   442.2306  0.12539771E+003  0.11950113E+003  0.11043708E+003  0.86551689E+002  0.85991721E+002  0.35531833E+002  0.35171160E+002  0.71525307E+002  0.71533114E+002
   442.4812  0.12397328E+003  0.11814583E+003  0.10904360E+003  0.85462453E+002  0.84909516E+002  0.35233032E+002  0.34875302E+002  0.70923869E+002  0.70931602E+002
   442.7318  0.12257380E+003  0.11681425E+003  0.10767633E+003  0.84393797E+002  0.83847755E+002  0.34937987E+002  0.34583164E+002  0.70329992E+002  0.70337652E+002
   442.9825  0.12119868E+003  0.11550583E+003  0.10633461E+003  0.83345214E+002  0.82805933E+002  0.34646636E+002  0.34294686E+002  0.69743548E+002  0.69751137E+002
   443.2331  0.11984737E+003  0.11422003E+003  0.10501781E+003  0.82316210E+002  0.81783562E+002  0.34358917E+002  0.34009805E+002  0.69164415E+002  0.69171932E+002
   443.4837  0.11851931E+003  0.11295633E+003  0.10372532E+003  0.81306312E+002  0.80780168E+002  0.34074770E+002  0.33728463E+002  0.68592470E+002  0.68599918E+002
   443.7343  0.11721396E+003  0.11171422E+003  0.10245654E+003  0.80315056E+002  0.79795294E+002  0.33794136E+002  0.33450601E+002  0.68027596E+002  0.68034975E+002
   443.9850  0.11593082E+003  0.11049322E+003  0.10121090E+003  0.79341998E+002  0.78828495E+002  0.33516958E+002  0.33176162E+002  0.67469676E+002  0.67476988E+002
   444.2356  0.11466938E+003  0.10929284E+003  0.99987847E+002  0.78386702E+002  0.77879341E+002  0.33243178E+002  0.32905089E+002  0.66918597E+002  0.66925842E+002
   444.4862  0.11342915E+003  0.10811263E+003  0.98786829E+002  0.77448751E+002  0.76947416E+002  0.32972743E+002  0.32637328E+002  0.66374248E+002  0.66381427E+002
   444.7368  0.11220965E+003  0.10695213E+003  0.97607324E+002  0.76527737E+002  0.76032314E+002  0.32705596E+002  0.32372826E+002  0.65836518E+002  0.65843633E+002
   444.9875  0.11101044E+003  0.10581091E+003  0.96448823E+002  0.75623267E+002  0.75133646E+002  0.32441686E+002  0.32111529E+002  0.65305302E+002  0.65312353E+002
   445.2381  0.10983107E+003  0.10468855E+003  0.95310830E+002  0.74734958E+002  0.74251030E+002  0.32180960E+002  0.31853386E+002  0.64780494E+002  0.64787482E+002
   445.4887  0.10867110E+003  0.10358463E+003  0.94192865E+002  0.73862440E+002  0.73384100E+002  0.31923368E+002  0.31598346E+002  0.64261992E+002  0.64268919E+002
   445.7393  0.10753012E+003  0.10249877E+003  0.93094463E+002  0.73005355E+002  0.72532498E+002  0.31668858E+002  0.31346360E+002  0.63749695E+002  0.63756561E+002
   445.9900  0.10640772E+003  0.10143057E+003  0.92015169E+002  0.72163354E+002  0.71695879E+002  0.31417383E+002  0.31097379E+002  0.63243505E+002  0.63250310E+002
   446.2406  0.10530350E+003  0.10037966E+003  0.90954546E+002  0.71336101E+002  0.70873907E+002  0.31168893E+002  0.30851356E+002  0.62743324E+002  0.62750070E+002
   446.4912  0.10421707E+003  0.99345671E+002  0.89912165E+002  0.70523268E+002  0.70066259E+002  0.30923343E+002  0.30608243E+002  0.62249059E+002  0.62255746E+002
   446.7419  0.10314808E+003  0.98328256E+002  0.88887611E+002  0.69724541E+002  0.69272618E+002  0.30680685E+002  0.30367996E+002  0.61760615E+002  0.61767245E+002
   446.9925  0.10209616E+003  0.97327070E+002  0.87880483E+002  0.68939610E+002  0.68492682E+002  0.30440875E+002  0.30130568E+002  0.61277903E+002  0.61284476E+002
   447.2431  0.10106095E+003  0.96341780E+002  0.86890388E+002  0.68168181E+002  0.67726153E+002  0.30203868E+002  0.29895918E+002  0.60800832E+002  0.60807349E+002
   447.4937  0.10004212E+003  0.95372064E+002  0.85916945E+002  0.67409964E+002  0.66972746E+002  0.29969621E+002  0.29664000E+002  0.60329316E+002  0.60335777E+002
   447.7444  0.99039335E+002  0.94417609E+002  0.84959785E+002  0.66664682E+002  0.66232184E+002  0.29738090E+002  0.29434773E+002  0.59863267E+002  0.59869675E+002
   447.9950  0.98052279E+002  0.93478111E+002  0.84018547E+002  0.65932063E+002  0.65504198E+002  0.29509235E+002  0.29208195E+002  0.59402603E+002  0.59408957E+002
   448.2456  0.97080641E+002  0.92553277E+002  0.83092883E+002  0.65211849E+002  0.64788529E+002  0.29283014E+002  0.28984226E+002  0.58947239E+002  0.58953541E+002
   448.4962  0.96124121E+002  0.91642821E+002  0.82182453E+002  0.64503786E+002  0.64084926E+002  0.29059386E+002  0.28762826E+002  0.58497097E+002  0.58503346E+002
   448.7469  0.95182427E+002  0.90746469E+002  0.81286924E+002  0.63807630E+002  0.63393146E+002  0.28838313E+002  0.28543955E+002  0.58052095E+002  0.58058292E+002
   448.9975  0.94255278E+002  0.89863951E+002  0.80405977E+002  0.63123147E+002  0.62712956E+002  0.28619755E+002  0.28327576E+002  0.57612155E+002  0.57618302E+002
   449.2481  0.93342402E+002  0.88995012E+002  0.79539298E+002  0.62450108E+002  0.62044128E+002  0.28403675E+002  0.28113650E+002  0.57177202E+002  0.57183299E+002
   449.4987  0.92443535E+002  0.88139399E+002  0.78686583E+002  0.61788296E+002  0.61386445E+002  0.28190035E+002  0.27902141E+002  0.56747160E+002  0.56753208E+002
   449.7494  0.91558423E+002  0.87296874E+002  0.77847536E+002  0.61137499E+002  0.60739696E+002  0.27978798E+002  0.27693012E+002  0.56321956E+002  0.56327956E+002
   450.0000  0.90686822E+002  0.86467202E+002  0.77021869E+002  0.60497514E+002  0.60103681E+002  0.27769929E+002  0.27486227E+002  0.55901517E+002  0.55907469E+002
