#Raman spectra
#Laser energy   1.95 eV
#Raman shift (cm-1), Raman Spectra (XX,YY,ZZ,s+s+,s-s-,XY,YX,s+s-,s-s+,nonpol)
   350.0000  0.94749135E+002  0.94271710E+002  0.56801935E+002  0.63411299E+002  0.63411301E+002  0.19428482E+002  0.19643193E+002  0.50403462E+002  0.50866457E+002  0.70568223E+002
   350.2506  0.95550853E+002  0.95077452E+002  0.57342133E+002  0.64014412E+002  0.64014327E+002  0.19637059E+002  0.19855808E+002  0.50815022E+002  0.51277411E+002  0.71178120E+002
   350.5013  0.96366416E+002  0.95897099E+002  0.57890071E+002  0.64626169E+002  0.64625995E+002  0.19850633E+002  0.20073511E+002  0.51236856E+002  0.51698640E+002  0.71798499E+002
   350.7519  0.97196151E+002  0.96730980E+002  0.58445899E+002  0.65246736E+002  0.65246470E+002  0.20069357E+002  0.20296458E+002  0.51669278E+002  0.52130461E+002  0.72429576E+002
   351.0025  0.98040393E+002  0.97579430E+002  0.59009767E+002  0.65876283E+002  0.65875922E+002  0.20293391E+002  0.20524812E+002  0.52112618E+002  0.52573203E+002  0.73071574E+002
   351.2531  0.98899488E+002  0.98442799E+002  0.59581834E+002  0.66514985E+002  0.66514526E+002  0.20522901E+002  0.20758743E+002  0.52567216E+002  0.53027205E+002  0.73724721E+002
   351.5038  0.99773793E+002  0.99321447E+002  0.60162257E+002  0.67163018E+002  0.67162458E+002  0.20758061E+002  0.20998426E+002  0.53033427E+002  0.53492822E+002  0.74389254E+002
   351.7544  0.10066368E+003  0.10021574E+003  0.60751200E+002  0.67820568E+002  0.67819903E+002  0.20999049E+002  0.21244044E+002  0.53511619E+002  0.53970424E+002  0.75065415E+002
   352.0050  0.10156952E+003  0.10112607E+003  0.61348831E+002  0.68487819E+002  0.68487047E+002  0.21246052E+002  0.21495788E+002  0.54002175E+002  0.54460392E+002  0.75753455E+002
   352.2556  0.10249172E+003  0.10205283E+003  0.61955322E+002  0.69164965E+002  0.69164082E+002  0.21499265E+002  0.21753855E+002  0.54505495E+002  0.54963127E+002  0.76453634E+002
   352.5063  0.10343068E+003  0.10299642E+003  0.62570848E+002  0.69852201E+002  0.69851203E+002  0.21758890E+002  0.22018452E+002  0.55021993E+002  0.55479044E+002  0.77166216E+002
   352.7569  0.10438682E+003  0.10395727E+003  0.63195590E+002  0.70549730E+002  0.70548614E+002  0.22025138E+002  0.22289792E+002  0.55552103E+002  0.56008575E+002  0.77891478E+002
   353.0075  0.10536058E+003  0.10493582E+003  0.63829733E+002  0.71257757E+002  0.71256519E+002  0.22298228E+002  0.22568100E+002  0.56096274E+002  0.56552170E+002  0.78629703E+002
   353.2581  0.10635239E+003  0.10593251E+003  0.64473466E+002  0.71976495E+002  0.71975130E+002  0.22578389E+002  0.22853608E+002  0.56654975E+002  0.57110299E+002  0.79381182E+002
   353.5088  0.10736274E+003  0.10694782E+003  0.65126984E+002  0.72706161E+002  0.72704664E+002  0.22865859E+002  0.23146559E+002  0.57228696E+002  0.57683451E+002  0.80146219E+002
   353.7594  0.10839209E+003  0.10798222E+003  0.65790485E+002  0.73446976E+002  0.73445345E+002  0.23160886E+002  0.23447205E+002  0.57817947E+002  0.58272136E+002  0.80925124E+002
   354.0100  0.10944095E+003  0.10903622E+003  0.66464174E+002  0.74199170E+002  0.74197399E+002  0.23463730E+002  0.23755811E+002  0.58423259E+002  0.58876885E+002  0.81718220E+002
   354.2607  0.11050983E+003  0.11011034E+003  0.67148261E+002  0.74962977E+002  0.74961061E+002  0.23774660E+002  0.24072651E+002  0.59045188E+002  0.59498253E+002  0.82525839E+002
   354.5113  0.11159926E+003  0.11120511E+003  0.67842960E+002  0.75738637E+002  0.75736572E+002  0.24093958E+002  0.24398013E+002  0.59684311E+002  0.60136820E+002  0.83348324E+002
   354.7619  0.11270980E+003  0.11232108E+003  0.68548493E+002  0.76526396E+002  0.76524176E+002  0.24421919E+002  0.24732197E+002  0.60341235E+002  0.60793191E+002  0.84186031E+002
   355.0125  0.11384201E+003  0.11345884E+003  0.69265085E+002  0.77326507E+002  0.77324128E+002  0.24758851E+002  0.25075515E+002  0.61016589E+002  0.61467996E+002  0.85039325E+002
   355.2632  0.11499650E+003  0.11461898E+003  0.69992970E+002  0.78139231E+002  0.78136686E+002  0.25105074E+002  0.25428295E+002  0.61711035E+002  0.62161896E+002  0.85908585E+002
   355.5138  0.11617387E+003  0.11580212E+003  0.70732384E+002  0.78964833E+002  0.78962116E+002  0.25460925E+002  0.25790879E+002  0.62425263E+002  0.62875581E+002  0.86794205E+002
   355.7644  0.11737477E+003  0.11700890E+003  0.71483574E+002  0.79803586E+002  0.79800692E+002  0.25826754E+002  0.26163625E+002  0.63159992E+002  0.63609772E+002  0.87696589E+002
   356.0150  0.11859985E+003  0.11823998E+003  0.72246789E+002  0.80655773E+002  0.80652695E+002  0.26202929E+002  0.26546906E+002  0.63915979E+002  0.64365223E+002  0.88616157E+002
   356.2657  0.11984981E+003  0.11949607E+003  0.73022290E+002  0.81521680E+002  0.81518412E+002  0.26589835E+002  0.26941113E+002  0.64694012E+002  0.65142725E+002  0.89553344E+002
   356.5163  0.12112536E+003  0.12077788E+003  0.73810339E+002  0.82401605E+002  0.82398140E+002  0.26987873E+002  0.27346657E+002  0.65494918E+002  0.65943104E+002  0.90508599E+002
   356.7669  0.12242724E+003  0.12208615E+003  0.74611210E+002  0.83295851E+002  0.83292181E+002  0.27397465E+002  0.27763967E+002  0.66319564E+002  0.66767227E+002  0.91482389E+002
   357.0175  0.12375623E+003  0.12342166E+003  0.75425182E+002  0.84204730E+002  0.84200849E+002  0.27819052E+002  0.28193493E+002  0.67168857E+002  0.67616000E+002  0.92475196E+002
   357.2682  0.12511312E+003  0.12478523E+003  0.76252542E+002  0.85128565E+002  0.85124465E+002  0.28253098E+002  0.28635705E+002  0.68043747E+002  0.68490376E+002  0.93487521E+002
   357.5188  0.12649875E+003  0.12617769E+003  0.77093586E+002  0.86067684E+002  0.86063356E+002  0.28700088E+002  0.29091099E+002  0.68945234E+002  0.69391351E+002  0.94519882E+002
   357.7694  0.12791400E+003  0.12759991E+003  0.77948616E+002  0.87022427E+002  0.87017863E+002  0.29160531E+002  0.29560192E+002  0.69874363E+002  0.70319974E+002  0.95572818E+002
   358.0201  0.12935976E+003  0.12905281E+003  0.78817944E+002  0.87993143E+002  0.87988334E+002  0.29634962E+002  0.30043530E+002  0.70832234E+002  0.71277342E+002  0.96646887E+002
   358.2707  0.13083697E+003  0.13053733E+003  0.79701892E+002  0.88980189E+002  0.88975125E+002  0.30123942E+002  0.30541683E+002  0.71820000E+002  0.72264611E+002  0.97742669E+002
   358.5213  0.13234663E+003  0.13205446E+003  0.80600788E+002  0.89983933E+002  0.89978606E+002  0.30628061E+002  0.31055253E+002  0.72838875E+002  0.73282993E+002  0.98860766E+002
   358.7719  0.13388975E+003  0.13360525E+003  0.81514971E+002  0.91004756E+002  0.90999154E+002  0.31147939E+002  0.31584871E+002  0.73890133E+002  0.74333764E+002  0.10000180E+003
   359.0226  0.13546741E+003  0.13519075E+003  0.82444790E+002  0.92043045E+002  0.92037159E+002  0.31684228E+002  0.32131202E+002  0.74975116E+002  0.75418263E+002  0.10116643E+003
   359.2732  0.13708071E+003  0.13681210E+003  0.83390603E+002  0.93099203E+002  0.93093021E+002  0.32237615E+002  0.32694943E+002  0.76095235E+002  0.76537904E+002  0.10235532E+003
   359.5238  0.13873083E+003  0.13847046E+003  0.84352779E+002  0.94173641E+002  0.94167152E+002  0.32808821E+002  0.33276831E+002  0.77251975E+002  0.77694171E+002  0.10356919E+003
   359.7744  0.14041898E+003  0.14016707E+003  0.85331698E+002  0.95266784E+002  0.95259976E+002  0.33398608E+002  0.33877640E+002  0.78446901E+002  0.78888630E+002  0.10480875E+003
   360.0251  0.14214643E+003  0.14190320E+003  0.86327750E+002  0.96379068E+002  0.96371928E+002  0.34007777E+002  0.34498188E+002  0.79681664E+002  0.80122930E+002  0.10607477E+003
   360.2757  0.14391452E+003  0.14368019E+003  0.87341337E+002  0.97510944E+002  0.97503458E+002  0.34637175E+002  0.35139335E+002  0.80958003E+002  0.81398813E+002  0.10736806E+003
   360.5263  0.14572463E+003  0.14549945E+003  0.88372873E+002  0.98662873E+002  0.98655027E+002  0.35287694E+002  0.35801990E+002  0.82277754E+002  0.82718113E+002  0.10868942E+003
   360.7769  0.14757823E+003  0.14736245E+003  0.89422784E+002  0.99835333E+002  0.99827113E+002  0.35960275E+002  0.36487113E+002  0.83642856E+002  0.84082770E+002  0.11003973E+003
   361.0276  0.14947685E+003  0.14927072E+003  0.90491510E+002  0.10102881E+003  0.10102020E+003  0.36655914E+002  0.37195716E+002  0.85055356E+002  0.85494831E+002  0.11141989E+003
   361.2782  0.15142209E+003  0.15122589E+003  0.91579502E+002  0.10224382E+003  0.10223481E+003  0.37375661E+002  0.37928870E+002  0.86517418E+002  0.86956461E+002  0.11283083E+003
   361.5288  0.15341563E+003  0.15322963E+003  0.92687225E+002  0.10348088E+003  0.10347144E+003  0.38120631E+002  0.38687710E+002  0.88031332E+002  0.88469949E+002  0.11427354E+003
   361.7794  0.15545923E+003  0.15528374E+003  0.93815161E+002  0.10474052E+003  0.10473064E+003  0.38891999E+002  0.39473432E+002  0.89599522E+002  0.90037719E+002  0.11574904E+003
   362.0301  0.15755475E+003  0.15739008E+003  0.94963802E+002  0.10602330E+003  0.10601296E+003  0.39691012E+002  0.40287306E+002  0.91224553E+002  0.91662338E+002  0.11725840E+003
   362.2807  0.15970414E+003  0.15955061E+003  0.96133660E+002  0.10732978E+003  0.10731897E+003  0.40518991E+002  0.41130678E+002  0.92909146E+002  0.93346525E+002  0.11880275E+003
   362.5313  0.16190945E+003  0.16176740E+003  0.97325259E+002  0.10866057E+003  0.10864925E+003  0.41377336E+002  0.42004974E+002  0.94656183E+002  0.95093164E+002  0.12038326E+003
   362.7820  0.16417284E+003  0.16404262E+003  0.98539142E+002  0.11001625E+003  0.11000441E+003  0.42267534E+002  0.42911707E+002  0.96468727E+002  0.96905317E+002  0.12200116E+003
   363.0326  0.16649659E+003  0.16637857E+003  0.99775868E+002  0.11139746E+003  0.11138508E+003  0.43191163E+002  0.43852483E+002  0.98350026E+002  0.98786234E+002  0.12365774E+003
   363.2832  0.16888308E+003  0.16877766E+003  0.10103601E+003  0.11280485E+003  0.11279189E+003  0.44149898E+002  0.44829012E+002  0.10030354E+003  0.10073937E+003  0.12535436E+003
   363.5338  0.17133486E+003  0.17124243E+003  0.10232017E+003  0.11423907E+003  0.11422552E+003  0.45145524E+002  0.45843107E+002  0.10233293E+003  0.10276840E+003  0.12709243E+003
   363.7845  0.17385459E+003  0.17377559E+003  0.10362896E+003  0.11570082E+003  0.11568665E+003  0.46179937E+002  0.46896702E+002  0.10444212E+003  0.10487723E+003  0.12887345E+003
   364.0351  0.17644509E+003  0.17637997E+003  0.10496300E+003  0.11719081E+003  0.11717598E+003  0.47255159E+002  0.47991855E+002  0.10663526E+003  0.10707002E+003  0.13069900E+003
   364.2857  0.17910935E+003  0.17905859E+003  0.10632297E+003  0.11870976E+003  0.11869426E+003  0.48373342E+002  0.49130758E+002  0.10891680E+003  0.10935122E+003  0.13257071E+003
   364.5363  0.18185054E+003  0.18181463E+003  0.10770952E+003  0.12025844E+003  0.12024222E+003  0.49536786E+002  0.50315752E+002  0.11129148E+003  0.11172557E+003  0.13449034E+003
   364.7870  0.18467199E+003  0.18465146E+003  0.10912336E+003  0.12183761E+003  0.12182065E+003  0.50747942E+002  0.51549334E+002  0.11376434E+003  0.11419812E+003  0.13645971E+003
   365.0376  0.18757727E+003  0.18757266E+003  0.11056521E+003  0.12344811E+003  0.12343036E+003  0.52009431E+002  0.52834174E+002  0.11634080E+003  0.11677426E+003  0.13848077E+003
   365.2882  0.19057013E+003  0.19058204E+003  0.11203581E+003  0.12509074E+003  0.12507217E+003  0.53324056E+002  0.54173125E+002  0.11902664E+003  0.11945980E+003  0.14055555E+003
   365.5388  0.19365459E+003  0.19368362E+003  0.11353594E+003  0.12676638E+003  0.12674695E+003  0.54694817E+002  0.55569243E+002  0.12182803E+003  0.12226091E+003  0.14268622E+003
   365.7895  0.19683491E+003  0.19688171E+003  0.11506638E+003  0.12847592E+003  0.12845559E+003  0.56124929E+002  0.57025801E+002  0.12475162E+003  0.12518422E+003  0.14487505E+003
   366.0401  0.20011563E+003  0.20018087E+003  0.11662797E+003  0.13022028E+003  0.13019899E+003  0.57617839E+002  0.58546310E+002  0.12780452E+003  0.12823685E+003  0.14712447E+003
   366.2907  0.20350156E+003  0.20358598E+003  0.11822154E+003  0.13200041E+003  0.13197813E+003  0.59177247E+002  0.60134538E+002  0.13099436E+003  0.13142644E+003  0.14943704E+003
   366.5414  0.20699788E+003  0.20710224E+003  0.11984799E+003  0.13381730E+003  0.13379396E+003  0.60807129E+002  0.61794534E+002  0.13432934E+003  0.13476119E+003  0.15181549E+003
   366.7920  0.21061009E+003  0.21073520E+003  0.12150821E+003  0.13567196E+003  0.13564752E+003  0.62511762E+002  0.63530654E+002  0.13781831E+003  0.13824992E+003  0.15426270E+003
   367.0426  0.21434409E+003  0.21449081E+003  0.12320316E+003  0.13756546E+003  0.13753986E+003  0.64295752E+002  0.65347587E+002  0.14147076E+003  0.14190216E+003  0.15678175E+003
   367.2932  0.21820617E+003  0.21837541E+003  0.12493380E+003  0.13949888E+003  0.13947206E+003  0.66164063E+002  0.67250390E+002  0.14529695E+003  0.14572815E+003  0.15937590E+003
   367.5439  0.22220311E+003  0.22239583E+003  0.12670115E+003  0.14147336E+003  0.14144525E+003  0.68122052E+002  0.69244517E+002  0.14930794E+003  0.14973896E+003  0.16204866E+003
   367.7945  0.22634215E+003  0.22655938E+003  0.12850625E+003  0.14349007E+003  0.14346060E+003  0.70175507E+002  0.71335864E+002  0.15351569E+003  0.15394655E+003  0.16480374E+003
   368.0451  0.23063110E+003  0.23087393E+003  0.13035018E+003  0.14555023E+003  0.14551932E+003  0.72330689E+002  0.73530805E+002  0.15793314E+003  0.15836384E+003  0.16764513E+003
   368.2957  0.23507834E+003  0.23534794E+003  0.13223407E+003  0.14765509E+003  0.14762266E+003  0.74594379E+002  0.75836246E+002  0.16257430E+003  0.16300487E+003  0.17057708E+003
   368.5464  0.23969292E+003  0.23999054E+003  0.13415908E+003  0.14980595E+003  0.14977192E+003  0.76973928E+002  0.78259675E+002  0.16745436E+003  0.16788482E+003  0.17360416E+003
   368.7970  0.24448460E+003  0.24481155E+003  0.13612641E+003  0.15200418E+003  0.15196846E+003  0.79477322E+002  0.80809222E+002  0.17258985E+003  0.17302021E+003  0.17673127E+003
   369.0476  0.24946393E+003  0.24982162E+003  0.13813731E+003  0.15425118E+003  0.15421366E+003  0.82113240E+002  0.83493727E+002  0.17799870E+003  0.17842898E+003  0.17996367E+003
   369.2982  0.25464231E+003  0.25503227E+003  0.14019308E+003  0.15654840E+003  0.15650897E+003  0.84891132E+002  0.86322814E+002  0.18370047E+003  0.18413069E+003  0.18330703E+003
   369.5489  0.26003213E+003  0.26045598E+003  0.14229507E+003  0.15889735E+003  0.15885590E+003  0.87821304E+002  0.89306975E+002  0.18971648E+003  0.19014666E+003  0.18676746E+003
   369.7995  0.26564682E+003  0.26610630E+003  0.14444466E+003  0.16129960E+003  0.16125601E+003  0.90915006E+002  0.92457671E+002  0.19607001E+003  0.19650017E+003  0.19035157E+003
   370.0501  0.27150100E+003  0.27199798E+003  0.14664332E+003  0.16375679E+003  0.16371092E+003  0.94184544E+002  0.95787431E+002  0.20278654E+003  0.20321670E+003  0.19406648E+003
   370.3008  0.27761060E+003  0.27814708E+003  0.14889253E+003  0.16627060E+003  0.16622231E+003  0.97643395E+002  0.99309981E+002  0.20989398E+003  0.21032416E+003  0.19791994E+003
   370.5514  0.28399299E+003  0.28457114E+003  0.15119387E+003  0.16884279E+003  0.16879193E+003  0.10130635E+003  0.10304038E+003  0.21742294E+003  0.21785318E+003  0.20192034E+003
   370.8020  0.29066718E+003  0.29128933E+003  0.15354896E+003  0.17147520E+003  0.17142159E+003  0.10518965E+003  0.10699518E+003  0.22540712E+003  0.22583742E+003  0.20607681E+003
   371.0526  0.29765400E+003  0.29832267E+003  0.15595949E+003  0.17416972E+003  0.17411319E+003  0.10931120E+003  0.11119259E+003  0.23388357E+003  0.23431398E+003  0.21039933E+003
   371.3033  0.30497630E+003  0.30569423E+003  0.15842721E+003  0.17692834E+003  0.17686867E+003  0.11369072E+003  0.11565272E+003  0.24289322E+003  0.24332374E+003  0.21489875E+003
   371.5539  0.31265925E+003  0.31342937E+003  0.16095394E+003  0.17975310E+003  0.17969009E+003  0.11835002E+003  0.12039776E+003  0.25248127E+003  0.25291194E+003  0.21958698E+003
   371.8045  0.32073056E+003  0.32155609E+003  0.16354158E+003  0.18264616E+003  0.18257957E+003  0.12331324E+003  0.12545231E+003  0.26269781E+003  0.26312865E+003  0.22447707E+003
   372.0551  0.32922086E+003  0.33010528E+003  0.16619211E+003  0.18560974E+003  0.18553932E+003  0.12860716E+003  0.13084363E+003  0.27359842E+003  0.27402946E+003  0.22958337E+003
   372.3058  0.33816408E+003  0.33911119E+003  0.16890758E+003  0.18864617E+003  0.18857163E+003  0.13426156E+003  0.13660205E+003  0.28524490E+003  0.28567616E+003  0.23492170E+003
   372.5564  0.34759786E+003  0.34861180E+003  0.17169014E+003  0.19175788E+003  0.19167892E+003  0.14030961E+003  0.14276135E+003  0.29770616E+003  0.29813767E+003  0.24050950E+003
   372.8070  0.35756412E+003  0.35864941E+003  0.17454201E+003  0.19494738E+003  0.19486366E+003  0.14678836E+003  0.14935926E+003  0.31105916E+003  0.31149094E+003  0.24636614E+003
   373.0576  0.36810958E+003  0.36927118E+003  0.17746551E+003  0.19821732E+003  0.19812847E+003  0.15373928E+003  0.15643800E+003  0.32539009E+003  0.32582217E+003  0.25251308E+003
   373.3083  0.37928654E+003  0.38052990E+003  0.18046308E+003  0.20157045E+003  0.20147607E+003  0.16120891E+003  0.16404498E+003  0.34079571E+003  0.34122811E+003  0.25897423E+003
   373.5589  0.39115365E+003  0.39248476E+003  0.18353724E+003  0.20500964E+003  0.20490928E+003  0.16924959E+003  0.17223350E+003  0.35738493E+003  0.35781766E+003  0.26577631E+003
   373.8095  0.40377687E+003  0.40520234E+003  0.18669062E+003  0.20853790E+003  0.20843105E+003  0.17792038E+003  0.18106371E+003  0.37528063E+003  0.37571372E+003  0.27294921E+003
   374.0602  0.41723065E+003  0.41875778E+003  0.18992597E+003  0.21215836E+003  0.21204448E+003  0.18728809E+003  0.19060363E+003  0.39462193E+003  0.39505538E+003  0.28052653E+003
   374.3108  0.43159922E+003  0.43323612E+003  0.19324618E+003  0.21587430E+003  0.21575279E+003  0.19742849E+003  0.20093044E+003  0.41556668E+003  0.41600050E+003  0.28854612E+003
   374.5614  0.44697827E+003  0.44873392E+003  0.19665423E+003  0.21968917E+003  0.21955934E+003  0.20842784E+003  0.21213195E+003  0.43829464E+003  0.43872883E+003  0.29705081E+003
   374.8120  0.46347676E+003  0.46536121E+003  0.20015326E+003  0.22360657E+003  0.22346766E+003  0.22038456E+003  0.22430844E+003  0.46301110E+003  0.46344564E+003  0.30608917E+003
   375.0627  0.48121933E+003  0.48324377E+003  0.20374657E+003  0.22763028E+003  0.22748144E+003  0.23341142E+003  0.23757470E+003  0.48995131E+003  0.49038619E+003  0.31571653E+003
   375.3133  0.50034895E+003  0.50252597E+003  0.20743756E+003  0.23176424E+003  0.23160452E+003  0.24763799E+003  0.25206271E+003  0.51938584E+003  0.51982101E+003  0.32599611E+003
   375.5639  0.52103036E+003  0.52337409E+003  0.21122984E+003  0.23601263E+003  0.23584095E+003  0.26321374E+003  0.26792468E+003  0.55162694E+003  0.55206234E+003  0.33700051E+003
   375.8145  0.54345408E+003  0.54598045E+003  0.21512717E+003  0.24037982E+003  0.24019497E+003  0.28031172E+003  0.28533684E+003  0.58703637E+003  0.58747192E+003  0.34881335E+003
   376.0652  0.56784134E+003  0.57056844E+003  0.21913348E+003  0.24487042E+003  0.24467102E+003  0.29913310E+003  0.30450404E+003  0.62603496E+003  0.62647053E+003  0.36153140E+003
   376.3158  0.59445023E+003  0.59739858E+003  0.22325291E+003  0.24948926E+003  0.24927375E+003  0.31991266E+003  0.32566538E+003  0.66911421E+003  0.66954964E+003  0.37526714E+003
   376.5664  0.62358312E+003  0.62677616E+003  0.22748978E+003  0.25424149E+003  0.25400807E+003  0.34292564E+003  0.34910116E+003  0.71685073E+003  0.71728580E+003  0.39015192E+003
   376.8170  0.65559598E+003  0.65906055E+003  0.23184866E+003  0.25913249E+003  0.25887912E+003  0.36849612E+003  0.37514140E+003  0.76992401E+003  0.77035842E+003  0.40633983E+003
   377.0677  0.69090987E+003  0.69467687E+003  0.23633432E+003  0.26416802E+003  0.26389234E+003  0.39700752E+003  0.40417656E+003  0.82913854E+003  0.82957193E+003  0.42401257E+003
   377.3183  0.73002546E+003  0.73413061E+003  0.24095180E+003  0.26935415E+003  0.26905342E+003  0.42891561E+003  0.43667080E+003  0.89545152E+003  0.89588338E+003  0.44338547E+003
   377.5689  0.77354108E+003  0.77802586E+003  0.24570638E+003  0.27469734E+003  0.27436840E+003  0.46476497E+003  0.47317868E+003  0.97000758E+003  0.97043727E+003  0.46471509E+003
   377.8195  0.82217572E+003  0.82708853E+003  0.25060364E+003  0.28020451E+003  0.27984365E+003  0.50520966E+003  0.51436627E+003  0.10541827E+004  0.10546094E+004  0.48830878E+003
   378.0702  0.87679802E+003  0.88219567E+003  0.25564948E+003  0.28588303E+003  0.28548591E+003  0.55103937E+003  0.56103777E+003  0.11496396E+004  0.11500623E+004  0.51453678E+003
   378.3208  0.93846329E+003  0.94441278E+003  0.26085012E+003  0.29174083E+003  0.29130233E+003  0.60321278E+003  0.61416945E+003  0.12583990E+004  0.12588161E+004  0.54384760E+003
   378.5714  0.10084606E+004  0.10150414E+004  0.26621213E+003  0.29778647E+003  0.29730052E+003  0.66289997E+003  0.67495289E+003  0.13829290E+004  0.13833389E+004  0.57678766E+003
   378.8221  0.10883732E+004  0.10956801E+004  0.27174250E+003  0.30402922E+003  0.30348859E+003  0.73153666E+003  0.74485017E+003  0.15262611E+004  0.15266613E+004  0.61402629E+003
   379.0727  0.11801550E+004  0.11883017E+004  0.27744865E+003  0.31047918E+003  0.30987519E+003  0.81089339E+003  0.82566433E+003  0.16921363E+004  0.16925239E+004  0.65638774E+003
   379.3233  0.12862282E+004  0.12953518E+004  0.28333848E+003  0.31714742E+003  0.31646963E+003  0.90316339E+003  0.91962889E+003  0.18851921E+004  0.18855632E+004  0.70489173E+003
   379.5739  0.14096049E+004  0.14198719E+004  0.28942042E+003  0.32404618E+003  0.32328190E+003  0.10110732E+004  0.10295205E+004  0.21111965E+004  0.21115459E+004  0.76080453E+003
   379.8246  0.15540364E+004  0.15656494E+004  0.29570351E+003  0.33118903E+003  0.33032284E+003  0.11380194E+004  0.11587979E+004  0.23773349E+004  0.23776564E+004  0.82570207E+003
   380.0752  0.17241876E+004  0.17373946E+004  0.30219745E+003  0.33859118E+003  0.33760420E+003  0.12882310E+004  0.13117680E+004  0.26925503E+004  0.26928355E+004  0.90154502E+003
   380.3258  0.19258235E+004  0.19409285E+004  0.30891271E+003  0.34626968E+003  0.34513879E+003  0.14669502E+004  0.14937690E+004  0.30679119E+004  0.30681509E+004  0.99076214E+003
   380.5764  0.21659692E+004  0.21833441E+004  0.31586057E+003  0.35424376E+003  0.35294061E+003  0.16806027E+004  0.17113449E+004  0.35169479E+004  0.35171286E+004  0.10963291E+004
   380.8271  0.24529487E+004  0.24730464E+004  0.32305319E+003  0.36253491E+003  0.36102492E+003  0.19368893E+004  0.19723377E+004  0.40557767E+004  0.40558855E+004  0.12218103E+004
   381.0777  0.27961068E+004  0.28194709E+004  0.33050364E+003  0.37116675E+003  0.36940819E+003  0.22446437E+004  0.22857434E+004  0.47026829E+004  0.47027070E+004  0.13712942E+004
   381.3283  0.32048227E+004  0.32320876E+004  0.33822568E+003  0.38016409E+003  0.37810780E+003  0.26131517E+004  0.26610183E+004  0.54764384E+004  0.54763701E+004  0.15490780E+004
   381.5789  0.36861378E+004  0.37180064E+004  0.34623334E+003  0.38955055E+003  0.38714111E+003  0.30503676E+004  0.31062631E+004  0.63921183E+004  0.63919650E+004  0.17588453E+004
   381.8296  0.42400085E+004  0.42771829E+004  0.35453987E+003  0.39934342E+003  0.39652346E+003  0.35591507E+004  0.36243898E+004  0.74525316E+004  0.74523334E+004  0.20019284E+004
   382.0802  0.48513022E+004  0.48943376E+004  0.36315593E+003  0.40954462E+003  0.40626471E+003  0.41305337E+004  0.42062669E+004  0.86333875E+004  0.86332436E+004  0.22742014E+004
   382.3308  0.54792994E+004  0.55283549E+004  0.37208688E+003  0.42012768E+003  0.41636407E+003  0.47339877E+004  0.48208059E+004  0.98629295E+004  0.98630267E+004  0.25615868E+004
   382.5815  0.60501464E+004  0.61046633E+004  0.38133041E+003  0.43102589E+003  0.42680548E+003  0.53081558E+004  0.54055238E+004  0.11005021E+005  0.11005637E+005  0.28357783E+004
   382.8321  0.64641256E+004  0.65225766E+004  0.39087697E+003  0.44213466E+003  0.43755847E+003  0.57617889E+004  0.58674960E+004  0.11867425E+005  0.11868869E+005  0.30546734E+004
   383.0827  0.66280343E+004  0.66879864E+004  0.40071662E+003  0.45334417E+003  0.44859096E+003  0.59971746E+004  0.61072146E+004  0.12258004E+005  0.12260471E+005  0.31731876E+004
   383.3333  0.65015369E+004  0.65601654E+004  0.41085124E+003  0.46459798E+003  0.45989243E+003  0.59539842E+004  0.60632404E+004  0.12075500E+005  0.12078936E+005  0.31634934E+004
   383.5840  0.61211218E+004  0.61759567E+004  0.42130385E+003  0.47593702E+003  0.47149154E+003  0.56437957E+004  0.57473617E+004  0.11368356E+005  0.11372451E+005  0.30309552E+004
   383.8346  0.55783581E+004  0.56278188E+004  0.43211632E+003  0.48748783E+003  0.48345179E+003  0.51430763E+004  0.52374490E+004  0.10305713E+005  0.10310050E+005  0.28108896E+004
   384.0852  0.49737064E+004  0.50171882E+004  0.44333784E+003  0.49940688E+003  0.49584963E+003  0.45516097E+004  0.46351191E+004  0.90890741E+004  0.90932929E+004  0.25493761E+004
   384.3358  0.43828312E+004  0.44204639E+004  0.45501432E+003  0.51182916E+003  0.50875412E+003  0.39528900E+004  0.40254007E+004  0.78785613E+004  0.78824413E+004  0.22849766E+004
   384.5865  0.38481506E+004  0.38804759E+004  0.46718432E+003  0.52484876E+003  0.52221925E+003  0.33983533E+004  0.34606759E+004  0.67685692E+004  0.67720184E+004  0.20414575E+004
   384.8371  0.33859378E+004  0.34136549E+004  0.47988030E+003  0.53852427E+003  0.53628605E+003  0.29109029E+004  0.29642693E+004  0.57984714E+004  0.58014833E+004  0.18294166E+004
   385.0877  0.29968570E+004  0.30206712E+004  0.49313156E+003  0.55289239E+003  0.55098810E+003  0.24950297E+004  0.25407548E+004  0.49734103E+004  0.49760219E+004  0.16509551E+004
   385.3383  0.26741467E+004  0.26946977E+004  0.50696679E+003  0.56797989E+003  0.56635636E+003  0.21457810E+004  0.21850890E+004  0.42815568E+004  0.42838214E+004  0.15038175E+004
   385.5890  0.24085252E+004  0.24263619E+004  0.52141589E+003  0.58381121E+003  0.58242229E+003  0.18545153E+004  0.18884715E+004  0.37048341E+004  0.37068064E+004  0.13840476E+004
   385.8396  0.21906626E+004  0.22062430E+004  0.53651089E+003  0.60041270E+003  0.59921967E+003  0.16119600E+004  0.16414594E+004  0.32244817E+004  0.32262111E+004  0.12874002E+004
   386.0902  0.20122213E+004  0.20259221E+004  0.55228659E+003  0.61781453E+003  0.61678549E+003  0.14095840E+004  0.14353649E+004  0.28234817E+004  0.28250106E+004  0.12099753E+004
   386.3409  0.18661612E+004  0.18782903E+004  0.56878086E+003  0.63605157E+003  0.63516048E+003  0.12400709E+004  0.12627374E+004  0.24873421E+004  0.24887056E+004  0.11484360E+004
   386.5915  0.17467110E+004  0.17575200E+004  0.58603496E+003  0.65516373E+003  0.65438936E+003  0.10973673E+004  0.11174118E+004  0.22041151E+004  0.22053418E+004  0.11000316E+004
   386.8421  0.16492128E+004  0.16589073E+004  0.60409372E+003  0.67519608E+003  0.67452113E+003  0.97655562E+003  0.99438038E+003  0.19641129E+004  0.19652260E+004  0.10625390E+004
   387.0927  0.15699353E+004  0.15786846E+004  0.62300582E+003  0.69619895E+003  0.69560928E+003  0.87367637E+003  0.88961096E+003  0.17595404E+004  0.17605586E+004  0.10341808E+004
   387.3434  0.15058995E+004  0.15138431E+004  0.64282408E+003  0.71822809E+003  0.71771208E+003  0.78555108E+003  0.79986660E+003  0.15841408E+004  0.15850793E+004  0.10135442E+004
   387.5940  0.14547275E+004  0.14619816E+004  0.66360580E+003  0.74134485E+003  0.74089295E+003  0.70962717E+003  0.72254780E+003  0.14328875E+004  0.14337587E+004  0.99950952E+003
   387.8446  0.14145208E+004  0.14211823E+004  0.68541312E+003  0.76561652E+003  0.76522081E+003  0.64384938E+003  0.65556157E+003  0.13017314E+004  0.13025453E+004  0.99119155E+003
   388.0952  0.13837616E+004  0.13899120E+004  0.70831348E+003  0.79111669E+003  0.79077058E+003  0.58655648E+003  0.59721612E+003  0.11873971E+004  0.11881619E+004  0.98789208E+003
   388.3459  0.13612356E+004  0.13669442E+004  0.73238012E+003  0.81792572E+003  0.81762372E+003  0.53639938E+003  0.54613759E+003  0.10872224E+004  0.10879449E+004  0.98906276E+003
   388.5965  0.13459721E+004  0.13512978E+004  0.75769262E+003  0.84613132E+003  0.84586882E+003  0.49227687E+003  0.50120452E+003  0.99903260E+003  0.99971853E+003  0.99427602E+003
   388.8471  0.13371966E+004  0.13421901E+004  0.78433756E+003  0.87582921E+003  0.87560234E+003  0.45328524E+003  0.46149661E+003  0.92104153E+003  0.92169555E+003  0.10032025E+004
   389.0977  0.13342945E+004  0.13389996E+004  0.81240923E+003  0.90712387E+003  0.90692937E+003  0.41867886E+003  0.42625451E+003  0.85177408E+003  0.85240012E+003  0.10155934E+004
   389.3484  0.13367821E+004  0.13412369E+004  0.84201047E+003  0.94012944E+003  0.93996456E+003  0.38783917E+003  0.39484831E+003  0.79000555E+003  0.79060693E+003  0.10312674E+004
   389.5990  0.13442850E+004  0.13485229E+004  0.87325355E+003  0.97497071E+003  0.97483312E+003  0.36025033E+003  0.36675269E+003  0.73471376E+003  0.73529330E+003  0.10500999E+004
   389.8496  0.13565204E+004  0.13605711E+004  0.90626124E+003  0.10117843E+004  0.10116720E+004  0.33547997E+003  0.34152732E+003  0.68504121E+003  0.68560128E+003  0.10720156E+004
   390.1003  0.13732844E+004  0.13771741E+004  0.94116802E+003  0.10507198E+004  0.10506312E+004  0.31316381E+003  0.31880124E+003  0.64026492E+003  0.64080757E+003  0.10969822E+004
   390.3509  0.13944412E+004  0.13981937E+004  0.97812135E+003  0.10919416E+004  0.10918754E+004  0.29299350E+003  0.29826045E+003  0.59977246E+003  0.60029944E+003  0.11250065E+004
   390.6015  0.14199161E+004  0.14235526E+004  0.10172833E+004  0.11356302E+004  0.11355852E+004  0.27470684E+003  0.27963789E+003  0.56304264E+003  0.56355543E+003  0.11561313E+004
   390.8521  0.14496892E+004  0.14532294E+004  0.10588321E+004  0.11819844E+004  0.11819597E+004  0.25807984E+003  0.26270549E+003  0.52962993E+003  0.53012984E+003  0.11904334E+004
   391.1028  0.14837919E+004  0.14872538E+004  0.11029643E+004  0.12312235E+004  0.12312182E+004  0.24292037E+003  0.24726757E+003  0.49915192E+003  0.49964008E+003  0.12280228E+004
   391.3534  0.15223046E+004  0.15257050E+004  0.11498972E+004  0.12835895E+004  0.12836032E+004  0.22906293E+003  0.23315560E+003  0.47127903E+003  0.47175639E+003  0.12690425E+004
   391.6040  0.15653549E+004  0.15687096E+004  0.11998710E+004  0.13393505E+004  0.13393827E+004  0.21636443E+003  0.22022386E+003  0.44572607E+003  0.44619348E+003  0.13136694E+004
   391.8546  0.16131182E+004  0.16164422E+004  0.12531521E+004  0.13988038E+004  0.13988542E+004  0.20470069E+003  0.20834588E+003  0.42224543E+003  0.42270362E+003  0.13621152E+004
   392.1053  0.16658185E+004  0.16691263E+004  0.13100365E+004  0.14622796E+004  0.14623482E+004  0.19396353E+003  0.19741150E+003  0.40062127E+003  0.40107087E+003  0.14146293E+004
   392.3559  0.17237306E+004  0.17270362E+004  0.13708541E+004  0.15301458E+004  0.15302325E+004  0.18405844E+003  0.18732445E+003  0.38066490E+003  0.38110646E+003  0.14715012E+004
   392.6065  0.17871832E+004  0.17905004E+004  0.14359727E+004  0.16028130E+004  0.16029179E+004  0.17490251E+003  0.17800034E+003  0.36221075E+003  0.36264475E+003  0.15330643E+004
   392.8571  0.18565635E+004  0.18599062E+004  0.15058039E+004  0.16807404E+004  0.16808639E+004  0.16642286E+003  0.16936491E+003  0.34511316E+003  0.34554000E+003  0.15997010E+004
   393.1078  0.19323231E+004  0.19357050E+004  0.15808093E+004  0.17644433E+004  0.17645856E+004  0.15855518E+003  0.16135269E+003  0.32924353E+003  0.32966358E+003  0.16718479E+004
   393.3584  0.20149846E+004  0.20184198E+004  0.16615079E+004  0.18545007E+004  0.18546623E+004  0.15124257E+003  0.15390573E+003  0.31448809E+003  0.31490161E+003  0.17500031E+004
   393.6090  0.21051506E+004  0.21086536E+004  0.17484847E+004  0.19515654E+004  0.19517471E+004  0.14443459E+003  0.14697264E+003  0.30074581E+003  0.30115307E+003  0.18347345E+004
   393.8596  0.22035141E+004  0.22071000E+004  0.18424009E+004  0.20563754E+004  0.20565779E+004  0.13808634E+003  0.14050773E+003  0.28792685E+003  0.28832804E+003  0.19266894E+004
   394.1103  0.23108716E+004  0.23145564E+004  0.19440060E+004  0.21697673E+004  0.21699915E+004  0.13215783E+003  0.13447025E+003  0.27595105E+003  0.27634631E+003  0.20266067E+004
   394.3609  0.24281383E+004  0.24319387E+004  0.20541524E+004  0.22926921E+004  0.22929391E+004  0.12661329E+003  0.12882377E+003  0.26474673E+003  0.26513617E+003  0.21353311E+004
   394.6115  0.25563667E+004  0.25603007E+004  0.21738122E+004  0.24262347E+004  0.24265060E+004  0.12142071E+003  0.12353571E+003  0.25424967E+003  0.25463337E+003  0.22538298E+004
   394.8622  0.26967688E+004  0.27008559E+004  0.23040977E+004  0.25716368E+004  0.25719337E+004  0.11655134E+003  0.11857677E+003  0.24440220E+003  0.24478018E+003  0.23832137E+004
   395.1128  0.28507437E+004  0.28550050E+004  0.24462862E+004  0.27303236E+004  0.27306480E+004  0.11197936E+003  0.11392065E+003  0.23515243E+003  0.23552468E+003  0.25247614E+004
   395.3634  0.30199098E+004  0.30243685E+004  0.26018496E+004  0.29039379E+004  0.29042919E+004  0.10768146E+003  0.10954363E+003  0.22645356E+003  0.22682002E+003  0.26799491E+004
   395.6140  0.32061450E+004  0.32108266E+004  0.27724904E+004  0.30943798E+004  0.30947655E+004  0.10363665E+003  0.10542431E+003  0.21826336E+003  0.21862392E+003  0.28504873E+004
   395.8647  0.34116352E+004  0.34165682E+004  0.29601853E+004  0.33038554E+004  0.33042756E+004  0.99825930E+002  0.10154336E+003  0.21054358E+003  0.21089809E+003  0.30383647E+004
   396.1153  0.36389340E+004  0.36441502E+004  0.31672392E+004  0.35349372E+004  0.35353949E+004  0.96232129E+002  0.97883267E+002  0.20325961E+003  0.20360787E+003  0.32459020E+004
   396.3659  0.38910357E+004  0.38965710E+004  0.33963508E+004  0.37906370E+004  0.37911358E+004  0.92839679E+002  0.94428180E+002  0.19638004E+003  0.19672176E+003  0.34758188E+004
   396.6165  0.41714664E+004  0.41773612E+004  0.36506941E+004  0.40744972E+004  0.40750411E+004  0.89634472E+002  0.91163725E+002  0.18987633E+003  0.19021119E+003  0.37313154E+004
   396.8672  0.44843961E+004  0.44906965E+004  0.39340195E+004  0.43907033E+004  0.43912971E+004  0.86603713E+002  0.88076864E+002  0.18372256E+003  0.18405016E+003  0.40161753E+004
   397.1178  0.48347791E+004  0.48415382E+004  0.42507795E+004  0.47442248E+004  0.47448739E+004  0.83735803E+002  0.85155778E+002  0.17789518E+003  0.17821500E+003  0.43348917E+004
   397.3684  0.52285307E+004  0.52358092E+004  0.46062869E+004  0.51409911E+004  0.51417019E+004  0.81020236E+002  0.82389755E+002  0.17237275E+003  0.17268420E+003  0.46928279E+004
   397.6190  0.56727480E+004  0.56806167E+004  0.50069138E+004  0.55881137E+004  0.55888937E+004  0.78447512E+002  0.79769110E+002  0.16713580E+003  0.16743816E+003  0.50964175E+004
   397.8697  0.61759917E+004  0.61845327E+004  0.54603432E+004  0.60941675E+004  0.60950253E+004  0.76009071E+002  0.77285109E+002  0.16216667E+003  0.16245907E+003  0.55534194E+004
   398.1203  0.67486415E+004  0.67579515E+004  0.59758888E+004  0.66695470E+004  0.66704930E+004  0.73697237E+002  0.74929916E+002  0.15744940E+003  0.15773079E+003  0.60732403E+004
   398.3709  0.74033514E+004  0.74135442E+004  0.65649021E+004  0.73269213E+004  0.73279677E+004  0.71505183E+002  0.72696555E+002  0.15296958E+003  0.15323873E+003  0.66673463E+004
   398.6216  0.81556289E+004  0.81668397E+004  0.72412928E+004  0.80818145E+004  0.80829758E+004  0.69426908E+002  0.70578890E+002  0.14871435E+003  0.14896975E+003  0.73497887E+004
   398.8722  0.90245760E+004  0.90369661E+004  0.80221925E+004  0.89533465E+004  0.89546401E+004  0.67457241E+002  0.68571620E+002  0.14467231E+003  0.14491214E+003  0.81378743E+004
   399.1228  0.10033831E+005  0.10047594E+005  0.89287993E+004  0.99651758E+004  0.99666227E+004  0.65591861E+002  0.66670300E+002  0.14083355E+003  0.14105561E+003  0.90530192E+004
   399.3734  0.11212759E+005  0.11228129E+005  0.99874449E+004  0.11146690E+005  0.11148316E+005  0.63827338E+002  0.64871385E+002  0.13718963E+003  0.13739126E+003  0.10121827E+005
   399.6241  0.12597928E+005  0.12615191E+005  0.11230919E+005  0.12534486E+005  0.12536321E+005  0.62161207E+002  0.63172301E+002  0.13373372E+003  0.13391164E+003  0.11377426E+005
   399.8747  0.14234893E+005  0.14254395E+005  0.12700069E+005  0.14174149E+005  0.14176231E+005  0.60592065E+002  0.61571537E+002  0.13046064E+003  0.13061085E+003  0.12861086E+005
   400.1253  0.16180218E+005  0.16202384E+005  0.14445608E+005  0.16122281E+005  0.16124657E+005  0.59119696E+002  0.60068770E+002  0.12736703E+003  0.12748461E+003  0.14624048E+005
   400.3759  0.18503502E+005  0.18528852E+005  0.16529941E+005  0.18448528E+005  0.18451254E+005  0.57745186E+002  0.58664984E+002  0.12445149E+003  0.12453040E+003  0.16729362E+005
   400.6266  0.21288775E+005  0.21317946E+005  0.19028406E+005  0.21236974E+005  0.21240119E+005  0.56471011E+002  0.57362548E+002  0.12171467E+003  0.12174752E+003  0.19253151E+005
   400.8772  0.24633825E+005  0.24667588E+005  0.22028677E+005  0.24585467E+005  0.24589116E+005  0.55300956E+002  0.56165141E+002  0.11915914E+003  0.11913697E+003  0.22284001E+005
   401.1278  0.28644516E+005  0.28683788E+005  0.25625670E+005  0.28599940E+005  0.28604191E+005  0.54239664E+002  0.55077304E+002  0.11678880E+003  0.11670093E+003  0.25917812E+005
   401.3784  0.33418557E+005  0.33464387E+005  0.29906985E+005  0.33378161E+005  0.33383130E+005  0.53291389E+002  0.54103191E+002  0.11460716E+003  0.11444135E+003  0.30243096E+005
   401.6291  0.39009615E+005  0.39063129E+005  0.34920741E+005  0.38973833E+005  0.38979642E+005  0.52457257E+002  0.53243855E+002  0.11261373E+003  0.11235685E+003  0.35308473E+005
   401.8797  0.45360233E+005  0.45422477E+005  0.40615428E+005  0.45329467E+005  0.45336230E+005  0.51730169E+002  0.52492169E+002  0.11079716E+003  0.11043703E+003  0.41061893E+005
   402.1303  0.52198234E+005  0.52269879E+005  0.46747032E+005  0.52172729E+005  0.52180518E+005  0.51086942E+002  0.51825010E+002  0.10912477E+003  0.10865357E+003  0.47256801E+005
   402.3810  0.58922079E+005  0.59002967E+005  0.52776249E+005  0.58901720E+005  0.58910520E+005  0.50479609E+002  0.51194610E+002  0.10753093E+003  0.10695054E+003  0.53348277E+005
   402.6316  0.64566597E+005  0.64655244E+005  0.57837768E+005  0.64550699E+005  0.64560346E+005  0.49832813E+002  0.50525955E+002  0.10591360E+003  0.10524140E+003  0.58461998E+005
   402.8822  0.67994223E+005  0.68087579E+005  0.60911719E+005  0.67981424E+005  0.67991587E+005  0.49058280E+002  0.49731187E+002  0.10415359E+003  0.10342527E+003  0.61567475E+005
   403.1328  0.68354743E+005  0.68448588E+005  0.61235855E+005  0.68343180E+005  0.68353398E+005  0.48089630E+002  0.48744230E+002  0.10216101E+003  0.10142593E+003  0.61894521E+005
   403.3835  0.65551162E+005  0.65641141E+005  0.58723216E+005  0.65538912E+005  0.65548711E+005  0.46917654E+002  0.47555880E+002  0.99922295E+002  0.99231383E+002  0.59355270E+005
   403.6341  0.60298537E+005  0.60381281E+005  0.54014881E+005  0.60284108E+005  0.60293118E+005  0.45594763E+002  0.46218230E+002  0.97506153E+002  0.96898832E+002  0.54597477E+005
   403.8847  0.53717174E+005  0.53790854E+005  0.48115249E+005  0.53699740E+005  0.53707764E+005  0.44204165E+002  0.44814008E+002  0.95022439E+002  0.94520104E+002  0.48635998E+005
   404.1353  0.46837251E+005  0.46901457E+005  0.41947918E+005  0.46816602E+005  0.46823595E+005  0.42822339E+002  0.43419255E+002  0.92572094E+002  0.92179568E+002  0.42404047E+005
   404.3860  0.40343385E+005  0.40398649E+005  0.36126676E+005  0.40319722E+005  0.40325741E+005  0.41499680E+002  0.42084063E+002  0.90221334E+002  0.89932424E+002  0.36521801E+005
   404.6366  0.34571565E+005  0.34618881E+005  0.30952751E+005  0.34545289E+005  0.34550443E+005  0.40260260E+002  0.40832347E+002  0.88001322E+002  0.87804428E+002  0.31293627E+005
   404.8872  0.29616689E+005  0.29657181E+005  0.26511223E+005  0.29588259E+005  0.29592671E+005  0.39109971E+002  0.39669934E+002  0.85919024E+002  0.85801019E+002  0.26805489E+005
   405.1378  0.25442587E+005  0.25477329E+005  0.22769666E+005  0.25412441E+005  0.25416227E+005  0.38044846E+002  0.38592852E+002  0.83968311E+002  0.83916648E+002  0.23024622E+005
   405.3885  0.21957285E+005  0.21987225E+005  0.19645624E+005  0.21925809E+005  0.21929072E+005  0.37056763E+002  0.37592992E+002  0.82137552E+002  0.82141165E+002  0.19867711E+005
   405.6391  0.19054801E+005  0.19080742E+005  0.17044079E+005  0.19022317E+005  0.19025146E+005  0.36136601E+002  0.36661257E+002  0.80413831E+002  0.80463357E+002  0.17238749E+005
   405.8897  0.16634804E+005  0.16657410E+005  0.14875082E+005  0.16601577E+005  0.16604044E+005  0.35275726E+002  0.35789034E+002  0.78784922E+002  0.78872613E+002  0.15046849E+005
   406.1404  0.14610043E+005  0.14629858E+005  0.13060410E+005  0.14576286E+005  0.14578450E+005  0.34466552E+002  0.34968753E+002  0.77240032E+002  0.77359542E+002  0.13212974E+005
   406.3910  0.12907798E+005  0.12925266E+005  0.11534868E+005  0.12873683E+005  0.12875592E+005  0.33702643E+002  0.34193992E+002  0.75769942E+002  0.75916094E+002  0.11671250E+005
   406.6416  0.11468784E+005  0.11484267E+005  0.10245304E+005  0.11434447E+005  0.11436140E+005  0.32978631E+002  0.33459388E+002  0.74366887E+002  0.74535458E+002  0.10367969E+005
   406.8922  0.10245183E+005  0.10258978E+005  0.91488501E+004  0.10210733E+005  0.10212243E+005  0.32290063E+002  0.32760494E+002  0.73024355E+002  0.73211890E+002  0.92598179E+004
   407.1429  0.91985979E+004  0.92109488E+004  0.82110804E+004  0.91641212E+004  0.91654749E+004  0.31633241E+002  0.32093610E+002  0.71736869E+002  0.71940533E+002  0.83120122E+004
   407.3935  0.82982012E+004  0.83093090E+004  0.74043586E+004  0.82637674E+004  0.82649866E+004  0.31005081E+002  0.31455653E+002  0.70499802E+002  0.70717251E+002  0.74966270E+004
   407.6441  0.75191933E+004  0.75292252E+004  0.67064513E+004  0.74848575E+004  0.74859603E+004  0.30402993E+002  0.30844030E+002  0.69309209E+002  0.69538501E+002  0.67911971E+004
   407.8947  0.68415505E+004  0.68506462E+004  0.60994071E+004  0.68073568E+004  0.68083584E+004  0.29824785E+002  0.30256543E+002  0.68161701E+002  0.68401214E+002  0.61775840E+004
   408.1454  0.62490327E+004  0.62573094E+004  0.55686666E+004  0.62150159E+004  0.62159291E+004  0.29268584E+002  0.29691316E+002  0.67054337E+002  0.67302712E+002  0.56410764E+004
   408.3960  0.57284014E+004  0.57359582E+004  0.51023616E+004  0.56945891E+004  0.56954247E+004  0.28732778E+002  0.29146729E+002  0.65984545E+002  0.66240634E+002  0.51696821E+004
   408.6466  0.52688077E+004  0.52757287E+004  0.46907663E+004  0.52352219E+004  0.52359890E+004  0.28215963E+002  0.28621372E+002  0.64950054E+002  0.65212882E+002  0.47535738E+004
   408.8972  0.48613130E+004  0.48676699E+004  0.43258671E+004  0.48279705E+004  0.48286769E+004  0.27716909E+002  0.28114009E+002  0.63948841E+002  0.64217579E+002  0.43846542E+004
   409.1479  0.44985123E+004  0.45043669E+004  0.40010258E+004  0.44654264E+004  0.44660788E+004  0.27234528E+002  0.27623545E+002  0.62979091E+002  0.63253028E+002  0.40562159E+004
   409.3985  0.41742388E+004  0.41796441E+004  0.37107140E+004  0.41414194E+004  0.41420235E+004  0.26767852E+002  0.27149005E+002  0.62039167E+002  0.62317690E+002  0.37626724E+004
   409.6491  0.38833299E+004  0.38883319E+004  0.34503038E+004  0.38507843E+004  0.38513453E+004  0.26316011E+002  0.26689513E+002  0.61127578E+002  0.61410158E+002  0.34993476E+004
   409.8997  0.36214420E+004  0.36260808E+004  0.32159012E+004  0.35891756E+004  0.35896977E+004  0.25878220E+002  0.26244276E+002  0.60242962E+002  0.60529139E+002  0.32623068E+004
   410.1504  0.33849028E+004  0.33892134E+004  0.30042143E+004  0.33529191E+004  0.33534060E+004  0.25453764E+002  0.25812575E+002  0.59384067E+002  0.59673439E+002  0.30482234E+004
   410.4010  0.31705930E+004  0.31746059E+004  0.28124468E+004  0.31388939E+004  0.31393491E+004  0.25041993E+002  0.25393751E+002  0.58549736E+002  0.58841953E+002  0.28542721E+004
   410.6516  0.29758509E+004  0.29795933E+004  0.26382130E+004  0.29444374E+004  0.29448637E+004  0.24642308E+002  0.24987199E+002  0.57738896E+002  0.58033650E+002  0.26780418E+004
   410.9023  0.27983959E+004  0.28018916E+004  0.24794684E+004  0.27672679E+004  0.27676679E+004  0.24254157E+002  0.24592362E+002  0.56950551E+002  0.57247569E+002  0.25174668E+004
   411.1529  0.26362655E+004  0.26395357E+004  0.23344540E+004  0.26054221E+004  0.26057982E+004  0.23877028E+002  0.24208723E+002  0.56183768E+002  0.56482809E+002  0.23707696E+004
   411.4035  0.24877645E+004  0.24908281E+004  0.22016502E+004  0.24572043E+004  0.24575584E+004  0.23510448E+002  0.23835800E+002  0.55437674E+002  0.55738526E+002  0.22364145E+004
   411.6541  0.23514230E+004  0.23542967E+004  0.20797395E+004  0.23211437E+004  0.23214777E+004  0.23153973E+002  0.23473147E+002  0.54711450E+002  0.55013922E+002  0.21130701E+004
   411.9048  0.22259617E+004  0.22286605E+004  0.19675752E+004  0.21959609E+004  0.21962763E+004  0.22807189E+002  0.23120344E+002  0.54004325E+002  0.54308247E+002  0.19995779E+004
   412.1554  0.21102635E+004  0.21128011E+004  0.18641562E+004  0.20805383E+004  0.20808367E+004  0.22469709E+002  0.22776997E+002  0.53315571E+002  0.53620791E+002  0.18949259E+004
   412.4060  0.20033497E+004  0.20057381E+004  0.17686051E+004  0.19738969E+004  0.19741795E+004  0.22141167E+002  0.22442737E+002  0.52644501E+002  0.52950883E+002  0.17982276E+004
   412.6566  0.19043601E+004  0.19066103E+004  0.16801511E+004  0.18751762E+004  0.18754443E+004  0.21821220E+002  0.22117216E+002  0.51990463E+002  0.52297884E+002  0.17087040E+004
   412.9073  0.18125363E+004  0.18146582E+004  0.15981145E+004  0.17836177E+004  0.17838724E+004  0.21509545E+002  0.21800104E+002  0.51352841E+002  0.51661191E+002  0.16256682E+004
   413.1579  0.17272077E+004  0.17292103E+004  0.15218942E+004  0.16985508E+004  0.16987929E+004  0.21205833E+002  0.21491091E+002  0.50731049E+002  0.51040228E+002  0.15485129E+004
   413.4085  0.16477798E+004  0.16496714E+004  0.14509577E+004  0.16193807E+004  0.16196112E+004  0.20909795E+002  0.21189882E+002  0.50124530E+002  0.50434447E+002  0.14766995E+004
   413.6591  0.15737241E+004  0.15755121E+004  0.13848311E+004  0.15455789E+004  0.15457986E+004  0.20621156E+002  0.20896198E+002  0.49532753E+002  0.49843327E+002  0.14097495E+004
   413.9098  0.15045696E+004  0.15062607E+004  0.13230924E+004  0.14766744E+004  0.14768839E+004  0.20339654E+002  0.20609772E+002  0.48955215E+002  0.49266370E+002  0.13472363E+004
   414.1604  0.14398954E+004  0.14414959E+004  0.12653646E+004  0.14122461E+004  0.14124461E+004  0.20065041E+002  0.20330354E+002  0.48391433E+002  0.48703102E+002  0.12887786E+004
   414.4110  0.13793245E+004  0.13808401E+004  0.12113097E+004  0.13519171E+004  0.13521083E+004  0.19797079E+002  0.20057702E+002  0.47840947E+002  0.48153068E+002  0.12340352E+004
   414.6617  0.13225187E+004  0.13239546E+004  0.11606247E+004  0.12953492E+004  0.12955321E+004  0.19535544E+002  0.19791588E+002  0.47303319E+002  0.47615834E+002  0.11826996E+004
   414.9123  0.12691734E+004  0.12705345E+004  0.11130369E+004  0.12422378E+004  0.12424130E+004  0.19280220E+002  0.19531792E+002  0.46778127E+002  0.47090985E+002  0.11344961E+004
   415.1629  0.12190144E+004  0.12203050E+004  0.10683003E+004  0.11923088E+004  0.11924766E+004  0.19030901E+002  0.19278107E+002  0.46264970E+002  0.46578124E+002  0.10891763E+004
   415.4135  0.11717938E+004  0.11730181E+004  0.10261931E+004  0.11453141E+004  0.11454751E+004  0.18787392E+002  0.19030332E+002  0.45763464E+002  0.46076869E+002  0.10465158E+004
   415.6642  0.11272872E+004  0.11284489E+004  0.98651412E+003  0.11010296E+004  0.11011842E+004  0.18549505E+002  0.18788277E+002  0.45273239E+002  0.45586855E+002  0.10063114E+004
   415.9148  0.10852912E+004  0.10863938E+004  0.94908120E+003  0.10592518E+004  0.10594003E+004  0.18317059E+002  0.18551759E+002  0.44793942E+002  0.45107732E+002  0.96837884E+003
   416.1654  0.10456210E+004  0.10466678E+004  0.91372880E+003  0.10197961E+004  0.10199388E+004  0.18089884E+002  0.18320604E+002  0.44325234E+002  0.44639164E+002  0.93255085E+003
   416.4160  0.10081084E+004  0.10091024E+004  0.88030627E+003  0.98249416E+003  0.98263148E+003  0.17867813E+002  0.18094643E+002  0.43866789E+002  0.44180828E+002  0.89867514E+003
   416.6667  0.97260016E+003  0.97354409E+003  0.84867631E+003  0.94719288E+003  0.94732507E+003  0.17650689E+002  0.17873716E+002  0.43418294E+002  0.43732413E+002  0.86661288E+003
   416.9173  0.93895623E+003  0.93985275E+003  0.81871354E+003  0.91375230E+003  0.91387964E+003  0.17438361E+002  0.17657669E+002  0.42979451E+002  0.43293622E+002  0.83623736E+003
   417.1679  0.90704863E+003  0.90790015E+003  0.79030332E+003  0.88204447E+003  0.88216721E+003  0.17230681E+002  0.17446353E+002  0.42549969E+002  0.42864167E+002  0.80743265E+003
   417.4185  0.87676010E+003  0.87756890E+003  0.76334065E+003  0.85195220E+003  0.85207059E+003  0.17027511E+002  0.17239626E+002  0.42129571E+002  0.42443774E+002  0.78009262E+003
   417.6692  0.84798310E+003  0.84875129E+003  0.73772923E+003  0.82336802E+003  0.82348227E+003  0.16828716E+002  0.17037352E+002  0.41717990E+002  0.42032176E+002  0.75411989E+003
   417.9198  0.82061884E+003  0.82134839E+003  0.71338060E+003  0.79619319E+003  0.79630352E+003  0.16634167E+002  0.16839398E+002  0.41314969E+002  0.41629118E+002  0.72942503E+003
   418.1704  0.79457645E+003  0.79526921E+003  0.69021339E+003  0.77033691E+003  0.77044351E+003  0.16443739E+002  0.16645639E+002  0.40920262E+002  0.41234355E+002  0.70592577E+003
   418.4211  0.76977221E+003  0.77042993E+003  0.66815266E+003  0.74571554E+003  0.74581859E+003  0.16257313E+002  0.16455953E+002  0.40533629E+002  0.40847649E+002  0.68354634E+003
   418.6717  0.74612894E+003  0.74675324E+003  0.64712931E+003  0.72225195E+003  0.72235162E+003  0.16074773E+002  0.16270222E+002  0.40154840E+002  0.40468771E+002  0.66221686E+003
   418.9223  0.72357535E+003  0.72416776E+003  0.62707951E+003  0.69987491E+003  0.69997136E+003  0.15896008E+002  0.16088334E+002  0.39783675E+002  0.40097503E+002  0.64187280E+003
   419.1729  0.70204552E+003  0.70260748E+003  0.60794426E+003  0.67851858E+003  0.67861196E+003  0.15720912E+002  0.15910179E+002  0.39419921E+002  0.39733630E+002  0.62245449E+003
   419.4236  0.68147844E+003  0.68201130E+003  0.58966896E+003  0.65812200E+003  0.65821245E+003  0.15549381E+002  0.15735654E+002  0.39063371E+002  0.39376948E+002  0.60390671E+003
   419.6742  0.66181756E+003  0.66232260E+003  0.57220299E+003  0.63862869E+003  0.63871635E+003  0.15381317E+002  0.15564657E+002  0.38713826E+002  0.39027261E+002  0.58617828E+003
   419.9248  0.64301042E+003  0.64348884E+003  0.55549941E+003  0.61998625E+003  0.62007125E+003  0.15216623E+002  0.15397090E+002  0.38371096E+002  0.38684376E+002  0.56922172E+003
   420.1754  0.62500830E+003  0.62546123E+003  0.53951460E+003  0.60214603E+003  0.60222847E+003  0.15055207E+002  0.15232859E+002  0.38034995E+002  0.38348109E+002  0.55299292E+003
   420.4261  0.60776589E+003  0.60819440E+003  0.52420803E+003  0.58506276E+003  0.58514276E+003  0.14896979E+002  0.15071874E+002  0.37705344E+002  0.38018283E+002  0.53745090E+003
   420.6767  0.59124102E+003  0.59164613E+003  0.50954198E+003  0.56869434E+003  0.56877201E+003  0.14741854E+002  0.14914047E+002  0.37381971E+002  0.37694725E+002  0.52255747E+003
   420.9273  0.57539440E+003  0.57577706E+003  0.49548128E+003  0.55300155E+003  0.55307698E+003  0.14589748E+002  0.14759294E+002  0.37064710E+002  0.37377270E+002  0.50827710E+003
   421.1779  0.56018940E+003  0.56055052E+003  0.48199316E+003  0.53794780E+003  0.53802108E+003  0.14440580E+002  0.14607531E+002  0.36753399E+002  0.37065757E+002  0.49457663E+003
   421.4286  0.54559182E+003  0.54593225E+003  0.46904703E+003  0.52349894E+003  0.52357017E+003  0.14294274E+002  0.14458682E+002  0.36447882E+002  0.36760031E+002  0.48142511E+003
   421.6792  0.53156969E+003  0.53189026E+003  0.45661430E+003  0.50962308E+003  0.50969234E+003  0.14150755E+002  0.14312668E+002  0.36148008E+002  0.36459940E+002  0.46879362E+003
   421.9298  0.51809314E+003  0.51839461E+003  0.44466826E+003  0.49629039E+003  0.49635776E+003  0.14009948E+002  0.14169417E+002  0.35853633E+002  0.36165341E+002  0.45665514E+003
   422.1805  0.50513420E+003  0.50541731E+003  0.43318388E+003  0.48347294E+003  0.48353849E+003  0.13871785E+002  0.14028856E+002  0.35564614E+002  0.35876093E+002  0.44498434E+003
   422.4311  0.49266666E+003  0.49293210E+003  0.42213772E+003  0.47114460E+003  0.47120840E+003  0.13736198E+002  0.13890917E+002  0.35280816E+002  0.35592059E+002  0.43375753E+003
   422.6817  0.48066595E+003  0.48091439E+003  0.41150784E+003  0.45928083E+003  0.45934296E+003  0.13603120E+002  0.13755533E+002  0.35002107E+002  0.35313108E+002  0.42295248E+003
   422.9323  0.46910903E+003  0.46934110E+003  0.40127360E+003  0.44785864E+003  0.44791915E+003  0.13472489E+002  0.13622639E+002  0.34728358E+002  0.35039112E+002  0.41254833E+003
   423.1830  0.45797425E+003  0.45819054E+003  0.39141567E+003  0.43685643E+003  0.43691539E+003  0.13344242E+002  0.13492172E+002  0.34459446E+002  0.34769948E+002  0.40252551E+003
   423.4336  0.44724126E+003  0.44744235E+003  0.38191585E+003  0.42625389E+003  0.42631136E+003  0.13218320E+002  0.13364072E+002  0.34195251E+002  0.34505497E+002  0.39286561E+003
   423.6842  0.43689093E+003  0.43707736E+003  0.37275704E+003  0.41603195E+003  0.41608798E+003  0.13094666E+002  0.13238281E+002  0.33935657E+002  0.34245642E+002  0.38355132E+003
   423.9348  0.42690525E+003  0.42707753E+003  0.36392314E+003  0.40617264E+003  0.40622728E+003  0.12973222E+002  0.13114740E+002  0.33680551E+002  0.33990271E+002  0.37456635E+003
   424.1855  0.41726725E+003  0.41742589E+003  0.35539900E+003  0.39665903E+003  0.39671234E+003  0.12853936E+002  0.12993396E+002  0.33429824E+002  0.33739275E+002  0.36589536E+003
   424.4361  0.40796094E+003  0.40810642E+003  0.34717033E+003  0.38747519E+003  0.38752720E+003  0.12736755E+002  0.12874193E+002  0.33183371E+002  0.33492549E+002  0.35752390E+003
   424.6867  0.39897126E+003  0.39910401E+003  0.33922365E+003  0.37860607E+003  0.37865684E+003  0.12621627E+002  0.12757082E+002  0.32941088E+002  0.33249990E+002  0.34943832E+003
   424.9373  0.39028396E+003  0.39040443E+003  0.33154624E+003  0.37003748E+003  0.37008705E+003  0.12508504E+002  0.12642011E+002  0.32702877E+002  0.33011499E+002  0.34162575E+003
   425.1880  0.38188560E+003  0.38199419E+003  0.32412610E+003  0.36175601E+003  0.36180443E+003  0.12397337E+002  0.12528932E+002  0.32468640E+002  0.32776980E+002  0.33407403E+003
   425.4386  0.37376348E+003  0.37386060E+003  0.31695188E+003  0.35374902E+003  0.35379632E+003  0.12288081E+002  0.12417797E+002  0.32238285E+002  0.32546339E+002  0.32677169E+003
   425.6892  0.36590559E+003  0.36599160E+003  0.31001285E+003  0.34600451E+003  0.34605073E+003  0.12180689E+002  0.12308561E+002  0.32011720E+002  0.32319486E+002  0.31970785E+003
   425.9398  0.35830055E+003  0.35837582E+003  0.30329885E+003  0.33851115E+003  0.33855633E+003  0.12075118E+002  0.12201179E+002  0.31788857E+002  0.32096332E+002  0.31287224E+003
   426.1905  0.35093761E+003  0.35100249E+003  0.29680028E+003  0.33125823E+003  0.33130240E+003  0.11971327E+002  0.12095608E+002  0.31569611E+002  0.31876793E+002  0.30625513E+003
   426.4411  0.34380656E+003  0.34386138E+003  0.29050803E+003  0.32423558E+003  0.32427877E+003  0.11869273E+002  0.11991805E+002  0.31353898E+002  0.31660785E+002  0.29984730E+003
   426.6917  0.33689775E+003  0.33694283E+003  0.28441348E+003  0.31743356E+003  0.31747581E+003  0.11768917E+002  0.11889732E+002  0.31141638E+002  0.31448227E+002  0.29364002E+003
   426.9424  0.33020201E+003  0.33023766E+003  0.27850843E+003  0.31084306E+003  0.31088439E+003  0.11670220E+002  0.11789346E+002  0.30932752E+002  0.31239042E+002  0.28762499E+003
   427.1930  0.32371064E+003  0.32373714E+003  0.27278513E+003  0.30445539E+003  0.30449583E+003  0.11573143E+002  0.11690611E+002  0.30727165E+002  0.31033153E+002  0.28179436E+003
   427.4436  0.31741538E+003  0.31743302E+003  0.26723620E+003  0.29826233E+003  0.29830192E+003  0.11477652E+002  0.11593490E+002  0.30524802E+002  0.30830487E+002  0.27614065E+003
   427.6942  0.31130838E+003  0.31131744E+003  0.26185464E+003  0.29225607E+003  0.29229483E+003  0.11383709E+002  0.11497944E+002  0.30325591E+002  0.30630971E+002  0.27065679E+003
   427.9449  0.30538218E+003  0.30538292E+003  0.25663380E+003  0.28642918E+003  0.28646714E+003  0.11291280E+002  0.11403941E+002  0.30129462E+002  0.30434536E+002  0.26533602E+003
   428.1955  0.29962971E+003  0.29962236E+003  0.25156734E+003  0.28077460E+003  0.28081178E+003  0.11200332E+002  0.11311445E+002  0.29936348E+002  0.30241114E+002  0.26017194E+003
   428.4461  0.29404420E+003  0.29402901E+003  0.24664925E+003  0.27528561E+003  0.27532203E+003  0.11110832E+002  0.11220422E+002  0.29746182E+002  0.30050640E+002  0.25515845E+003
   428.6967  0.28861923E+003  0.28859645E+003  0.24187380E+003  0.26995582E+003  0.26999150E+003  0.11022748E+002  0.11130842E+002  0.29558901E+002  0.29863048E+002  0.25028975E+003
   428.9474  0.28334869E+003  0.28331853E+003  0.23723553E+003  0.26477913E+003  0.26481410E+003  0.10936049E+002  0.11042671E+002  0.29374441E+002  0.29678276E+002  0.24556031E+003
   429.1980  0.27822676E+003  0.27818942E+003  0.23272925E+003  0.25974974E+003  0.25978402E+003  0.10850705E+002  0.10955881E+002  0.29192742E+002  0.29496264E+002  0.24096486E+003
   429.4486  0.27324787E+003  0.27320357E+003  0.22834999E+003  0.25486213E+003  0.25489574E+003  0.10766688E+002  0.10870440E+002  0.29013745E+002  0.29316953E+002  0.23649839E+003
   429.6992  0.26840672E+003  0.26835567E+003  0.22409304E+003  0.25011102E+003  0.25014398E+003  0.10683967E+002  0.10786319E+002  0.28837392E+002  0.29140285E+002  0.23215611E+003
   429.9499  0.26369827E+003  0.26364065E+003  0.21995389E+003  0.24549138E+003  0.24552371E+003  0.10602517E+002  0.10703492E+002  0.28663627E+002  0.28966205E+002  0.22793345E+003
   430.2005  0.25911768E+003  0.25905368E+003  0.21592824E+003  0.24099842E+003  0.24103013E+003  0.10522309E+002  0.10621929E+002  0.28492396E+002  0.28794657E+002  0.22382605E+003
   430.4511  0.25466036E+003  0.25459015E+003  0.21201198E+003  0.23662754E+003  0.23665866E+003  0.10443318E+002  0.10541605E+002  0.28323645E+002  0.28625589E+002  0.21982976E+003
   430.7018  0.25032189E+003  0.25024565E+003  0.20820118E+003  0.23237437E+003  0.23240491E+003  0.10365517E+002  0.10462494E+002  0.28157324E+002  0.28458949E+002  0.21594059E+003
   430.9524  0.24609807E+003  0.24601597E+003  0.20449210E+003  0.22823472E+003  0.22826470E+003  0.10288883E+002  0.10384569E+002  0.27993381E+002  0.28294687E+002  0.21215475E+003
   431.2030  0.24198488E+003  0.24189708E+003  0.20088116E+003  0.22420460E+003  0.22423403E+003  0.10213391E+002  0.10307807E+002  0.27831767E+002  0.28132754E+002  0.20846860E+003
   431.4536  0.23797847E+003  0.23788512E+003  0.19736492E+003  0.22028018E+003  0.22030907E+003  0.10139017E+002  0.10232184E+002  0.27672436E+002  0.27973103E+002  0.20487867E+003
   431.7043  0.23407516E+003  0.23397641E+003  0.19394010E+003  0.21645780E+003  0.21648617E+003  0.10065738E+002  0.10157675E+002  0.27515339E+002  0.27815686E+002  0.20138163E+003
   431.9549  0.23027143E+003  0.23016743E+003  0.19060357E+003  0.21273395E+003  0.21276181E+003  0.99935320E+001  0.10084259E+002  0.27360433E+002  0.27660459E+002  0.19797431E+003
   432.2055  0.22656390E+003  0.22645479E+003  0.18735233E+003  0.20910528E+003  0.20913265E+003  0.99223774E+001  0.10011913E+002  0.27207673E+002  0.27507377E+002  0.19465365E+003
   432.4561  0.22294934E+003  0.22283525E+003  0.18418348E+003  0.20556857E+003  0.20559547E+003  0.98522526E+001  0.99406156E+001  0.27057016E+002  0.27356398E+002  0.19141674E+003
   432.7068  0.21942465E+003  0.21930571E+003  0.18109428E+003  0.20212076E+003  0.20214719E+003  0.97831370E+001  0.98703453E+001  0.26908419E+002  0.27207479E+002  0.18826078E+003
   432.9574  0.21598686E+003  0.21586321E+003  0.17808208E+003  0.19875888E+003  0.19878486E+003  0.97150103E+001  0.98010818E+001  0.26761843E+002  0.27060580E+002  0.18518309E+003
   433.2080  0.21263313E+003  0.21250488E+003  0.17514434E+003  0.19548011E+003  0.19550565E+003  0.96478529E+001  0.97328050E+001  0.26617246E+002  0.26915661E+002  0.18218109E+003
   433.4586  0.20936072E+003  0.20922799E+003  0.17227864E+003  0.19228174E+003  0.19230684E+003  0.95816456E+001  0.96654954E+001  0.26474591E+002  0.26772682E+002  0.17925233E+003
   433.7093  0.20616701E+003  0.20602992E+003  0.16948263E+003  0.18916115E+003  0.18918583E+003  0.95163696E+001  0.95991340E+001  0.26333839E+002  0.26631607E+002  0.17639443E+003
   433.9599  0.20304948E+003  0.20290814E+003  0.16675408E+003  0.18611585E+003  0.18614012E+003  0.94520067E+001  0.95337020E+001  0.26194954E+002  0.26492398E+002  0.17360513E+003
   434.2105  0.20000572E+003  0.19986023E+003  0.16409084E+003  0.18314344E+003  0.18316731E+003  0.93885391E+001  0.94691815E+001  0.26057899E+002  0.26355019E+002  0.17088224E+003
   434.4612  0.19703340E+003  0.19688388E+003  0.16149084E+003  0.18024161E+003  0.18026509E+003  0.93259493E+001  0.94055547E+001  0.25922639E+002  0.26219435E+002  0.16822366E+003
   434.7118  0.19413029E+003  0.19397683E+003  0.15895209E+003  0.17740815E+003  0.17743125E+003  0.92642206E+001  0.93428044E+001  0.25789139E+002  0.26085612E+002  0.16562739E+003
   434.9624  0.19129426E+003  0.19113696E+003  0.15647270E+003  0.17464093E+003  0.17466366E+003  0.92033362E+001  0.92809136E+001  0.25657367E+002  0.25953516E+002  0.16309149E+003
   435.2130  0.18852323E+003  0.18836219E+003  0.15405082E+003  0.17193790E+003  0.17196026E+003  0.91432802E+001  0.92198661E+001  0.25527289E+002  0.25823114E+002  0.16061409E+003
   435.4637  0.18581522E+003  0.18565053E+003  0.15168469E+003  0.16929709E+003  0.16931910E+003  0.90840366E+001  0.91596457E+001  0.25398874E+002  0.25694374E+002  0.15819341E+003
   435.7143  0.18316833E+003  0.18300008E+003  0.14937261E+003  0.16671661E+003  0.16673828E+003  0.90255902E+001  0.91002368E+001  0.25272090E+002  0.25567266E+002  0.15582773E+003
   435.9649  0.18058072E+003  0.18040899E+003  0.14711296E+003  0.16419463E+003  0.16421597E+003  0.89679259E+001  0.90416240E+001  0.25146907E+002  0.25441759E+002  0.15351539E+003
   436.2155  0.17805062E+003  0.17787551E+003  0.14490416E+003  0.16172941E+003  0.16175042E+003  0.89110291E+001  0.89837926E+001  0.25023296E+002  0.25317823E+002  0.15125479E+003
   436.4662  0.17557633E+003  0.17539791E+003  0.14274469E+003  0.15931925E+003  0.15933994E+003  0.88548854E+001  0.89267278E+001  0.24901226E+002  0.25195429E+002  0.14904440E+003
   436.7168  0.17315620E+003  0.17297456E+003  0.14063310E+003  0.15696253E+003  0.15698290E+003  0.87994809E+001  0.88704155E+001  0.24780671E+002  0.25074549E+002  0.14688274E+003
   436.9674  0.17078867E+003  0.17060387E+003  0.13856799E+003  0.15465768E+003  0.15467775E+003  0.87448019E+001  0.88148418E+001  0.24661601E+002  0.24955156E+002  0.14476839E+003
   437.2180  0.16847220E+003  0.16828433E+003  0.13654800E+003  0.15240319E+003  0.15242296E+003  0.86908350E+001  0.87599931E+001  0.24543991E+002  0.24837221E+002  0.14269997E+003
   437.4687  0.16620533E+003  0.16601446E+003  0.13457183E+003  0.15019761E+003  0.15021708E+003  0.86375674E+001  0.87058561E+001  0.24427813E+002  0.24720720E+002  0.14067616E+003
   437.7193  0.16398665E+003  0.16379285E+003  0.13263822E+003  0.14803952E+003  0.14805871E+003  0.85849861E+001  0.86524178E+001  0.24313042E+002  0.24605625E+002  0.13869568E+003
   437.9699  0.16181478E+003  0.16161812E+003  0.13074596E+003  0.14592759E+003  0.14594650E+003  0.85330788E+001  0.85996657E+001  0.24199653E+002  0.24491912E+002  0.13675730E+003
   438.2206  0.15968842E+003  0.15948897E+003  0.12889388E+003  0.14386050E+003  0.14387913E+003  0.84818334E+001  0.85475872E+001  0.24087620E+002  0.24379556E+002  0.13485983E+003
   438.4712  0.15760628E+003  0.15740410E+003  0.12708084E+003  0.14183699E+003  0.14185535E+003  0.84312379E+001  0.84961704E+001  0.23976921E+002  0.24268534E+002  0.13300214E+003
   438.7218  0.15556715E+003  0.15536231E+003  0.12530577E+003  0.13985584E+003  0.13987395E+003  0.83812807E+001  0.84454034E+001  0.23867531E+002  0.24158820E+002  0.13118310E+003
   438.9724  0.15356984E+003  0.15336239E+003  0.12356761E+003  0.13791589E+003  0.13793374E+003  0.83319505E+001  0.83952746E+001  0.23759427E+002  0.24050393E+002  0.12940166E+003
   439.2231  0.15161320E+003  0.15140321E+003  0.12186534E+003  0.13601600E+003  0.13603360E+003  0.82832362E+001  0.83457727E+001  0.23652587E+002  0.23943230E+002  0.12765678E+003
   439.4737  0.14969613E+003  0.14948366E+003  0.12019798E+003  0.13415508E+003  0.13417243E+003  0.82351269E+001  0.82968868E+001  0.23546988E+002  0.23837309E+002  0.12594746E+003
   439.7243  0.14781757E+003  0.14760267E+003  0.11856459E+003  0.13233206E+003  0.13234918E+003  0.81876120E+001  0.82486059E+001  0.23442610E+002  0.23732609E+002  0.12427275E+003
   439.9749  0.14597647E+003  0.14575920E+003  0.11696424E+003  0.13054593E+003  0.13056281E+003  0.81406811E+001  0.82009195E+001  0.23339430E+002  0.23629107E+002  0.12263172E+003
   440.2256  0.14417185E+003  0.14395227E+003  0.11539606E+003  0.12879570E+003  0.12881235E+003  0.80943241E+001  0.81538173E+001  0.23237430E+002  0.23526785E+002  0.12102345E+003
   440.4762  0.14240273E+003  0.14218089E+003  0.11385919E+003  0.12708040E+003  0.12709683E+003  0.80485311E+001  0.81072892E+001  0.23136587E+002  0.23425621E+002  0.11944710E+003
   440.7268  0.14066820E+003  0.14044414E+003  0.11235280E+003  0.12539913E+003  0.12541534E+003  0.80032923E+001  0.80613253E+001  0.23036883E+002  0.23325596E+002  0.11790180E+003
   440.9774  0.13896733E+003  0.13874111E+003  0.11087609E+003  0.12375099E+003  0.12376698E+003  0.79585983E+001  0.80159159E+001  0.22938299E+002  0.23226690E+002  0.11638676E+003
   441.2281  0.13729926E+003  0.13707093E+003  0.10942829E+003  0.12213510E+003  0.12215088E+003  0.79144397E+001  0.79710515E+001  0.22840815E+002  0.23128885E+002  0.11490119E+003
   441.4787  0.13566315E+003  0.13543275E+003  0.10800864E+003  0.12055065E+003  0.12056622E+003  0.78708075E+001  0.79267229E+001  0.22744412E+002  0.23032162E+002  0.11344432E+003
   441.7293  0.13405818E+003  0.13382576E+003  0.10661643E+003  0.11899681E+003  0.11901217E+003  0.78276926E+001  0.78829210E+001  0.22649074E+002  0.22936504E+002  0.11201542E+003
   441.9799  0.13248356E+003  0.13224916E+003  0.10525095E+003  0.11747280E+003  0.11748797E+003  0.77850865E+001  0.78396370E+001  0.22554782E+002  0.22841892E+002  0.11061377E+003
   442.2306  0.13093851E+003  0.13070218E+003  0.10391152E+003  0.11597787E+003  0.11599284E+003  0.77429806E+001  0.77968621E+001  0.22461519E+002  0.22748309E+002  0.10923868E+003
   442.4812  0.12942230E+003  0.12918408E+003  0.10259748E+003  0.11451127E+003  0.11452606E+003  0.77013666E+001  0.77545878E+001  0.22369268E+002  0.22655739E+002  0.10788949E+003
   442.7318  0.12793421E+003  0.12769414E+003  0.10130819E+003  0.11307231E+003  0.11308691E+003  0.76602362E+001  0.77128059E+001  0.22278011E+002  0.22564164E+002  0.10656555E+003
   442.9825  0.12647354E+003  0.12623167E+003  0.10004305E+003  0.11166029E+003  0.11167470E+003  0.76195815E+001  0.76715082E+001  0.22187734E+002  0.22473568E+002  0.10526622E+003
   443.2331  0.12503961E+003  0.12479597E+003  0.98801440E+002  0.11027454E+003  0.11028877E+003  0.75793946E+001  0.76306866E+001  0.22098420E+002  0.22383936E+002  0.10399091E+003
   443.4837  0.12363177E+003  0.12338641E+003  0.97582793E+002  0.10891441E+003  0.10892847E+003  0.75396679E+001  0.75903335E+001  0.22010054E+002  0.22295251E+002  0.10273901E+003
   443.7343  0.12224939E+003  0.12200234E+003  0.96386542E+002  0.10757928E+003  0.10759316E+003  0.75003938E+001  0.75504411E+001  0.21922620E+002  0.22207500E+002  0.10150997E+003
   443.9850  0.12089185E+003  0.12064315E+003  0.95212144E+002  0.10626854E+003  0.10628225E+003  0.74615649E+001  0.75110019E+001  0.21836103E+002  0.22120665E+002  0.10030322E+003
   444.2356  0.11955855E+003  0.11930823E+003  0.94059068E+002  0.10498160E+003  0.10499514E+003  0.74231742E+001  0.74720086E+001  0.21750489E+002  0.22034734E+002  0.99118231E+002
   444.4862  0.11824891E+003  0.11799701E+003  0.92926802E+002  0.10371788E+003  0.10373126E+003  0.73852144E+001  0.74334540E+001  0.21665762E+002  0.21949692E+002  0.97954475E+002
   444.7368  0.11696238E+003  0.11670893E+003  0.91814849E+002  0.10247683E+003  0.10249005E+003  0.73476787E+001  0.73953311E+001  0.21581911E+002  0.21865524E+002  0.96811450E+002
   444.9875  0.11569840E+003  0.11544344E+003  0.90722726E+002  0.10125792E+003  0.10127098E+003  0.73105604E+001  0.73576329E+001  0.21498919E+002  0.21782216E+002  0.95688664E+002
   445.2381  0.11445645E+003  0.11420001E+003  0.89649964E+002  0.10006061E+003  0.10007352E+003  0.72738527E+001  0.73203527E+001  0.21416775E+002  0.21699756E+002  0.94585640E+002
   445.4887  0.11323601E+003  0.11297812E+003  0.88596108E+002  0.98884406E+002  0.98897165E+002  0.72375491E+001  0.72834839E+001  0.21335464E+002  0.21618130E+002  0.93501917E+002
   445.7393  0.11203658E+003  0.11177728E+003  0.87560718E+002  0.97728810E+002  0.97741420E+002  0.72016433E+001  0.72470200E+001  0.21254973E+002  0.21537326E+002  0.92437045E+002
   445.9900  0.11085769E+003  0.11059700E+003  0.86543365E+002  0.96593344E+002  0.96605809E+002  0.71661290E+001  0.72109545E+001  0.21175291E+002  0.21457329E+002  0.91390588E+002
   446.2406  0.10969885E+003  0.10943681E+003  0.85543631E+002  0.95477544E+002  0.95489865E+002  0.71310001E+001  0.71752813E+001  0.21096405E+002  0.21378129E+002  0.90362122E+002
   446.4912  0.10855962E+003  0.10829625E+003  0.84561114E+002  0.94380958E+002  0.94393139E+002  0.70962505E+001  0.71399943E+001  0.21018301E+002  0.21299712E+002  0.89351237E+002
   446.7419  0.10743954E+003  0.10717487E+003  0.83595419E+002  0.93303149E+002  0.93315191E+002  0.70618745E+001  0.71050874E+001  0.20940969E+002  0.21222067E+002  0.88357532E+002
   446.9925  0.10633819E+003  0.10607225E+003  0.82646165E+002  0.92243688E+002  0.92255595E+002  0.70278661E+001  0.70705547E+001  0.20864397E+002  0.21145181E+002  0.87380619E+002
   447.2431  0.10525514E+003  0.10498797E+003  0.81712982E+002  0.91202164E+002  0.91213937E+002  0.69942198E+001  0.70363905E+001  0.20788572E+002  0.21069045E+002  0.86420121E+002
   447.4937  0.10418999E+003  0.10392160E+003  0.80795508E+002  0.90178173E+002  0.90189815E+002  0.69609300E+001  0.70025892E+001  0.20713484E+002  0.20993645E+002  0.85475671E+002
   447.7444  0.10314235E+003  0.10287277E+003  0.79893394E+002  0.89171325E+002  0.89182838E+002  0.69279913E+001  0.69691452E+001  0.20639122E+002  0.20918972E+002  0.84546912E+002
   447.9950  0.10211182E+003  0.10184108E+003  0.79006298E+002  0.88181238E+002  0.88192624E+002  0.68953982E+001  0.69360530E+001  0.20565475E+002  0.20845013E+002  0.83633497E+002
   448.2456  0.10109804E+003  0.10082615E+003  0.78133889E+002  0.87207544E+002  0.87218805E+002  0.68631456E+001  0.69033074E+001  0.20492532E+002  0.20771760E+002  0.82735089E+002
   448.4962  0.10010063E+003  0.99827628E+002  0.77275845E+002  0.86249881E+002  0.86261021E+002  0.68312284E+001  0.68709031E+001  0.20420283E+002  0.20699200E+002  0.81851361E+002
   448.7469  0.99119237E+002  0.98845150E+002  0.76431852E+002  0.85307901E+002  0.85318921E+002  0.67996414E+001  0.68388349E+001  0.20348717E+002  0.20627324E+002  0.80981992E+002
   448.9975  0.98153525E+002  0.97878372E+002  0.75601606E+002  0.84381263E+002  0.84392165E+002  0.67683798E+001  0.68070979E+001  0.20277824E+002  0.20556122E+002  0.80126673E+002
   449.2481  0.97203155E+002  0.96926957E+002  0.74784808E+002  0.83469636E+002  0.83480421E+002  0.67374387E+001  0.67756870E+001  0.20207596E+002  0.20485585E+002  0.79285102E+002
   449.4987  0.96267798E+002  0.95990579E+002  0.73981172E+002  0.82572697E+002  0.82583368E+002  0.67068133E+001  0.67445975E+001  0.20138020E+002  0.20415701E+002  0.78456984E+002
   449.7494  0.95347136E+002  0.95068917E+002  0.73190415E+002  0.81690133E+002  0.81700692E+002  0.66764990E+001  0.67138246E+001  0.20069090E+002  0.20346462E+002  0.77642033E+002
   450.0000  0.94440860E+002  0.94161663E+002  0.72412263E+002  0.80821639E+002  0.80832087E+002  0.66464912E+001  0.66833636E+001  0.20000794E+002  0.20277858E+002  0.76839971E+002
