#Raman spectra
#Laser energy   2.54 eV
#Raman shift (cm-1), Raman Spectra (XX,YY,ZZ,s+s+,s-s-,XY,YX,s+s-,s-s+,nonpol)
   350.0000  0.16114848E+003  0.15686751E+003  0.42248809E+002  0.80383618E+002  0.80989544E+002  0.67588323E+002  0.68535284E+002  0.14605310E+003  0.14671334E+003  0.85762220E+002
   350.2506  0.16293096E+003  0.15860710E+003  0.42650601E+002  0.81148287E+002  0.81759848E+002  0.68553344E+002  0.69515912E+002  0.14801953E+003  0.14867965E+003  0.86666787E+002
   350.5013  0.16474823E+003  0.16038067E+003  0.43058149E+002  0.81923919E+002  0.82541192E+002  0.69540730E+002  0.70519261E+002  0.15003188E+003  0.15069190E+003  0.87588718E+002
   350.7519  0.16660122E+003  0.16218915E+003  0.43471566E+002  0.82710724E+002  0.83333788E+002  0.70551172E+002  0.71546035E+002  0.15209156E+003  0.15275150E+003  0.88528455E+002
   351.0025  0.16849093E+003  0.16403348E+003  0.43890964E+002  0.83508918E+002  0.84137854E+002  0.71585387E+002  0.72596962E+002  0.15420005E+003  0.15485993E+003  0.89486453E+002
   351.2531  0.17041836E+003  0.16591467E+003  0.44316458E+002  0.84318722E+002  0.84953611E+002  0.72644123E+002  0.73672801E+002  0.15635889E+003  0.15701873E+003  0.90463184E+002
   351.5038  0.17238456E+003  0.16783373E+003  0.44748168E+002  0.85140361E+002  0.85781288E+002  0.73728154E+002  0.74774339E+002  0.15856966E+003  0.15922948E+003  0.91459138E+002
   351.7544  0.17439063E+003  0.16979174E+003  0.45186215E+002  0.85974069E+002  0.86621117E+002  0.74838287E+002  0.75902397E+002  0.16083402E+003  0.16149385E+003  0.92474820E+002
   352.0050  0.17643769E+003  0.17178980E+003  0.45630724E+002  0.86820081E+002  0.87473338E+002  0.75975361E+002  0.77057825E+002  0.16315369E+003  0.16381356E+003  0.93510754E+002
   352.2556  0.17852691E+003  0.17382905E+003  0.46081823E+002  0.87678642E+002  0.88338195E+002  0.77140248E+002  0.78241511E+002  0.16553048E+003  0.16619041E+003  0.94567484E+002
   352.5063  0.18065952E+003  0.17591069E+003  0.46539641E+002  0.88550002E+002  0.89215941E+002  0.78333857E+002  0.79454378E+002  0.16796625E+003  0.16862625E+003  0.95645573E+002
   352.7569  0.18283676E+003  0.17803594E+003  0.47004315E+002  0.89434414E+002  0.90106831E+002  0.79557133E+002  0.80697387E+002  0.17046293E+003  0.17112305E+003  0.96745605E+002
   353.0075  0.18505996E+003  0.18020609E+003  0.47475980E+002  0.90332143E+002  0.91011130E+002  0.80811062E+002  0.81971537E+002  0.17302256E+003  0.17368281E+003  0.97868185E+002
   353.2581  0.18733046E+003  0.18242246E+003  0.47954778E+002  0.91243456E+002  0.91929108E+002  0.82096669E+002  0.83277873E+002  0.17564724E+003  0.17630766E+003  0.99013942E+002
   353.5088  0.18964969E+003  0.18468644E+003  0.48440853E+002  0.92168629E+002  0.92861042E+002  0.83415024E+002  0.84617479E+002  0.17833917E+003  0.17899979E+003  0.10018353E+003
   353.7594  0.19201911E+003  0.18699947E+003  0.48934354E+002  0.93107945E+002  0.93807218E+002  0.84767242E+002  0.85991490E+002  0.18110065E+003  0.18176149E+003  0.10137762E+003
   354.0100  0.19444024E+003  0.18936303E+003  0.49435433E+002  0.94061692E+002  0.94767925E+002  0.86154486E+002  0.87401087E+002  0.18393407E+003  0.18459516E+003  0.10259691E+003
   354.2607  0.19691468E+003  0.19177868E+003  0.49944245E+002  0.95030169E+002  0.95743464E+002  0.87577969E+002  0.88847501E+002  0.18684191E+003  0.18750329E+003  0.10384215E+003
   354.5113  0.19944408E+003  0.19424804E+003  0.50460950E+002  0.96013681E+002  0.96734141E+002  0.89038956E+002  0.90332020E+002  0.18982679E+003  0.19048849E+003  0.10511408E+003
   354.7619  0.20203015E+003  0.19677278E+003  0.50985712E+002  0.97012539E+002  0.97740272E+002  0.90538770E+002  0.91855985E+002  0.19289141E+003  0.19355347E+003  0.10641350E+003
   355.0125  0.20467469E+003  0.19935466E+003  0.51518701E+002  0.98027066E+002  0.98762178E+002  0.92078791E+002  0.93420801E+002  0.19603862E+003  0.19670107E+003  0.10774123E+003
   355.2632  0.20737955E+003  0.20199550E+003  0.52060088E+002  0.99057590E+002  0.99800192E+002  0.93660461E+002  0.95027931E+002  0.19927139E+003  0.19993427E+003  0.10909811E+003
   355.5138  0.21014668E+003  0.20469720E+003  0.52610050E+002  0.10010445E+003  0.10085465E+003  0.95285287E+002  0.96678908E+002  0.20259281E+003  0.20325616E+003  0.11048504E+003
   355.7644  0.21297811E+003  0.20746174E+003  0.53168771E+002  0.10116799E+003  0.10192591E+003  0.96954847E+002  0.98375334E+002  0.20600614E+003  0.20666999E+003  0.11190294E+003
   356.0150  0.21587594E+003  0.21029118E+003  0.53736436E+002  0.10224858E+003  0.10301433E+003  0.98670788E+002  0.10011888E+003  0.20951474E+003  0.21017914E+003  0.11335277E+003
   356.2657  0.21884238E+003  0.21318768E+003  0.54313238E+002  0.10334656E+003  0.10412027E+003  0.10043484E+003  0.10191131E+003  0.21312219E+003  0.21378718E+003  0.11483554E+003
   356.5163  0.22187973E+003  0.21615348E+003  0.54899373E+002  0.10446233E+003  0.10524411E+003  0.10224880E+003  0.10375444E+003  0.21683219E+003  0.21749782E+003  0.11635230E+003
   356.7669  0.22499037E+003  0.21919094E+003  0.55495045E+002  0.10559627E+003  0.10638624E+003  0.10411457E+003  0.10565021E+003  0.22064864E+003  0.22131495E+003  0.11790412E+003
   357.0175  0.22817683E+003  0.22230251E+003  0.56100460E+002  0.10674877E+003  0.10754706E+003  0.10603412E+003  0.10760063E+003  0.22457561E+003  0.22524265E+003  0.11949216E+003
   357.2682  0.23144172E+003  0.22549074E+003  0.56715834E+002  0.10792024E+003  0.10872698E+003  0.10800954E+003  0.10960781E+003  0.22861739E+003  0.22928520E+003  0.12111759E+003
   357.5188  0.23478777E+003  0.22875832E+003  0.57341384E+002  0.10911111E+003  0.10992642E+003  0.11004301E+003  0.11167396E+003  0.23277844E+003  0.23344709E+003  0.12278166E+003
   357.7694  0.23821786E+003  0.23210805E+003  0.57977337E+002  0.11032179E+003  0.11114582E+003  0.11213681E+003  0.11380141E+003  0.23706349E+003  0.23773302E+003  0.12448566E+003
   358.0201  0.24173497E+003  0.23554286E+003  0.58623924E+002  0.11155274E+003  0.11238561E+003  0.11429333E+003  0.11599259E+003  0.24147747E+003  0.24214793E+003  0.12623094E+003
   358.2707  0.24534226E+003  0.23906582E+003  0.59281384E+002  0.11280441E+003  0.11364626E+003  0.11651511E+003  0.11825006E+003  0.24602556E+003  0.24669702E+003  0.12801892E+003
   358.5213  0.24904299E+003  0.24268016E+003  0.59949963E+002  0.11407726E+003  0.11492824E+003  0.11880479E+003  0.12057652E+003  0.25071322E+003  0.25138574E+003  0.12985108E+003
   358.7719  0.25284063E+003  0.24638923E+003  0.60629911E+002  0.11537178E+003  0.11623203E+003  0.12116515E+003  0.12297479E+003  0.25554618E+003  0.25621982E+003  0.13172897E+003
   359.0226  0.25673877E+003  0.25019658E+003  0.61321488E+002  0.11668846E+003  0.11755813E+003  0.12359912E+003  0.12544785E+003  0.26053046E+003  0.26120529E+003  0.13365420E+003
   359.2732  0.26074122E+003  0.25410592E+003  0.62024962E+002  0.11802781E+003  0.11890705E+003  0.12610978E+003  0.12799883E+003  0.26567240E+003  0.26634849E+003  0.13562848E+003
   359.5238  0.26485195E+003  0.25812113E+003  0.62740605E+002  0.11939036E+003  0.12027931E+003  0.12870037E+003  0.13063102E+003  0.27097869E+003  0.27165610E+003  0.13765358E+003
   359.7744  0.26907513E+003  0.26224631E+003  0.63468700E+002  0.12077664E+003  0.12167546E+003  0.13137431E+003  0.13334789E+003  0.27645636E+003  0.27713517E+003  0.13973138E+003
   360.0251  0.27341516E+003  0.26648575E+003  0.64209538E+002  0.12218721E+003  0.12309606E+003  0.13413520E+003  0.13615310E+003  0.28211282E+003  0.28279311E+003  0.14186384E+003
   360.2757  0.27787665E+003  0.27084397E+003  0.64963418E+002  0.12362263E+003  0.12454168E+003  0.13698683E+003  0.13905050E+003  0.28795589E+003  0.28863774E+003  0.14405301E+003
   360.5263  0.28246446E+003  0.27532572E+003  0.65730648E+002  0.12508351E+003  0.12601291E+003  0.13993321E+003  0.14204417E+003  0.29399382E+003  0.29467732E+003  0.14630105E+003
   360.7769  0.28718371E+003  0.27993601E+003  0.66511544E+002  0.12657044E+003  0.12751036E+003  0.14297857E+003  0.14513840E+003  0.30023533E+003  0.30092056E+003  0.14861023E+003
   361.0276  0.29203976E+003  0.28468010E+003  0.67306432E+002  0.12808404E+003  0.12903466E+003  0.14612738E+003  0.14833774E+003  0.30668961E+003  0.30737667E+003  0.15098295E+003
   361.2782  0.29703831E+003  0.28956356E+003  0.68115650E+002  0.12962496E+003  0.13058645E+003  0.14938435E+003  0.15164696E+003  0.31336639E+003  0.31405537E+003  0.15342172E+003
   361.5288  0.30218534E+003  0.29459223E+003  0.68939544E+002  0.13119387E+003  0.13216640E+003  0.15275448E+003  0.15507116E+003  0.32027597E+003  0.32096698E+003  0.15592919E+003
   361.7794  0.30748716E+003  0.29977231E+003  0.69778469E+002  0.13279143E+003  0.13377519E+003  0.15624305E+003  0.15861570E+003  0.32742923E+003  0.32812237E+003  0.15850815E+003
   362.0301  0.31295044E+003  0.30511033E+003  0.70632795E+002  0.13441836E+003  0.13541354E+003  0.15985566E+003  0.16228626E+003  0.33483770E+003  0.33553309E+003  0.16116154E+003
   362.2807  0.31858223E+003  0.31061317E+003  0.71502900E+002  0.13607538E+003  0.13708215E+003  0.16359824E+003  0.16608886E+003  0.34251361E+003  0.34321136E+003  0.16389246E+003
   362.5313  0.32438999E+003  0.31628815E+003  0.72389174E+002  0.13776324E+003  0.13878180E+003  0.16747707E+003  0.17002990E+003  0.35046991E+003  0.35117015E+003  0.16670421E+003
   362.7820  0.33038161E+003  0.32214299E+003  0.73292022E+002  0.13948271E+003  0.14051325E+003  0.17149882E+003  0.17411615E+003  0.35872037E+003  0.35942323E+003  0.16960024E+003
   363.0326  0.33656544E+003  0.32818585E+003  0.74211859E+002  0.14123458E+003  0.14227731E+003  0.17567059E+003  0.17835480E+003  0.36727958E+003  0.36798520E+003  0.17258421E+003
   363.2832  0.34295033E+003  0.33442542E+003  0.75149112E+002  0.14301968E+003  0.14407479E+003  0.17999988E+003  0.18275351E+003  0.37616308E+003  0.37687160E+003  0.17566001E+003
   363.5338  0.34954568E+003  0.34087088E+003  0.76104226E+002  0.14483884E+003  0.14590654E+003  0.18449471E+003  0.18732041E+003  0.38538736E+003  0.38609894E+003  0.17883174E+003
   363.7845  0.35636145E+003  0.34753200E+003  0.77077655E+002  0.14669295E+003  0.14777345E+003  0.18916360E+003  0.19206415E+003  0.39497001E+003  0.39568479E+003  0.18210376E+003
   364.0351  0.36340824E+003  0.35441914E+003  0.78069873E+002  0.14858291E+003  0.14967641E+003  0.19401561E+003  0.19699394E+003  0.40492972E+003  0.40564789E+003  0.18548067E+003
   364.2857  0.37069730E+003  0.36154333E+003  0.79081363E+002  0.15050964E+003  0.15161637E+003  0.19906041E+003  0.20211961E+003  0.41528646E+003  0.41600819E+003  0.18896739E+003
   364.5363  0.37824061E+003  0.36891630E+003  0.80112630E+002  0.15247411E+003  0.15359429E+003  0.20430833E+003  0.20745164E+003  0.42606151E+003  0.42678698E+003  0.19256912E+003
   364.7870  0.38605094E+003  0.37655054E+003  0.81164192E+002  0.15447731E+003  0.15561116E+003  0.20977035E+003  0.21300122E+003  0.43727758E+003  0.43800700E+003  0.19629139E+003
   365.0376  0.39414189E+003  0.38445938E+003  0.82236584E+002  0.15652027E+003  0.15766802E+003  0.21545826E+003  0.21878028E+003  0.44895897E+003  0.44969255E+003  0.20014012E+003
   365.2882  0.40252797E+003  0.39265701E+003  0.83330360E+002  0.15860405E+003  0.15976594E+003  0.22138463E+003  0.22480163E+003  0.46113165E+003  0.46186961E+003  0.20412156E+003
   365.5388  0.41122468E+003  0.40115863E+003  0.84446092E+002  0.16072975E+003  0.16190600E+003  0.22756292E+003  0.23107894E+003  0.47382343E+003  0.47456600E+003  0.20824243E+003
   365.7895  0.42024858E+003  0.40998046E+003  0.85584372E+002  0.16289850E+003  0.16408935E+003  0.23400758E+003  0.23762687E+003  0.48706410E+003  0.48781154E+003  0.21250987E+003
   366.0401  0.42961742E+003  0.41913985E+003  0.86745811E+002  0.16511147E+003  0.16631717E+003  0.24073406E+003  0.24446114E+003  0.50088563E+003  0.50163821E+003  0.21693152E+003
   366.2907  0.43935018E+003  0.42865542E+003  0.87931041E+002  0.16736987E+003  0.16859067E+003  0.24775899E+003  0.25159863E+003  0.51532234E+003  0.51608033E+003  0.22151554E+003
   366.5414  0.44946722E+003  0.43854709E+003  0.89140717E+002  0.16967497E+003  0.17091111E+003  0.25510021E+003  0.25905747E+003  0.53041109E+003  0.53117480E+003  0.22627070E+003
   366.7920  0.45999040E+003  0.44883628E+003  0.90375515E+002  0.17202807E+003  0.17327979E+003  0.26277691E+003  0.26685716E+003  0.54619158E+003  0.54696132E+003  0.23120635E+003
   367.0426  0.47094322E+003  0.45954599E+003  0.91636135E+002  0.17443049E+003  0.17569806E+003  0.27080977E+003  0.27501872E+003  0.56270651E+003  0.56348263E+003  0.23633257E+003
   367.2932  0.48235094E+003  0.47070097E+003  0.92923302E+002  0.17688365E+003  0.17816732E+003  0.27922107E+003  0.28356478E+003  0.58000197E+003  0.58078483E+003  0.24166015E+003
   367.5439  0.49424079E+003  0.48232789E+003  0.94237766E+002  0.17938898E+003  0.18068901E+003  0.28803486E+003  0.29251977E+003  0.59812767E+003  0.59891766E+003  0.24720073E+003
   367.7945  0.50664212E+003  0.49445549E+003  0.95580305E+002  0.18194797E+003  0.18326463E+003  0.29727713E+003  0.30191010E+003  0.61713735E+003  0.61793488E+003  0.25296682E+003
   368.0451  0.51958662E+003  0.50711482E+003  0.96951723E+002  0.18456218E+003  0.18589573E+003  0.30697596E+003  0.31176430E+003  0.63708914E+003  0.63789465E+003  0.25897191E+003
   368.2957  0.53310857E+003  0.52033943E+003  0.98352855E+002  0.18723322E+003  0.18858391E+003  0.31716181E+003  0.32211331E+003  0.65804601E+003  0.65885998E+003  0.26523057E+003
   368.5464  0.54724505E+003  0.53416566E+003  0.99784564E+002  0.18996274E+003  0.19133085E+003  0.32786767E+003  0.33299067E+003  0.68007627E+003  0.68089920E+003  0.27175855E+003
   368.7970  0.56203627E+003  0.54863291E+003  0.10124775E+003  0.19275247E+003  0.19413826E+003  0.33912938E+003  0.34443277E+003  0.70325407E+003  0.70408652E+003  0.27857289E+003
   369.0476  0.57752590E+003  0.56378392E+003  0.10274333E+003  0.19560421E+003  0.19700795E+003  0.35098591E+003  0.35647921E+003  0.72766011E+003  0.72850266E+003  0.28569208E+003
   369.2982  0.59376137E+003  0.57966517E+003  0.10427229E+003  0.19851982E+003  0.19994176E+003  0.36347966E+003  0.36917308E+003  0.75338221E+003  0.75423550E+003  0.29313616E+003
   369.5489  0.61079436E+003  0.59632728E+003  0.10583561E+003  0.20150122E+003  0.20294164E+003  0.37665691E+003  0.38256139E+003  0.78051619E+003  0.78138090E+003  0.30092695E+003
   369.7995  0.62868121E+003  0.61382543E+003  0.10743433E+003  0.20455043E+003  0.20600958E+003  0.39056815E+003  0.39669544E+003  0.80916668E+003  0.81004354E+003  0.30908819E+003
   370.0501  0.64748344E+003  0.63221990E+003  0.10906953E+003  0.20766953E+003  0.20914766E+003  0.40526862E+003  0.41163136E+003  0.83944816E+003  0.84033796E+003  0.31764578E+003
   370.3008  0.66726835E+003  0.65157661E+003  0.11074233E+003  0.21086069E+003  0.21235804E+003  0.42081881E+003  0.42743060E+003  0.87148601E+003  0.87238963E+003  0.32662800E+003
   370.5514  0.68810971E+003  0.67196783E+003  0.11245390E+003  0.21412615E+003  0.21564298E+003  0.43728510E+003  0.44416062E+003  0.90541789E+003  0.90633625E+003  0.33606581E+003
   370.8020  0.71008849E+003  0.69347287E+003  0.11420543E+003  0.21746826E+003  0.21900479E+003  0.45474044E+003  0.46189552E+003  0.94139507E+003  0.94232919E+003  0.34599314E+003
   371.0526  0.73329373E+003  0.71617897E+003  0.11599818E+003  0.22088945E+003  0.22244592E+003  0.47326513E+003  0.48071689E+003  0.97958418E+003  0.98053516E+003  0.35644725E+003
   371.3033  0.75782355E+003  0.74018224E+003  0.11783345E+003  0.22439228E+003  0.22596887E+003  0.49294774E+003  0.50071473E+003  0.10201690E+004  0.10211381E+004  0.36746914E+003
   371.5539  0.78378626E+003  0.76558881E+003  0.11971261E+003  0.22797937E+003  0.22957629E+003  0.51388616E+003  0.52198848E+003  0.10633528E+004  0.10643412E+004  0.37910402E+003
   371.8045  0.81130169E+003  0.79251605E+003  0.12163706E+003  0.23165347E+003  0.23327090E+003  0.53618873E+003  0.54464823E+003  0.11093606E+004  0.11103698E+004  0.39140181E+003
   372.0551  0.84050267E+003  0.82109412E+003  0.12360827E+003  0.23541747E+003  0.23705556E+003  0.55997568E+003  0.56881612E+003  0.11584420E+004  0.11594736E+004  0.40441780E+003
   372.3058  0.87153678E+003  0.85146760E+003  0.12562776E+003  0.23927435E+003  0.24093322E+003  0.58538065E+003  0.59462796E+003  0.12108749E+004  0.12119305E+004  0.41821329E+003
   372.5564  0.90456836E+003  0.88379749E+003  0.12769713E+003  0.24322724E+003  0.24490698E+003  0.61255256E+003  0.62223502E+003  0.12669688E+004  0.12680504E+004  0.43285648E+003
   372.8070  0.93978081E+003  0.91826348E+003  0.12981804E+003  0.24727939E+003  0.24898006E+003  0.64165771E+003  0.65180628E+003  0.13270695E+004  0.13281793E+004  0.44842336E+003
   373.0576  0.97737936E+003  0.95506664E+003  0.13199220E+003  0.25143421E+003  0.25315583E+003  0.67288224E+003  0.68353086E+003  0.13915645E+004  0.13927046E+004  0.46499884E+003
   373.3083  0.10175942E+004  0.99443253E+003  0.13422143E+003  0.25569527E+003  0.25743780E+003  0.70643503E+003  0.71762098E+003  0.14608883E+004  0.14620614E+004  0.48267804E+003
   373.5589  0.10606843E+004  0.10366148E+004  0.13650759E+003  0.26006627E+003  0.26182963E+003  0.74255107E+003  0.75431540E+003  0.15355304E+004  0.15367393E+004  0.50156775E+003
   373.8095  0.11069416E+004  0.10818996E+004  0.13885264E+003  0.26455113E+003  0.26633514E+003  0.78149544E+003  0.79388345E+003  0.16160430E+004  0.16172908E+004  0.52178829E+003
   374.0602  0.11566964E+004  0.11306105E+004  0.14125864E+003  0.26915392E+003  0.27095835E+003  0.82356800E+003  0.83662978E+003  0.17030511E+004  0.17043413E+004  0.54347550E+003
   374.3108  0.12103235E+004  0.11831147E+004  0.14372770E+003  0.27387893E+003  0.27570343E+003  0.86910893E+003  0.88290002E+003  0.17972640E+004  0.17986007E+004  0.56678328E+003
   374.5614  0.12682491E+004  0.12398299E+004  0.14626206E+003  0.27873063E+003  0.28057478E+003  0.91850532E+003  0.93308747E+003  0.18994895E+004  0.19008769E+004  0.59188652E+003
   374.8120  0.13309603E+004  0.13012332E+004  0.14886405E+003  0.28371376E+003  0.28557697E+003  0.97219906E+003  0.98764108E+003  0.20106498E+004  0.20120931E+004  0.61898458E+003
   375.0627  0.13990147E+004  0.13678712E+004  0.15153610E+003  0.28883327E+003  0.29071482E+003  0.10306962E+004  0.10470751E+004  0.21318022E+004  0.21333069E+004  0.64830550E+003
   375.3133  0.14730538E+004  0.14403721E+004  0.15428075E+003  0.29409439E+003  0.29599338E+003  0.10945785E+004  0.11119804E+004  0.22641623E+004  0.22657348E+004  0.68011105E+003
   375.5639  0.15538174E+004  0.15194612E+004  0.15710066E+003  0.29950261E+003  0.30141794E+003  0.11645168E+004  0.11830387E+004  0.24091330E+004  0.24107805E+004  0.71470286E+003
   375.8145  0.16421629E+004  0.16059784E+004  0.15999864E+003  0.30506376E+003  0.30699408E+003  0.12412879E+004  0.12610392E+004  0.25683398E+004  0.25700707E+004  0.75242975E+003
   376.0652  0.17390876E+004  0.17009009E+004  0.16297758E+003  0.31078398E+003  0.31272764E+003  0.13257947E+004  0.13468994E+004  0.27436736E+004  0.27454973E+004  0.79369683E+003
   376.3158  0.18457563E+004  0.18053701E+004  0.16604056E+003  0.31666979E+003  0.31862481E+003  0.14190912E+004  0.14416900E+004  0.29373428E+004  0.29392702E+004  0.83897647E+003
   376.5664  0.19635358E+004  0.19207253E+004  0.16919079E+003  0.32272810E+003  0.32469210E+003  0.15224127E+004  0.15466661E+004  0.31519380E+004  0.31539818E+004  0.88882197E+003
   376.8170  0.20940370E+004  0.20485449E+004  0.17243163E+003  0.32896629E+003  0.33093638E+003  0.16372141E+004  0.16633060E+004  0.33905123E+004  0.33926870E+004  0.94388432E+003
   377.0677  0.22391677E+004  0.21906984E+004  0.17576661E+003  0.33539220E+003  0.33736493E+003  0.17652162E+004  0.17933580E+004  0.36566802E+004  0.36590030E+004  0.10049331E+004
   377.3183  0.24011987E+004  0.23494108E+004  0.17919947E+003  0.34201427E+003  0.34398547E+003  0.19084650E+004  0.19389008E+004  0.39547424E+004  0.39572332E+004  0.10728825E+004
   377.5689  0.25828464E+004  0.25273440E+004  0.18273410E+003  0.34884155E+003  0.35080621E+003  0.20694049E+004  0.21024181E+004  0.42898416E+004  0.42925240E+004  0.11488244E+004
   377.8195  0.27873779E+004  0.27276992E+004  0.18637462E+003  0.35588379E+003  0.35783590E+003  0.22509717E+004  0.22868926E+004  0.46681600E+004  0.46710618E+004  0.12340690E+004
   378.0702  0.30187433E+004  0.29543473E+004  0.19012537E+003  0.36315160E+003  0.36508388E+003  0.24567102E+004  0.24959259E+004  0.50971684E+004  0.51003229E+004  0.13301980E+004
   378.3208  0.32817452E+004  0.32119942E+004  0.19399093E+003  0.37065653E+003  0.37256019E+003  0.26909235E+004  0.27338900E+004  0.55859446E+004  0.55893916E+004  0.14391302E+004
   378.5714  0.35822537E+004  0.35063919E+004  0.19797614E+003  0.37841125E+003  0.38027563E+003  0.29588638E+004  0.30061212E+004  0.61455782E+004  0.61493656E+004  0.15632068E+004
   378.8221  0.39274821E+004  0.38446089E+004  0.20208611E+003  0.38642975E+003  0.38824189E+003  0.32669756E+004  0.33191672E+004  0.67896882E+004  0.67938740E+004  0.17052997E+004
   379.0727  0.43263376E+004  0.42353732E+004  0.20632626E+003  0.39472763E+003  0.39647169E+003  0.36232062E+004  0.36811026E+004  0.75350827E+004  0.75397375E+004  0.18689490E+004
   379.3233  0.47898660E+004  0.46895087E+004  0.21070236E+003  0.40332236E+003  0.40497896E+003  0.40374005E+004  0.41019299E+004  0.84025968E+004  0.84078070E+004  0.20585392E+004
   379.5739  0.53318093E+004  0.52204812E+004  0.21522055E+003  0.41223372E+003  0.41377904E+003  0.45217970E+004  0.45940837E+004  0.94181433E+004  0.94240151E+004  0.22795195E+004
   379.8246  0.59692865E+004  0.58450656E+004  0.21988735E+003  0.42148425E+003  0.42288893E+003  0.50916417E+004  0.51730540E+004  0.10614005E+005  0.10620669E+005  0.25386765E+004
   380.0752  0.67235917E+004  0.65841282E+004  0.22470979E+003  0.43109984E+003  0.43232760E+003  0.57659175E+004  0.58581276E+004  0.12030360E+005  0.12037978E+005  0.28444592E+004
   380.3258  0.76210467E+004  0.74634618E+004  0.22969535E+003  0.44111034E+003  0.44211633E+003  0.65681548E+004  0.66732120E+004  0.13716939E+005  0.13725710E+005  0.32073391E+004
   380.5764  0.86937304E+004  0.85145008E+004  0.23485210E+003  0.45155018E+003  0.45227898E+003  0.75271971E+004  0.76476124E+004  0.15734524E+005  0.15744688E+005  0.36401506E+004
   380.8271  0.99796597E+004  0.97744982E+004  0.24018870E+003  0.46245859E+003  0.46284220E+003  0.86776099E+004  0.88164479E+004  0.18155534E+005  0.18167381E+005  0.41582728E+004
   381.0777  0.11521514E+005  0.11285276E+005  0.24571439E+003  0.47387921E+003  0.47383518E+003  0.10059046E+005  0.10220006E+005  0.21062134E+005  0.21075993E+005  0.47793477E+004
   381.3283  0.13362127E+005  0.13088806E+005  0.25143894E+003  0.48585771E+003  0.48528854E+003  0.11713186E+005  0.11900636E+005  0.24538692E+005  0.24554916E+005  0.55219192E+004
   381.5789  0.15533643E+005  0.15216588E+005  0.25737239E+003  0.49843574E+003  0.49723133E+003  0.13675733E+005  0.13894613E+005  0.28653003E+005  0.28671908E+005  0.64018743E+004
   381.8296  0.18035813E+005  0.17668377E+005  0.26352448E+003  0.51163835E+003  0.50968480E+003  0.15959523E+005  0.16214979E+005  0.33417810E+005  0.33439558E+005  0.74249305E+004
   382.0802  0.20799404E+005  0.20376329E+005  0.26990363E+003  0.52545163E+003  0.52265143E+003  0.18524303E+005  0.18820838E+005  0.38724182E+005  0.38748588E+005  0.85732005E+004
   382.3308  0.23638209E+005  0.23157976E+005  0.27651551E+003  0.53979110E+003  0.53609934E+003  0.21233038E+005  0.21572964E+005  0.44250012E+005  0.44276286E+005  0.97857611E+004
   382.5815  0.26214549E+005  0.25682422E+005  0.28336163E+003  0.55447322E+003  0.54994850E+003  0.23810316E+005  0.24191535E+005  0.49383918E+005  0.49410483E+005  0.10940159E+005
   382.8321  0.28072513E+005  0.27502918E+005  0.29043965E+003  0.56922254E+003  0.56407475E+003  0.25846549E+005  0.26260405E+005  0.53262212E+005  0.53286875E+005  0.11854279E+005
   383.0827  0.28785990E+005  0.28201910E+005  0.29774714E+003  0.58375267E+003  0.57835021E+003  0.26903136E+005  0.27333945E+005  0.55021121E+005  0.55041757E+005  0.12333111E+005
   383.3333  0.28170553E+005  0.27598684E+005  0.30528839E+003  0.59790852E+003  0.59271336E+003  0.26709284E+005  0.27137017E+005  0.54204731E+005  0.54220184E+005  0.12256267E+005
   383.5840  0.26392967E+005  0.25856656E+005  0.31307973E+003  0.61177026E+003  0.60721927E+003  0.25316963E+005  0.25722417E+005  0.51029768E+005  0.51040246E+005  0.11646878E+005
   383.8346  0.23871768E+005  0.23385955E+005  0.32114823E+003  0.62562142E+003  0.62202302E+003  0.23069414E+005  0.23438877E+005  0.46255854E+005  0.46262515E+005  0.10657592E+005
   384.0852  0.21066115E+005  0.20636514E+005  0.32952538E+003  0.63981285E+003  0.63731267E+003  0.20414532E+005  0.20741469E+005  0.40788644E+005  0.40792860E+005  0.94875899E+004
   384.3358  0.18321797E+005  0.17947173E+005  0.33824111E+003  0.65463972E+003  0.65324941E+003  0.17727094E+005  0.18010977E+005  0.35348145E+005  0.35351008E+005  0.83035383E+004
   384.5865  0.15832619E+005  0.15507839E+005  0.34732157E+003  0.67029593E+003  0.66994576E+003  0.15237981E+005  0.15481984E+005  0.30358986E+005  0.30361195E+005  0.72081209E+004
   384.8371  0.13672863E+005  0.13391304E+005  0.35678978E+003  0.68688782E+003  0.68747269E+003  0.13049997E+005  0.13258943E+005  0.25998407E+005  0.26000340E+005  0.62470734E+004
   385.0877  0.11845459E+005  0.11600435E+005  0.36666733E+003  0.70446714E+003  0.70587590E+003  0.11183300E+005  0.11362335E+005  0.22289675E+005  0.22291511E+005  0.54293842E+004
   385.3383  0.10319385E+005  0.10104834E+005  0.37697585E+003  0.72305944E+003  0.72518985E+003  0.96156589E+004  0.97695749E+004  0.19179697E+005  0.19181507E+005  0.47451955E+004
   385.5890  0.90520918E+004  0.88628061E+004  0.38773800E+003  0.74268224E+003  0.74544670E+003  0.83082852E+004  0.84412520E+004  0.16587252E+005  0.16589054E+005  0.41772893E+004
   385.8396  0.80008035E+004  0.78324334E+004  0.39897810E+003  0.76335473E+003  0.76668117E+003  0.72195564E+004  0.73350774E+004  0.14428022E+005  0.14429813E+005  0.37071898E+004
   386.0902  0.71272705E+004  0.69762350E+004  0.41072247E+003  0.78510217E+003  0.78893283E+003  0.63111793E+004  0.64121444E+004  0.12625512E+005  0.12627282E+005  0.33179040E+004
   386.3409  0.63991648E+004  0.62625319E+004  0.42299965E+003  0.80795772E+003  0.81224714E+003  0.55503138E+004  0.56390865E+004  0.11114577E+005  0.11116316E+005  0.29948662E+004
   386.5915  0.57899480E+004  0.56653182E+004  0.43584063E+003  0.83196280E+003  0.83667584E+003  0.49097869E+004  0.49882953E+004  0.98415052E+004  0.98432045E+004  0.27260335E+004
   386.8421  0.52781577E+004  0.51635624E+004  0.44927901E+003  0.85716711E+003  0.86227710E+003  0.43675260E+004  0.44373446E+004  0.87627465E+004  0.87644000E+004  0.25016337E+004
   387.0927  0.48465564E+004  0.47403725E+004  0.46335119E+003  0.88362846E+003  0.88911573E+003  0.39057580E+004  0.39681766E+004  0.78432577E+004  0.78448617E+004  0.23138101E+004
   387.3434  0.44813287E+004  0.43822101E+004  0.47809663E+003  0.91141272E+003  0.91726330E+003  0.35102158E+004  0.35662955E+004  0.70549107E+004  0.70564634E+004  0.21562684E+004
   387.5940  0.41713939E+004  0.40782164E+004  0.49355808E+003  0.94059379E+003  0.94679852E+003  0.31694417E+004  0.32200599E+004  0.63751093E+004  0.63766103E+004  0.20239673E+004
   387.8446  0.39078432E+004  0.38196605E+004  0.50978186E+003  0.97125385E+003  0.97780760E+003  0.28742104E+004  0.29200968E+004  0.57856498E+004  0.57870997E+004  0.19128628E+004
   388.0952  0.36834898E+004  0.35994994E+004  0.52681822E+003  0.10034836E+004  0.10103847E+004  0.26170651E+004  0.26588298E+004  0.52718079E+004  0.52732079E+004  0.18197019E+004
   388.3459  0.34925146E+004  0.34120296E+004  0.54472170E+003  0.10373830E+004  0.10446327E+004  0.23919503E+004  0.24301064E+004  0.48216166E+004  0.48229686E+004  0.17418601E+004
   388.5965  0.33301876E+004  0.32526152E+004  0.56355155E+003  0.10730614E+004  0.10806637E+004  0.21939228E+004  0.22289043E+004  0.44252995E+004  0.44266055E+004  0.16772133E+004
   388.8471  0.31926512E+004  0.31174749E+004  0.58337222E+003  0.11106387E+004  0.11186001E+004  0.20189264E+004  0.20511022E+004  0.40748268E+004  0.40760890E+004  0.16240380E+004
   389.0977  0.30767494E+004  0.30035149E+004  0.60425388E+003  0.11502464E+004  0.11585755E+004  0.18636141E+004  0.18932994E+004  0.37635677E+004  0.37647883E+004  0.15809334E+004
   389.3484  0.29798952E+004  0.29081987E+004  0.62627304E+003  0.11920280E+004  0.12007356E+004  0.17252094E+004  0.17526750E+004  0.34860167E+004  0.34871979E+004  0.15467602E+004
   389.5990  0.28999654E+004  0.28294441E+004  0.64951325E+003  0.12361409E+004  0.12452400E+004  0.16013969E+004  0.16268765E+004  0.32375790E+004  0.32387230E+004  0.15205926E+004
   389.8496  0.28352185E+004  0.27655430E+004  0.67406585E+003  0.12827577E+004  0.12922632E+004  0.14902358E+004  0.15139319E+004  0.30143998E+004  0.30155087E+004  0.15016814E+004
   390.1003  0.27842295E+004  0.27150973E+004  0.70003088E+003  0.13320674E+004  0.13419963E+004  0.13900911E+004  0.14121801E+004  0.28132293E+004  0.28143050E+004  0.14894238E+004
   390.3509  0.27458388E+004  0.26769684E+004  0.72751803E+003  0.13842778E+004  0.13946494E+004  0.12995786E+004  0.13202147E+004  0.26313145E+004  0.26323589E+004  0.14833410E+004
   390.6015  0.27191110E+004  0.26502377E+004  0.75664784E+003  0.14396173E+004  0.14504529E+004  0.12175215E+004  0.12368399E+004  0.24663125E+004  0.24673274E+004  0.14830593E+004
   390.8521  0.27033035E+004  0.26341749E+004  0.78755295E+003  0.14983374E+004  0.15096609E+004  0.11429143E+004  0.11610342E+004  0.23162209E+004  0.23172078E+004  0.14882968E+004
   391.1028  0.26978409E+004  0.26282136E+004  0.82037960E+003  0.15607158E+004  0.15725534E+004  0.10748947E+004  0.10919215E+004  0.21793205E+004  0.21802809E+004  0.14988517E+004
   391.3534  0.27022956E+004  0.26319316E+004  0.85528928E+003  0.16270591E+004  0.16394396E+004  0.10127198E+004  0.10287469E+004  0.20541299E+004  0.20550653E+004  0.15145944E+004
   391.6040  0.27163728E+004  0.26450368E+004  0.89246073E+003  0.16977066E+004  0.17106620E+004  0.95574748E+003  0.97085787E+003  0.19393673E+004  0.19402789E+004  0.15354617E+004
   391.8546  0.27398993E+004  0.26673558E+004  0.93209215E+003  0.17730350E+004  0.17866002E+004  0.90342018E+003  0.91768810E+003  0.18339196E+004  0.18348086E+004  0.15614520E+004
   392.1053  0.27728161E+004  0.26988268E+004  0.97440374E+003  0.18534626E+004  0.18676760E+004  0.85525249E+003  0.86874428E+003  0.17368168E+004  0.17376842E+004  0.15926232E+004
   392.3559  0.28151733E+004  0.27394943E+004  0.10196407E+004  0.19394556E+004  0.19543595E+004  0.81082012E+003  0.82359531E+003  0.16472106E+004  0.16480574E+004  0.16290915E+004
   392.6065  0.28671283E+004  0.27895073E+004  0.10680768E+004  0.20315340E+004  0.20471748E+004  0.76975108E+003  0.78186322E+003  0.15643569E+004  0.15651841E+004  0.16710316E+004
   392.8571  0.29289457E+004  0.28491196E+004  0.11200181E+004  0.21302799E+004  0.21467089E+004  0.73171821E+003  0.74321555E+003  0.14876010E+004  0.14884093E+004  0.17186786E+004
   393.1078  0.30010009E+004  0.29186927E+004  0.11758081E+004  0.22363460E+004  0.22536194E+004  0.69643292E+003  0.70735907E+003  0.14163650E+004  0.14171552E+004  0.17723311E+004
   393.3584  0.30837851E+004  0.29987006E+004  0.12358326E+004  0.23504662E+004  0.23686462E+004  0.66363993E+003  0.67403435E+003  0.13501374E+004  0.13509101E+004  0.18323553E+004
   393.6090  0.31779132E+004  0.30897379E+004  0.13005268E+004  0.24734676E+004  0.24926231E+004  0.63311281E+003  0.64301131E+003  0.12884644E+004  0.12892201E+004  0.18991914E+004
   393.8596  0.32841354E+004  0.31925306E+004  0.13703826E+004  0.26062855E+004  0.26264927E+004  0.60465020E+003  0.61408529E+003  0.12309421E+004  0.12316813E+004  0.19733612E+004
   394.1103  0.34033509E+004  0.33079494E+004  0.14459575E+004  0.27499799E+004  0.27713233E+004  0.57807262E+003  0.58707388E+003  0.11772102E+004  0.11779334E+004  0.20554779E+004
   394.3609  0.35366259E+004  0.34370274E+004  0.15278853E+004  0.29057562E+004  0.29283299E+004  0.55321970E+003  0.56181407E+003  0.11269468E+004  0.11276543E+004  0.21462583E+004
   394.6115  0.36852163E+004  0.35809819E+004  0.16168893E+004  0.30749892E+004  0.30988981E+004  0.52994783E+003  0.53815988E+003  0.10798633E+004  0.10805553E+004  0.22465371E+004
   394.8622  0.38505948E+004  0.37412406E+004  0.17137967E+004  0.32592523E+004  0.32846137E+004  0.50812816E+003  0.51598030E+003  0.10357006E+004  0.10363773E+004  0.23572855E+004
   395.1128  0.40344849E+004  0.39194747E+004  0.18195577E+004  0.34603520E+004  0.34872972E+004  0.48764488E+003  0.49515755E+003  0.99422558E+003  0.99488719E+003  0.24796330E+004
   395.3634  0.42389018E+004  0.41176387E+004  0.19352670E+004  0.36803699E+004  0.37090470E+004  0.46839366E+003  0.47558553E+003  0.95522819E+003  0.95587466E+003  0.26148940E+004
   395.6140  0.44662036E+004  0.43380198E+004  0.20621909E+004  0.39217141E+004  0.39522897E+004  0.45028044E+003  0.45716853E+003  0.91851868E+003  0.91914994E+003  0.27646007E+004
   395.8647  0.47191526E+004  0.45832976E+004  0.22017997E+004  0.41871804E+004  0.42198432E+004  0.43322024E+003  0.43982005E+003  0.88392549E+003  0.88454138E+003  0.29305428E+004
   396.1153  0.50009922E+004  0.48566185E+004  0.23558079E+004  0.44800289E+004  0.45149932E+004  0.41713627E+003  0.42346188E+003  0.85129325E+003  0.85189350E+003  0.31148173E+004
   396.3659  0.53155407E+004  0.51616867E+004  0.25262228E+004  0.48040765E+004  0.48415866E+004  0.40195902E+003  0.40802317E+003  0.82048110E+003  0.82106533E+003  0.33198883E+004
   396.6165  0.56673077E+004  0.55028776E+004  0.27154051E+004  0.51638126E+004  0.52041479E+004  0.38762558E+003  0.39343976E+003  0.79136122E+003  0.79192890E+003  0.35486624E+004
   396.8672  0.60616395E+004  0.58853783E+004  0.29261445E+004  0.55645416E+004  0.56080232E+004  0.37407903E+003  0.37965352E+003  0.76381755E+003  0.76436801E+003  0.38045815E+004
   397.1178  0.65048997E+004  0.63153631E+004  0.31617528E+004  0.60125612E+004  0.60595594E+004  0.36126790E+003  0.36661179E+003  0.73774470E+003  0.73827710E+003  0.40917393E+004
   397.3684  0.70046966E+004  0.68002141E+004  0.34261816E+004  0.65153859E+004  0.65663302E+004  0.34914575E+003  0.35426695E+003  0.71304700E+003  0.71356029E+003  0.44150273E+004
   397.6190  0.75701695E+004  0.73487991E+004  0.37241706E+004  0.70820284E+004  0.71374187E+004  0.33767079E+003  0.34257604E+003  0.68963773E+003  0.69013063E+003  0.47803180E+004
   397.8697  0.82123512E+004  0.79718233E+004  0.40614344E+004  0.77233556E+004  0.77837771E+004  0.32680561E+003  0.33150044E+003  0.66743845E+003  0.66790939E+003  0.51946981E+004
   398.1203  0.89446281E+004  0.86822756E+004  0.44449006E+004  0.84525406E+004  0.85186818E+004  0.31651703E+003  0.32100566E+003  0.64637846E+003  0.64682556E+003  0.56667637E+004
   398.3709  0.97833277E+004  0.94959989E+004  0.48830126E+004  0.92856392E+004  0.93583146E+004  0.30677591E+003  0.31106119E+003  0.62639448E+003  0.62681542E+003  0.62069969E+004
   398.6216  0.10748467E+005  0.10432417E+005  0.53861164E+004  0.10242326E+005  0.10322504E+005  0.29755718E+003  0.30164046E+003  0.60743033E+003  0.60782231E+003  0.68282466E+004
   398.8722  0.11864712E+005  0.11515461E+005  0.59669547E+004  0.11346830E+005  0.11435670E+005  0.28883993E+003  0.29272084E+003  0.58943685E+003  0.58979648E+003  0.75463425E+004
   399.1228  0.13162589E+005  0.12774754E+005  0.66412947E+004  0.12629137E+005  0.12728031E+005  0.28060761E+003  0.28428378E+003  0.57237204E+003  0.57269517E+003  0.83808759E+004
   399.3734  0.14680028E+005  0.14247102E+005  0.74287222E+004  0.14126488E+005  0.14237122E+005  0.27284834E+003  0.27631511E+003  0.55620123E+003  0.55648279E+003  0.93561862E+004
   399.6241  0.16464273E+005  0.15978345E+005  0.83536266E+004  0.15885263E+005  0.16009687E+005  0.26555546E+003  0.26880543E+003  0.54089760E+003  0.54113139E+003  0.10502586E+005
   399.8747  0.18574178E+005  0.18025591E+005  0.94463892E+004  0.17963234E+005  0.18103949E+005  0.25872815E+003  0.26175062E+003  0.52644283E+003  0.52662122E+003  0.11857840E+005
   400.1253  0.21082828E+005  0.20459757E+005  0.10744733E+005  0.20432135E+005  0.20592205E+005  0.25237224E+003  0.25515249E+003  0.51282796E+003  0.51294156E+003  0.13468838E+005
   400.3759  0.24080153E+005  0.23368107E+005  0.12295073E+005  0.23380227E+005  0.23563409E+005  0.24650096E+003  0.24901949E+003  0.50005425E+003  0.50009151E+003  0.15393281E+005
   400.6266  0.27674736E+005  0.26856001E+005  0.14153447E+005  0.26914070E+005  0.27124955E+005  0.24113553E+003  0.24336711E+003  0.48813372E+003  0.48808047E+003  0.17700832E+005
   400.8772  0.31992938E+005  0.31046054E+005  0.16385068E+005  0.31157673E+005  0.31401825E+005  0.23630468E+003  0.23821749E+003  0.47708854E+003  0.47692760E+003  0.20472564E+005
   401.1278  0.37171561E+005  0.36071008E+005  0.19060534E+005  0.36245284E+005  0.36529318E+005  0.23204200E+003  0.23359708E+003  0.46694769E+003  0.46665857E+003  0.23796243E+005
   401.3784  0.43336863E+005  0.42053377E+005  0.22245004E+005  0.42300805E+005  0.42632309E+005  0.22837830E+003  0.22953018E+003  0.45773760E+003  0.45729678E+003  0.27752875E+005
   401.6291  0.50558193E+005  0.49060451E+005  0.25974268E+005  0.49392298E+005  0.49779391E+005  0.22532510E+003  0.22602459E+003  0.44946180E+003  0.44884411E+003  0.32386953E+005
   401.8797  0.58761288E+005  0.57020172E+005  0.30210012E+005  0.57446904E+005  0.57897136E+005  0.22284363E+003  0.22304507E+003  0.44206309E+003  0.44124511E+003  0.37650835E+005
   402.1303  0.67594398E+005  0.65591222E+005  0.34770738E+005  0.66119488E+005  0.66637704E+005  0.22079711E+003  0.22047231E+003  0.43536507E+003  0.43433183E+003  0.43318860E+005
   402.3810  0.76280127E+005  0.74019264E+005  0.39255308E+005  0.74647256E+005  0.75232320E+005  0.21889795E+003  0.21805750E+003  0.42900760E+003  0.42776273E+003  0.48892289E+005
   402.6316  0.83571151E+005  0.81093974E+005  0.43020099E+005  0.81806305E+005  0.82447488E+005  0.21669190E+003  0.21540879E+003  0.42242737E+003  0.42100439E+003  0.53570903E+005
   402.8822  0.87997355E+005  0.85388843E+005  0.45306524E+005  0.86154123E+005  0.86829389E+005  0.21364602E+003  0.21206678E+003  0.41496536E+003  0.41343302E+003  0.56411548E+005
   403.1328  0.88459980E+005  0.85837701E+005  0.45547618E+005  0.86612581E+005  0.87291442E+005  0.20936017E+003  0.20768631E+003  0.40612537E+003  0.40457875E+003  0.56709317E+005
   403.3835  0.84833666E+005  0.82318909E+005  0.43678701E+005  0.83058681E+005  0.83709686E+005  0.20378136E+003  0.20222052E+003  0.39583595E+003  0.39437312E+003  0.54383786E+005
   403.6341  0.78042498E+005  0.75729141E+005  0.40176611E+005  0.76399173E+005  0.76997978E+005  0.19723078E+003  0.19594415E+003  0.38448342E+003  0.38318030E+003  0.50027805E+005
   403.8847  0.69534274E+005  0.67473249E+005  0.35788427E+005  0.68054685E+005  0.68588082E+005  0.19021656E+003  0.18929260E+003  0.37268296E+003  0.37158079E+003  0.44570212E+005
   404.1353  0.60640316E+005  0.58843067E+005  0.31201127E+005  0.59331563E+005  0.59796583E+005  0.18320580E+003  0.18266612E+003  0.36099997E+003  0.36010806E+003  0.38865120E+005
   404.3860  0.52245369E+005  0.50697095E+005  0.26871250E+005  0.51097950E+005  0.51498431E+005  0.17650698E+003  0.17632871E+003  0.34980627E+003  0.34911274E+003  0.33480142E+005
   404.6366  0.44783638E+005  0.43456660E+005  0.23022852E+005  0.43779908E+005  0.44123027E+005  0.17026852E+003  0.17040694E+003  0.33927835E+003  0.33876091E+003  0.28693841E+005
   404.8872  0.38377758E+005  0.37240757E+005  0.19719215E+005  0.37497775E+005  0.37791652E+005  0.16452829E+003  0.16493241E+003  0.32945780E+003  0.32909122E+003  0.24584897E+005
   405.1378  0.32980978E+005  0.32004025E+005  0.16936221E+005  0.32205685E+005  0.32458081E+005  0.15926412E+003  0.15988523E+003  0.32031316E+003  0.32007332E+003  0.21123317E+005
   405.3885  0.28474438E+005  0.27631126E+005  0.14612539E+005  0.27787013E+005  0.28004773E+005  0.15442851E+003  0.15522376E+003  0.31178218E+003  0.31164781E+003  0.18232848E+005
   405.6391  0.24721169E+005  0.23989156E+005  0.12677493E+005  0.24107366E+005  0.24296284E+005  0.14996778E+003  0.15090111E+003  0.30379532E+003  0.30374843E+003  0.15825617E+005
   405.8897  0.21591507E+005  0.20952297E+005  0.11064180E+005  0.21039519E+005  0.21204390E+005  0.14583112E+003  0.14687291E+003  0.29628676E+003  0.29631247E+003  0.13818441E+005
   406.1404  0.18972691E+005  0.18411132E+005  0.97144150E+004  0.18472831E+005  0.18617583E+005  0.14197399E+003  0.14310019E+003  0.28919852E+003  0.28928464E+003  0.12138978E+005
   406.3910  0.16770742E+005  0.16274470E+005  0.85797072E+004  0.16315091E+005  0.16442931E+005  0.13835876E+003  0.13954997E+003  0.28248129E+003  0.28261789E+003  0.10726935E+005
   406.6416  0.14909039E+005  0.14467961E+005  0.76205212E+004  0.14491119E+005  0.14604663E+005  0.13495422E+003  0.13619482E+003  0.27609374E+003  0.27627272E+003  0.95331588E+004
   406.8922  0.13325785E+005  0.12931643E+005  0.68049716E+004  0.12940285E+005  0.13041673E+005  0.13173462E+003  0.13301203E+003  0.27000142E+003  0.27021615E+003  0.85180032E+004
   407.1429  0.11971353E+005  0.11617362E+005  0.61074526E+004  0.11613894E+005  0.11704886E+005  0.12867875E+003  0.12998282E+003  0.26417555E+003  0.26442060E+003  0.76496312E+004
   407.3935  0.10805903E+005  0.10486457E+005  0.55074078E+004  0.10472859E+005  0.10554908E+005  0.12576908E+003  0.12709159E+003  0.25859200E+003  0.25886288E+003  0.69024837E+004
   407.6441  0.97973839E+004  0.95078290E+004  0.49882999E+004  0.94857319E+004  0.95600437E+004  0.12299098E+003  0.12432530E+003  0.25323033E+003  0.25352334E+003  0.62559986E+004
   407.8947  0.89199154E+004  0.86563650E+004  0.45367766E+004  0.86271224E+004  0.86947047E+004  0.12033222E+003  0.12167293E+003  0.24807316E+003  0.24838519E+003  0.56935736E+004
   408.1454  0.81525078E+004  0.79116979E+004  0.41420084E+004  0.78764376E+004  0.79381363E+004  0.11778244E+003  0.11912515E+003  0.24310551E+003  0.24343396E+003  0.52017432E+004
   408.3960  0.74780509E+004  0.72572251E+004  0.37951678E+004  0.72168908E+004  0.72734204E+004  0.11533280E+003  0.11667393E+003  0.23831437E+003  0.23865706E+003  0.47695308E+004
   408.6466  0.68825223E+004  0.66793400E+004  0.34890206E+004  0.66347258E+004  0.66866928E+004  0.11297572E+003  0.11431233E+003  0.23368836E+003  0.23404344E+003  0.43879411E+004
   408.8972  0.63543686E+004  0.61668319E+004  0.32176063E+004  0.61186082E+004  0.61665304E+004  0.11070458E+003  0.11203430E+003  0.22921744E+003  0.22958332E+003  0.40495622E+004
   409.1479  0.58840183E+004  0.57104134E+004  0.29759873E+004  0.56591489E+004  0.57034703E+004  0.10851362E+003  0.10983451E+003  0.22489262E+003  0.22526797E+003  0.37482544E+004
   409.3985  0.54635003E+004  0.53023495E+004  0.27600516E+004  0.52485284E+004  0.52896318E+004  0.10639774E+003  0.10770823E+003  0.22070590E+003  0.22108955E+003  0.34789040E+004
   409.6491  0.50861412E+004  0.49361648E+004  0.25663567E+004  0.48802009E+004  0.49184178E+004  0.10435243E+003  0.10565124E+003  0.21665000E+003  0.21704095E+003  0.32372302E+004
   409.8997  0.47463261E+004  0.46064111E+004  0.23920066E+004  0.45486589E+004  0.45842776E+004  0.10237364E+003  0.10365974E+003  0.21271835E+003  0.21311572E+003  0.30196313E+004
   410.1504  0.44393078E+004  0.43084818E+004  0.22345526E+004  0.42492462E+004  0.42825186E+004  0.10045772E+003  0.10173029E+003  0.20890490E+003  0.20930795E+003  0.28230621E+004
   410.4010  0.41610535E+004  0.40384640E+004  0.20919147E+004  0.39780077E+004  0.40091546E+004  0.98601379E+002  0.99859760E+002  0.20520412E+003  0.20561220E+003  0.26449357E+004
   410.6516  0.39081225E+004  0.37930186E+004  0.19623185E+004  0.37315690E+004  0.37607848E+004  0.96801600E+002  0.98045293E+002  0.20161092E+003  0.20202343E+003  0.24830452E+004
   410.9023  0.36775661E+004  0.35692846E+004  0.18442433E+004  0.35070384E+004  0.35344947E+004  0.95055636E+002  0.96284256E+002  0.19812055E+003  0.19853699E+003  0.23354991E+004
   411.1529  0.34668469E+004  0.33647999E+004  0.17363807E+004  0.33019278E+004  0.33277770E+004  0.93360958E+002  0.94574221E+002  0.19472861E+003  0.19514854E+003  0.22006699E+004
   411.4035  0.32737730E+004  0.31774375E+004  0.16376004E+004  0.31140881E+004  0.31384655E+004  0.91715231E+002  0.92912938E+002  0.19143101E+003  0.19185403E+003  0.20771518E+004
   411.6541  0.30964436E+004  0.30053530E+004  0.15469224E+004  0.29416557E+004  0.29646819E+004  0.90116292E+002  0.91298316E+002  0.18822389E+003  0.18864965E+003  0.19637256E+004
   411.9048  0.29332045E+004  0.28469412E+004  0.14634940E+004  0.27830087E+004  0.28047920E+004  0.88562128E+002  0.89728401E+002  0.18510365E+003  0.18553183E+003  0.18593304E+004
   412.1554  0.27826110E+004  0.27008003E+004  0.13865702E+004  0.26367311E+004  0.26573683E+004  0.87050864E+002  0.88201369E+002  0.18206691E+003  0.18249723E+003  0.17630397E+004
   412.4060  0.26433973E+004  0.25657021E+004  0.13154988E+004  0.25015821E+004  0.25211604E+004  0.85580745E+002  0.86715507E+002  0.17911046E+003  0.17954268E+003  0.16740416E+004
   412.6566  0.25144508E+004  0.24405668E+004  0.12497061E+004  0.23764712E+004  0.23950693E+004  0.84150125E+002  0.85269206E+002  0.17623129E+003  0.17666518E+003  0.15916225E+004
   412.9073  0.23947905E+004  0.23244427E+004  0.11886868E+004  0.22604370E+004  0.22781261E+004  0.82757457E+002  0.83860949E+002  0.17342654E+003  0.17386190E+003  0.15151535E+004
   413.1579  0.22835491E+004  0.22164880E+004  0.11319937E+004  0.21526297E+004  0.21694742E+004  0.81401287E+002  0.82489304E+002  0.17069351E+003  0.17113017E+003  0.14440783E+004
   413.4085  0.21799573E+004  0.21159564E+004  0.10792306E+004  0.20522957E+004  0.20683541E+004  0.80080238E+002  0.81152918E+002  0.16802964E+003  0.16846742E+003  0.13779037E+004
   413.6591  0.20833315E+004  0.20221844E+004  0.10300453E+004  0.19587649E+004  0.19740907E+004  0.78793011E+002  0.79850510E+002  0.16543247E+003  0.16587123E+003  0.13161912E+004
   413.9098  0.19930620E+004  0.19345805E+004  0.98412368E+003  0.18714405E+004  0.18860823E+004  0.77538378E+002  0.78580863E+002  0.16289969E+003  0.16333930E+003  0.12585500E+004
   414.1604  0.19086044E+004  0.18526164E+004  0.94118533E+003  0.17897890E+004  0.18037912E+004  0.76315171E+002  0.77342823E+002  0.16042909E+003  0.16086943E+003  0.12046310E+004
   414.4110  0.18294706E+004  0.17758185E+004  0.90097899E+003  0.17133327E+004  0.17267359E+004  0.75122282E+002  0.76135291E+002  0.15801857E+003  0.15845953E+003  0.11541213E+004
   414.6617  0.17552230E+004  0.17037620E+004  0.86327918E+003  0.16416427E+004  0.16544844E+004  0.73958659E+002  0.74957221E+002  0.15566611E+003  0.15610759E+003  0.11067403E+004
   414.9123  0.16854673E+004  0.16360646E+004  0.82788306E+003  0.15743334E+004  0.15866479E+004  0.72823299E+002  0.73807619E+002  0.15336979E+003  0.15381170E+003  0.10622353E+004
   415.1629  0.16198485E+004  0.15723816E+004  0.79460776E+003  0.15110570E+004  0.15228760E+004  0.71715248E+002  0.72685533E+002  0.15112778E+003  0.15157003E+003  0.10203786E+004
   415.4135  0.15580456E+004  0.15124015E+004  0.76328813E+003  0.14514995E+004  0.14628520E+004  0.70633594E+002  0.71590055E+002  0.14893832E+003  0.14938084E+003  0.98096452E+003
   415.6642  0.14997681E+004  0.14558425E+004  0.73377467E+003  0.13953767E+004  0.14062896E+004  0.69577469E+002  0.70520318E+002  0.14679973E+003  0.14724245E+003  0.94380690E+003
   415.9148  0.14447526E+004  0.14024490E+004  0.70593184E+003  0.13424306E+004  0.13529289E+004  0.68546040E+002  0.69475493E+002  0.14471039E+003  0.14515326E+003  0.90873684E+003
   416.1654  0.13927597E+004  0.13519887E+004  0.67963650E+003  0.12924273E+004  0.13025339E+004  0.67538513E+002  0.68454786E+002  0.14266877E+003  0.14311172E+003  0.87560096E+003
   416.4160  0.13435717E+004  0.13042502E+004  0.65477663E+003  0.12451536E+004  0.12548900E+004  0.66554129E+002  0.67457436E+002  0.14067338E+003  0.14111636E+003  0.84425965E+003
   416.6667  0.12969897E+004  0.12590407E+004  0.63125007E+003  0.12004153E+004  0.12098014E+004  0.65592158E+002  0.66482714E+002  0.13872281E+003  0.13916577E+003  0.81458561E+003
   416.9173  0.12528326E+004  0.12161844E+004  0.60896358E+003  0.11580352E+004  0.11670894E+004  0.64651904E+002  0.65529921E+002  0.13681568E+003  0.13725858E+003  0.78646265E+003
   417.1679  0.12109345E+004  0.11755202E+004  0.58783189E+003  0.11178510E+004  0.11265906E+004  0.63732696E+002  0.64598388E+002  0.13495069E+003  0.13539348E+003  0.75978446E+003
   417.4185  0.11711432E+004  0.11369006E+004  0.56777690E+003  0.10797142E+004  0.10881552E+004  0.62833893E+002  0.63687469E+002  0.13312658E+003  0.13356923E+003  0.73445369E+003
   417.6692  0.11333196E+004  0.11001904E+004  0.54872697E+003  0.10434887E+004  0.10516460E+004  0.61954878E+002  0.62796546E+002  0.13134213E+003  0.13178461E+003  0.71038102E+003
   417.9198  0.10973354E+004  0.10652653E+004  0.53061631E+003  0.10090492E+004  0.10169369E+004  0.61095059E+002  0.61925025E+002  0.12959618E+003  0.13003845E+003  0.68748440E+003
   418.1704  0.10630729E+004  0.10320110E+004  0.51338440E+003  0.97628083E+003  0.98391199E+003  0.60253867E+002  0.61072334E+002  0.12788761E+003  0.12832965E+003  0.66568836E+003
   418.4211  0.10304234E+004  0.10003221E+004  0.49697550E+003  0.94507746E+003  0.95246432E+003  0.59430754E+002  0.60237923E+002  0.12621534E+003  0.12665712E+003  0.64492337E+003
   418.6717  0.99928698E+003  0.97010149E+003  0.48133820E+003  0.91534136E+003  0.92249543E+003  0.58625196E+002  0.59421263E+002  0.12457833E+003  0.12501982E+003  0.62512529E+003
   418.9223  0.96957102E+003  0.94125939E+003  0.46642504E+003  0.88698228E+003  0.89391434E+003  0.57836684E+002  0.58621845E+002  0.12297558E+003  0.12341676E+003  0.60623490E+003
   419.1729  0.94119004E+003  0.91371283E+003  0.45219214E+003  0.85991676E+003  0.86663694E+003  0.57064731E+002  0.57839177E+002  0.12140611E+003  0.12184696E+003  0.58819744E+003
   419.4236  0.91406485E+003  0.88738496E+003  0.43859886E+003  0.83406756E+003  0.84058539E+003  0.56308867E+002  0.57072786E+002  0.11986901E+003  0.12030951E+003  0.57096220E+003
   419.6742  0.88812207E+003  0.86220458E+003  0.42560757E+003  0.80936310E+003  0.81568755E+003  0.55568640E+002  0.56322218E+002  0.11836337E+003  0.11880350E+003  0.55448219E+003
   419.9248  0.86329359E+003  0.83810560E+003  0.41318334E+003  0.78573696E+003  0.79187649E+003  0.54843613E+002  0.55587031E+002  0.11688832E+003  0.11732807E+003  0.53871382E+003
   420.1754  0.83951615E+003  0.81502662E+003  0.40129375E+003  0.76312749E+003  0.76909004E+003  0.54133366E+002  0.54866803E+002  0.11544303E+003  0.11588238E+003  0.52361657E+003
   420.4261  0.81673091E+003  0.79291055E+003  0.38990863E+003  0.74147733E+003  0.74727043E+003  0.53437492E+002  0.54161124E+002  0.11402669E+003  0.11446563E+003  0.50915280E+003
   420.6767  0.79488310E+003  0.77170423E+003  0.37899993E+003  0.72073311E+003  0.72636386E+003  0.52755601E+002  0.53469598E+002  0.11263853E+003  0.11307703E+003  0.49528743E+003
   420.9273  0.77392168E+003  0.75135815E+003  0.36854150E+003  0.70084514E+003  0.70632023E+003  0.52087313E+002  0.52791846E+002  0.11127778E+003  0.11171585E+003  0.48198781E+003
   421.1779  0.75379904E+003  0.73182610E+003  0.35850896E+003  0.68176703E+003  0.68709281E+003  0.51432263E+002  0.52127498E+002  0.10994372E+003  0.11038134E+003  0.46922346E+003
   421.4286  0.73447073E+003  0.71306495E+003  0.34887956E+003  0.66345552E+003  0.66863800E+003  0.50790100E+002  0.51476199E+002  0.10863564E+003  0.10907281E+003  0.45696596E+003
   421.6792  0.71589523E+003  0.69503438E+003  0.33963202E+003  0.64587019E+003  0.65091506E+003  0.50160482E+002  0.50837604E+002  0.10735288E+003  0.10778957E+003  0.44518871E+003
   421.9298  0.69803366E+003  0.67769670E+003  0.33074648E+003  0.62897322E+003  0.63388587E+003  0.49543080E+002  0.50211382E+002  0.10609476E+003  0.10653097E+003  0.43386686E+003
   422.1805  0.68084967E+003  0.66101661E+003  0.32220433E+003  0.61272925E+003  0.61751478E+003  0.48937575E+002  0.49597211E+002  0.10486065E+003  0.10529638E+003  0.42297714E+003
   422.4311  0.66430916E+003  0.64496102E+003  0.31398814E+003  0.59710511E+003  0.60176839E+003  0.48343661E+002  0.48994779E+002  0.10364994E+003  0.10408518E+003  0.41249776E+003
   422.6817  0.64838018E+003  0.62949894E+003  0.30608157E+003  0.58206976E+003  0.58661539E+003  0.47761038E+002  0.48403787E+002  0.10246203E+003  0.10289677E+003  0.40240827E+003
   422.9323  0.63303273E+003  0.61460124E+003  0.29846929E+003  0.56759402E+003  0.57202639E+003  0.47189420E+002  0.47823943E+002  0.10129635E+003  0.10173058E+003  0.39268948E+003
   423.1830  0.61823864E+003  0.60024059E+003  0.29113690E+003  0.55365053E+003  0.55797381E+003  0.46628526E+002  0.47254966E+002  0.10015233E+003  0.10058605E+003  0.38332338E+003
   423.4336  0.60397141E+003  0.58639128E+003  0.28407088E+003  0.54021357E+003  0.54443172E+003  0.46078088E+002  0.46696582E+002  0.99029430E+002  0.99462637E+002  0.37429304E+003
   423.6842  0.59020614E+003  0.57302914E+003  0.27725851E+003  0.52725894E+003  0.53137575E+003  0.45537843E+002  0.46148527E+002  0.97927135E+002  0.98359820E+002  0.36558252E+003
   423.9348  0.57691936E+003  0.56013139E+003  0.27068781E+003  0.51476388E+003  0.51878293E+003  0.45007540E+002  0.45610546E+002  0.96844932E+002  0.97277093E+002  0.35717683E+003
   424.1855  0.56408899E+003  0.54767661E+003  0.26434750E+003  0.50270694E+003  0.50663168E+003  0.44486931E+002  0.45082391E+002  0.95782331E+002  0.96213962E+002  0.34906185E+003
   424.4361  0.55169418E+003  0.53564456E+003  0.25822697E+003  0.49106792E+003  0.49490161E+003  0.43975781E+002  0.44563821E+002  0.94738854E+002  0.95169952E+002  0.34122426E+003
   424.6867  0.53971528E+003  0.52401618E+003  0.25231618E+003  0.47982776E+003  0.48357352E+003  0.43473858E+002  0.44054604E+002  0.93714039E+002  0.94144601E+002  0.33365150E+003
   424.9373  0.52813375E+003  0.51277345E+003  0.24660568E+003  0.46896847E+003  0.47262929E+003  0.42980940E+002  0.43554514E+002  0.92707438E+002  0.93137461E+002  0.32633171E+003
   425.1880  0.51693204E+003  0.50189938E+003  0.24108654E+003  0.45847306E+003  0.46205179E+003  0.42496810E+002  0.43063331E+002  0.91718615E+002  0.92148097E+002  0.31925370E+003
   425.4386  0.50609360E+003  0.49137788E+003  0.23575031E+003  0.44832549E+003  0.45182485E+003  0.42021257E+002  0.42580845E+002  0.90747150E+002  0.91176087E+002  0.31240689E+003
   425.6892  0.49560274E+003  0.48119374E+003  0.23058902E+003  0.43851058E+003  0.44193317E+003  0.41554080E+002  0.42106847E+002  0.89792632E+002  0.90221023E+002  0.30578124E+003
   425.9398  0.48544464E+003  0.47133256E+003  0.22559511E+003  0.42901397E+003  0.43236229E+003  0.41095079E+002  0.41641139E+002  0.88854664E+002  0.89282507E+002  0.29936731E+003
   426.1905  0.47560525E+003  0.46178072E+003  0.22076144E+003  0.41982206E+003  0.42309849E+003  0.40644064E+002  0.41183527E+002  0.87932862E+002  0.88360155E+002  0.29315611E+003
   426.4411  0.46607126E+003  0.45252529E+003  0.21608123E+003  0.41092198E+003  0.41412881E+003  0.40200847E+002  0.40733823E+002  0.87026850E+002  0.87453591E+002  0.28713914E+003
   426.6917  0.45683005E+003  0.44355403E+003  0.21154807E+003  0.40230152E+003  0.40544094E+003  0.39765250E+002  0.40291843E+002  0.86136265E+002  0.86562454E+002  0.28130835E+003
   426.9424  0.44786963E+003  0.43485532E+003  0.20715586E+003  0.39394911E+003  0.39702321E+003  0.39337096E+002  0.39857410E+002  0.85260754E+002  0.85686389E+002  0.27565609E+003
   427.1930  0.43917866E+003  0.42641812E+003  0.20289884E+003  0.38585376E+003  0.38886456E+003  0.38916214E+002  0.39430351E+002  0.84399974E+002  0.84825054E+002  0.27017510E+003
   427.4436  0.43074633E+003  0.41823197E+003  0.19877151E+003  0.37800505E+003  0.38095448E+003  0.38502440E+002  0.39010500E+002  0.83553591E+002  0.83978116E+002  0.26485851E+003
   427.6942  0.42256239E+003  0.41028690E+003  0.19476868E+003  0.37039308E+003  0.37328299E+003  0.38095614E+002  0.38597694E+002  0.82721283E+002  0.83145252E+002  0.25969976E+003
   427.9449  0.41461709E+003  0.40257346E+003  0.19088539E+003  0.36300842E+003  0.36584059E+003  0.37695577E+002  0.38191773E+002  0.81902735E+002  0.82326147E+002  0.25469262E+003
   428.1955  0.40690115E+003  0.39508265E+003  0.18711693E+003  0.35584214E+003  0.35861828E+003  0.37302180E+002  0.37792585E+002  0.81097640E+002  0.81520495E+002  0.24983119E+003
   428.4461  0.39940574E+003  0.38780589E+003  0.18345883E+003  0.34888572E+003  0.35160747E+003  0.36915274E+002  0.37399981E+002  0.80305701E+002  0.80727998E+002  0.24510983E+003
   428.6967  0.39212247E+003  0.38073503E+003  0.17990682E+003  0.34213104E+003  0.34479999E+003  0.36534716E+002  0.37013814E+002  0.79526629E+002  0.79948369E+002  0.24052318E+003
   428.9474  0.38504332E+003  0.37386230E+003  0.17645685E+003  0.33557041E+003  0.33818806E+003  0.36160367E+002  0.36633945E+002  0.78760143E+002  0.79181325E+002  0.23606614E+003
   429.1980  0.37816067E+003  0.36718030E+003  0.17310505E+003  0.32919645E+003  0.33176428E+003  0.35792090E+002  0.36260234E+002  0.78005969E+002  0.78426594E+002  0.23173383E+003
   429.4486  0.37146723E+003  0.36068197E+003  0.16984774E+003  0.32300217E+003  0.32552158E+003  0.35429755E+002  0.35892550E+002  0.77263841E+002  0.77683909E+002  0.22752162E+003
   429.6992  0.36495608E+003  0.35436056E+003  0.16668140E+003  0.31698089E+003  0.31945323E+003  0.35073232E+002  0.35530761E+002  0.76533501E+002  0.76953011E+002  0.22342508E+003
   429.9499  0.35862057E+003  0.34820965E+003  0.16360267E+003  0.31112622E+003  0.31355280E+003  0.34722397E+002  0.35174742E+002  0.75814695E+002  0.76233648E+002  0.21943999E+003
   430.2005  0.35245440E+003  0.34222311E+003  0.16060837E+003  0.30543209E+003  0.30781416E+003  0.34377128E+002  0.34824369E+002  0.75107180E+002  0.75525576E+002  0.21556233E+003
   430.4511  0.34645152E+003  0.33639506E+003  0.15769543E+003  0.29989269E+003  0.30223146E+003  0.34037308E+002  0.34479522E+002  0.74410715E+002  0.74828556E+002  0.21178823E+003
   430.7018  0.34060616E+003  0.33071991E+003  0.15486094E+003  0.29450246E+003  0.29679910E+003  0.33702820E+002  0.34140084E+002  0.73725070E+002  0.74142355E+002  0.20811402E+003
   430.9524  0.33491280E+003  0.32519231E+003  0.15210211E+003  0.28925610E+003  0.29151174E+003  0.33373553E+002  0.33805943E+002  0.73050016E+002  0.73466746E+002  0.20453619E+003
   431.2030  0.32936615E+003  0.31980712E+003  0.14941627E+003  0.28414855E+003  0.28636427E+003  0.33049399E+002  0.33476988E+002  0.72385335E+002  0.72801511E+002  0.20105138E+003
   431.4536  0.32396118E+003  0.31455945E+003  0.14680087E+003  0.27917495E+003  0.28135180E+003  0.32730249E+002  0.33153110E+002  0.71730811E+002  0.72146433E+002  0.19765635E+003
   431.7043  0.31869305E+003  0.30944461E+003  0.14425348E+003  0.27433067E+003  0.27646966E+003  0.32416001E+002  0.32834205E+002  0.71086235E+002  0.71501304E+002  0.19434805E+003
   431.9549  0.31355713E+003  0.30445811E+003  0.14177175E+003  0.26961127E+003  0.27171338E+003  0.32106555E+002  0.32520171E+002  0.70451403E+002  0.70865920E+002  0.19112352E+003
   432.2055  0.30854899E+003  0.29959564E+003  0.13935346E+003  0.26501249E+003  0.26707866E+003  0.31801811E+002  0.32210909E+002  0.69826118E+002  0.70240083E+002  0.18797993E+003
   432.4561  0.30366438E+003  0.29485308E+003  0.13699645E+003  0.26053026E+003  0.26256141E+003  0.31501675E+002  0.31906320E+002  0.69210184E+002  0.69623599E+002  0.18491459E+003
   432.7068  0.29889922E+003  0.29022648E+003  0.13469869E+003  0.25616069E+003  0.25815769E+003  0.31206052E+002  0.31606311E+002  0.68603414E+002  0.69016279E+002  0.18192490E+003
   432.9574  0.29424963E+003  0.28571206E+003  0.13245820E+003  0.25190002E+003  0.25386374E+003  0.30914852E+002  0.31310789E+002  0.68005624E+002  0.68417940E+002  0.17900838E+003
   433.2080  0.28971184E+003  0.28130616E+003  0.13027309E+003  0.24774468E+003  0.24967593E+003  0.30627987E+002  0.31019664E+002  0.67416634E+002  0.67828403E+002  0.17616264E+003
   433.4586  0.28528226E+003  0.27700532E+003  0.12814156E+003  0.24369123E+003  0.24559081E+003  0.30345369E+002  0.30732850E+002  0.66836270E+002  0.67247492E+002  0.17338540E+003
   433.7093  0.28095746E+003  0.27280617E+003  0.12606188E+003  0.23973636E+003  0.24160504E+003  0.30066915E+002  0.30450259E+002  0.66264362E+002  0.66675038E+002  0.17067446E+003
   433.9599  0.27673410E+003  0.26870551E+003  0.12403237E+003  0.23587691E+003  0.23771543E+003  0.29792541E+002  0.30171810E+002  0.65700742E+002  0.66110873E+002  0.16802771E+003
   434.2105  0.27260901E+003  0.26470024E+003  0.12205144E+003  0.23210983E+003  0.23391892E+003  0.29522169E+002  0.29897421E+002  0.65145249E+002  0.65554837E+002  0.16544313E+003
   434.4612  0.26857914E+003  0.26078739E+003  0.12011754E+003  0.22843220E+003  0.23021257E+003  0.29255720E+002  0.29627012E+002  0.64597725E+002  0.65006770E+002  0.16291878E+003
   434.7118  0.26464154E+003  0.25696412E+003  0.11822921E+003  0.22484122E+003  0.22659353E+003  0.28993118E+002  0.29360506E+002  0.64058015E+002  0.64466519E+002  0.16045278E+003
   434.9624  0.26079338E+003  0.25322768E+003  0.11638502E+003  0.22133418E+003  0.22305910E+003  0.28734288E+002  0.29097828E+002  0.63525969E+002  0.63933932E+002  0.15804334E+003
   435.2130  0.25703195E+003  0.24957543E+003  0.11458362E+003  0.21790849E+003  0.21960665E+003  0.28479157E+002  0.28838904E+002  0.63001440E+002  0.63408863E+002  0.15568872E+003
   435.4637  0.25335464E+003  0.24600484E+003  0.11282368E+003  0.21456166E+003  0.21623368E+003  0.28227655E+002  0.28583662E+002  0.62484283E+002  0.62891169E+002  0.15338728E+003
   435.7143  0.24975892E+003  0.24251345E+003  0.11110395E+003  0.21129129E+003  0.21293776E+003  0.27979713E+002  0.28332032E+002  0.61974360E+002  0.62380709E+002  0.15113741E+003
   435.9649  0.24624238E+003  0.23909893E+003  0.10942320E+003  0.20809507E+003  0.20971657E+003  0.27735262E+002  0.28083946E+002  0.61471533E+002  0.61877346E+002  0.14893756E+003
   436.2155  0.24280268E+003  0.23575900E+003  0.10778029E+003  0.20497077E+003  0.20656787E+003  0.27494237E+002  0.27839336E+002  0.60975669E+002  0.61380947E+002  0.14678626E+003
   436.4662  0.23943757E+003  0.23249149E+003  0.10617406E+003  0.20191625E+003  0.20348950E+003  0.27256574E+002  0.27598137E+002  0.60486637E+002  0.60891382E+002  0.14468208E+003
   436.7168  0.23614489E+003  0.22929429E+003  0.10460345E+003  0.19892946E+003  0.20047938E+003  0.27022209E+002  0.27360286E+002  0.60004311E+002  0.60408524E+002  0.14262364E+003
   436.9674  0.23292256E+003  0.22616538E+003  0.10306741E+003  0.19600841E+003  0.19753551E+003  0.26791082E+002  0.27125720E+002  0.59528565E+002  0.59932247E+002  0.14060962E+003
   437.2180  0.22976855E+003  0.22310280E+003  0.10156493E+003  0.19315118E+003  0.19465597E+003  0.26563132E+002  0.26894378E+002  0.59059278E+002  0.59462431E+002  0.13863874E+003
   437.4687  0.22668093E+003  0.22010467E+003  0.10009505E+003  0.19035592E+003  0.19183889E+003  0.26338301E+002  0.26666202E+002  0.58596332E+002  0.58998956E+002  0.13670977E+003
   437.7193  0.22365783E+003  0.21716917E+003  0.98656820E+002  0.18762087E+003  0.18908248E+003  0.26116531E+002  0.26441132E+002  0.58139611E+002  0.58541708E+002  0.13482152E+003
   437.9699  0.22069745E+003  0.21429456E+003  0.97249347E+002  0.18494431E+003  0.18638501E+003  0.25897767E+002  0.26219112E+002  0.57689001E+002  0.58090572E+002  0.13297284E+003
   438.2206  0.21779803E+003  0.21147915E+003  0.95871758E+002  0.18232457E+003  0.18374482E+003  0.25681953E+002  0.26000087E+002  0.57244391E+002  0.57645438E+002  0.13116264E+003
   438.4712  0.21495791E+003  0.20872129E+003  0.94523215E+002  0.17976007E+003  0.18116030E+003  0.25469037E+002  0.25784002E+002  0.56805674E+002  0.57206197E+002  0.12938983E+003
   438.7218  0.21217545E+003  0.20601941E+003  0.93202908E+002  0.17724926E+003  0.17862988E+003  0.25258966E+002  0.25570805E+002  0.56372743E+002  0.56772744E+002  0.12765340E+003
   438.9724  0.20944909E+003  0.20337199E+003  0.91910053E+002  0.17479066E+003  0.17615209E+003  0.25051689E+002  0.25360444E+002  0.55945495E+002  0.56344975E+002  0.12595234E+003
   439.2231  0.20677731E+003  0.20077757E+003  0.90643896E+002  0.17238283E+003  0.17372545E+003  0.24847156E+002  0.25152868E+002  0.55523829E+002  0.55922790E+002  0.12428569E+003
   439.4737  0.20415865E+003  0.19823471E+003  0.89403707E+002  0.17002438E+003  0.17134859E+003  0.24645319E+002  0.24948027E+002  0.55107647E+002  0.55506089E+002  0.12265253E+003
   439.7243  0.20159169E+003  0.19574205E+003  0.88188781E+002  0.16771397E+003  0.16902014E+003  0.24446129E+002  0.24745874E+002  0.54696850E+002  0.55094776E+002  0.12105196E+003
   439.9749  0.19907507E+003  0.19329825E+003  0.86998438E+002  0.16545031E+003  0.16673881E+003  0.24249541E+002  0.24546360E+002  0.54291346E+002  0.54688756E+002  0.11948311E+003
   440.2256  0.19660746E+003  0.19090204E+003  0.85832018E+002  0.16323214E+003  0.16450333E+003  0.24055508E+002  0.24349441E+002  0.53891041E+002  0.54287936E+002  0.11794514E+003
   440.4762  0.19418758E+003  0.18855217E+003  0.84688885E+002  0.16105826E+003  0.16231247E+003  0.23863986E+002  0.24155069E+002  0.53495845E+002  0.53892227E+002  0.11643725E+003
   440.7268  0.19181419E+003  0.18624744E+003  0.83568425E+002  0.15892749E+003  0.16016507E+003  0.23674931E+002  0.23963202E+002  0.53105669E+002  0.53501540E+002  0.11495864E+003
   440.9774  0.18948611E+003  0.18398669E+003  0.82470041E+002  0.15683870E+003  0.15805998E+003  0.23488300E+002  0.23773796E+002  0.52720427E+002  0.53115787E+002  0.11350856E+003
   441.2281  0.18720216E+003  0.18176879E+003  0.81393158E+002  0.15479080E+003  0.15599610E+003  0.23304052E+002  0.23586808E+002  0.52340035E+002  0.52734885E+002  0.11208627E+003
   441.4787  0.18496124E+003  0.17959266E+003  0.80337218E+002  0.15278273E+003  0.15397235E+003  0.23122147E+002  0.23402196E+002  0.51964408E+002  0.52358751E+002  0.11069107E+003
   441.7293  0.18276224E+003  0.17745724E+003  0.79301683E+002  0.15081346E+003  0.15198771E+003  0.22942542E+002  0.23219922E+002  0.51593467E+002  0.51987303E+002  0.10932226E+003
   441.9799  0.18060412E+003  0.17536150E+003  0.78286031E+002  0.14888200E+003  0.15004117E+003  0.22765201E+002  0.23039943E+002  0.51227131E+002  0.51620461E+002  0.10797918E+003
   442.2306  0.17848586E+003  0.17330447E+003  0.77289755E+002  0.14698739E+003  0.14813177E+003  0.22590084E+002  0.22862223E+002  0.50865323E+002  0.51258150E+002  0.10666119E+003
   442.4812  0.17640648E+003  0.17128517E+003  0.76312366E+002  0.14512869E+003  0.14625857E+003  0.22417154E+002  0.22686722E+002  0.50507968E+002  0.50900291E+002  0.10536765E+003
   442.7318  0.17436501E+003  0.16930269E+003  0.75353391E+002  0.14330501E+003  0.14442066E+003  0.22246373E+002  0.22513403E+002  0.50154989E+002  0.50546811E+002  0.10409796E+003
   442.9825  0.17236053E+003  0.16735612E+003  0.74412369E+002  0.14151548E+003  0.14261715E+003  0.22077707E+002  0.22342231E+002  0.49806315E+002  0.50197636E+002  0.10285154E+003
   443.2331  0.17039213E+003  0.16544459E+003  0.73488856E+002  0.13975923E+003  0.14084721E+003  0.21911120E+002  0.22173168E+002  0.49461874E+002  0.49852696E+002  0.10162782E+003
   443.4837  0.16845896E+003  0.16356725E+003  0.72582420E+002  0.13803547E+003  0.13910999E+003  0.21746578E+002  0.22006181E+002  0.49121597E+002  0.49511921E+002  0.10042624E+003
   443.7343  0.16656016E+003  0.16172329E+003  0.71692643E+002  0.13634338E+003  0.13740469E+003  0.21584046E+002  0.21841235E+002  0.48785414E+002  0.49175241E+002  0.99246265E+002
   443.9850  0.16469491E+003  0.15991190E+003  0.70819120E+002  0.13468220E+003  0.13573055E+003  0.21423491E+002  0.21678296E+002  0.48453258E+002  0.48842590E+002  0.98087386E+002
   444.2356  0.16286242E+003  0.15813232E+003  0.69961456E+002  0.13305118E+003  0.13408681E+003  0.21264882E+002  0.21517332E+002  0.48125065E+002  0.48513903E+002  0.96949094E+002
   444.4862  0.16106192E+003  0.15638379E+003  0.69119272E+002  0.13144960E+003  0.13247273E+003  0.21108187E+002  0.21358310E+002  0.47800769E+002  0.48189114E+002  0.95830902E+002
   444.7368  0.15929265E+003  0.15466559E+003  0.68292196E+002  0.12987674E+003  0.13088760E+003  0.20953374E+002  0.21201198E+002  0.47480307E+002  0.47868161E+002  0.94732335E+002
   444.9875  0.15755389E+003  0.15297701E+003  0.67479869E+002  0.12833194E+003  0.12933074E+003  0.20800413E+002  0.21045967E+002  0.47163618E+002  0.47550981E+002  0.93652934E+002
   445.2381  0.15584493E+003  0.15131737E+003  0.66681944E+002  0.12681452E+003  0.12780149E+003  0.20649274E+002  0.20892586E+002  0.46850641E+002  0.47237515E+002  0.92592253E+002
   445.4887  0.15416509E+003  0.14968601E+003  0.65898081E+002  0.12532385E+003  0.12629918E+003  0.20499928E+002  0.20741024E+002  0.46541318E+002  0.46927703E+002  0.91549857E+002
   445.7393  0.15251371E+003  0.14808226E+003  0.65127953E+002  0.12385929E+003  0.12482320E+003  0.20352347E+002  0.20591254E+002  0.46235588E+002  0.46621487E+002  0.90525326E+002
   445.9900  0.15089012E+003  0.14650551E+003  0.64371241E+002  0.12242025E+003  0.12337293E+003  0.20206502E+002  0.20443246E+002  0.45933397E+002  0.46318810E+002  0.89518252E+002
   446.2406  0.14929372E+003  0.14495515E+003  0.63627635E+002  0.12100613E+003  0.12194778E+003  0.20062365E+002  0.20296972E+002  0.45634687E+002  0.46019616E+002  0.88528237E+002
   446.4912  0.14772387E+003  0.14343059E+003  0.62896833E+002  0.11961636E+003  0.12054716E+003  0.19919910E+002  0.20152406E+002  0.45339404E+002  0.45723851E+002  0.87554894E+002
   446.7419  0.14618000E+003  0.14193124E+003  0.62178545E+002  0.11825038E+003  0.11917053E+003  0.19779111E+002  0.20009520E+002  0.45047495E+002  0.45431460E+002  0.86597850E+002
   446.9925  0.14466153E+003  0.14045654E+003  0.61472486E+002  0.11690766E+003  0.11781734E+003  0.19639941E+002  0.19868288E+002  0.44758907E+002  0.45142391E+002  0.85656740E+002
   447.2431  0.14316789E+003  0.13900597E+003  0.60778380E+002  0.11558768E+003  0.11648706E+003  0.19502375E+002  0.19728684E+002  0.44473588E+002  0.44856592E+002  0.84731210E+002
   447.4937  0.14169853E+003  0.13757897E+003  0.60095959E+002  0.11428991E+003  0.11517917E+003  0.19366388E+002  0.19590683E+002  0.44191487E+002  0.44574013E+002  0.83820914E+002
   447.7444  0.14025294E+003  0.13617504E+003  0.59424962E+002  0.11301387E+003  0.11389317E+003  0.19231956E+002  0.19454260E+002  0.43912556E+002  0.44294605E+002  0.82925519E+002
   447.9950  0.13883059E+003  0.13479368E+003  0.58765136E+002  0.11175907E+003  0.11262859E+003  0.19099054E+002  0.19319391E+002  0.43636745E+002  0.44018317E+002  0.82044699E+002
   448.2456  0.13743097E+003  0.13343441E+003  0.58116234E+002  0.11052505E+003  0.11138494E+003  0.18967660E+002  0.19186052E+002  0.43364006E+002  0.43745104E+002  0.81178136E+002
   448.4962  0.13605361E+003  0.13209673E+003  0.57478017E+002  0.10931134E+003  0.11016176E+003  0.18837749E+002  0.19054220E+002  0.43094294E+002  0.43474918E+002  0.80325523E+002
   448.7469  0.13469803E+003  0.13078020E+003  0.56850251E+002  0.10811751E+003  0.10895862E+003  0.18709300E+002  0.18923871E+002  0.42827561E+002  0.43207713E+002  0.79486560E+002
   448.9975  0.13336376E+003  0.12948437E+003  0.56232710E+002  0.10694312E+003  0.10777508E+003  0.18582291E+002  0.18794984E+002  0.42563763E+002  0.42943444E+002  0.78660955E+002
   449.2481  0.13205035E+003  0.12820880E+003  0.55625172E+002  0.10578776E+003  0.10661070E+003  0.18456699E+002  0.18667535E+002  0.42302856E+002  0.42682066E+002  0.77848425E+002
   449.4987  0.13075737E+003  0.12695306E+003  0.55027424E+002  0.10465101E+003  0.10546509E+003  0.18332503E+002  0.18541504E+002  0.42044796E+002  0.42423537E+002  0.77048691E+002
   449.7494  0.12948439E+003  0.12571674E+003  0.54439255E+002  0.10353248E+003  0.10433784E+003  0.18209682E+002  0.18416869E+002  0.41789541E+002  0.42167815E+002  0.76261487E+002
   450.0000  0.12823099E+003  0.12449943E+003  0.53860463E+002  0.10243178E+003  0.10322855E+003  0.18088217E+002  0.18293609E+002  0.41537049E+002  0.41914856E+002  0.75486549E+002
