#Raman spectra
#Laser energy   2.33 eV
#Raman shift (cm-1), Raman Spectra (XX,YY,ZZ,s+s+,s-s-,XY,YX,s+s-,s-s+,nonpol)
   350.0000  0.12739493E+003  0.12532124E+003  0.45002085E+002  0.79795356E+002  0.80203360E+002  0.37521238E+002  0.38053708E+002  0.83890282E+002  0.84402113E+002  0.84807440E+002
   350.2506  0.12868728E+003  0.12659717E+003  0.45430062E+002  0.80554342E+002  0.80966130E+002  0.38033812E+002  0.38575337E+002  0.84930790E+002  0.85442334E+002  0.85621543E+002
   350.5013  0.13000316E+003  0.12789635E+003  0.45864171E+002  0.81324207E+002  0.81739832E+002  0.38558319E+002  0.39109107E+002  0.85995815E+002  0.86507082E+002  0.86450082E+002
   350.7519  0.13134318E+003  0.12921936E+003  0.46304531E+002  0.82105160E+002  0.82524674E+002  0.39095129E+002  0.39655392E+002  0.87086113E+002  0.87597115E+002  0.87293389E+002
   351.0025  0.13270795E+003  0.13056682E+003  0.46751262E+002  0.82897415E+002  0.83320872E+002  0.39644625E+002  0.40214583E+002  0.88202471E+002  0.88713221E+002  0.88151802E+002
   351.2531  0.13409811E+003  0.13193936E+003  0.47204487E+002  0.83701190E+002  0.84128646E+002  0.40207204E+002  0.40787082E+002  0.89345708E+002  0.89856217E+002  0.89025673E+002
   351.5038  0.13551433E+003  0.13333763E+003  0.47664333E+002  0.84516711E+002  0.84948221E+002  0.40783280E+002  0.41373313E+002  0.90516673E+002  0.91026954E+002  0.89915366E+002
   351.7544  0.13695729E+003  0.13476232E+003  0.48130929E+002  0.85344208E+002  0.85779829E+002  0.41373282E+002  0.41973711E+002  0.91716251E+002  0.92226316E+002  0.90821254E+002
   352.0050  0.13842770E+003  0.13621411E+003  0.48604408E+002  0.86183915E+002  0.86623705E+002  0.41977659E+002  0.42588733E+002  0.92945360E+002  0.93455223E+002  0.91743724E+002
   352.2556  0.13992628E+003  0.13769375E+003  0.49084906E+002  0.87036074E+002  0.87480093E+002  0.42596876E+002  0.43218852E+002  0.94204958E+002  0.94714633E+002  0.92683178E+002
   352.5063  0.14145381E+003  0.13920197E+003  0.49572562E+002  0.87900933E+002  0.88349240E+002  0.43231418E+002  0.43864560E+002  0.95496042E+002  0.96005542E+002  0.93640027E+002
   352.7569  0.14301107E+003  0.14073955E+003  0.50067520E+002  0.88778745E+002  0.89231402E+002  0.43881788E+002  0.44526372E+002  0.96819647E+002  0.97328988E+002  0.94614699E+002
   353.0075  0.14459887E+003  0.14230731E+003  0.50569925E+002  0.89669770E+002  0.90126840E+002  0.44548512E+002  0.45204820E+002  0.98176854E+002  0.98686050E+002  0.95607637E+002
   353.2581  0.14621806E+003  0.14390608E+003  0.51079928E+002  0.90574276E+002  0.91035821E+002  0.45232138E+002  0.45900463E+002  0.99568789E+002  0.10007785E+003  0.96619298E+002
   353.5088  0.14786952E+003  0.14553672E+003  0.51597683E+002  0.91492534E+002  0.91958619E+002  0.45933236E+002  0.46613880E+002  0.10099662E+003  0.10150558E+003  0.97650155E+002
   353.7594  0.14955415E+003  0.14720013E+003  0.52123347E+002  0.92424825E+002  0.92895517E+002  0.46652400E+002  0.47345677E+002  0.10246158E+003  0.10297044E+003  0.98700698E+002
   354.0100  0.15127290E+003  0.14889725E+003  0.52657083E+002  0.93371437E+002  0.93846802E+002  0.47390251E+002  0.48096484E+002  0.10396494E+003  0.10447371E+003  0.99771434E+002
   354.2607  0.15302675E+003  0.15062905E+003  0.53199056E+002  0.94332664E+002  0.94812772E+002  0.48147436E+002  0.48866960E+002  0.10550802E+003  0.10601673E+003  0.10086289E+003
   354.5113  0.15481671E+003  0.15239652E+003  0.53749437E+002  0.95308809E+002  0.95793728E+002  0.48924629E+002  0.49657792E+002  0.10709223E+003  0.10760089E+003  0.10197560E+003
   354.7619  0.15664385E+003  0.15420072E+003  0.54308401E+002  0.96300182E+002  0.96789984E+002  0.49722537E+002  0.50469696E+002  0.10871900E+003  0.10922764E+003  0.10311015E+003
   355.0125  0.15850925E+003  0.15604273E+003  0.54876126E+002  0.97307102E+002  0.97801859E+002  0.50541895E+002  0.51303422E+002  0.11038985E+003  0.11089848E+003  0.10426710E+003
   355.2632  0.16041406E+003  0.15792367E+003  0.55452798E+002  0.98329894E+002  0.98829680E+002  0.51383473E+002  0.52159753E+002  0.11210637E+003  0.11261501E+003  0.10544707E+003
   355.5138  0.16235947E+003  0.15984472E+003  0.56038604E+002  0.99368896E+002  0.99873786E+002  0.52248074E+002  0.53039507E+002  0.11387021E+003  0.11437888E+003  0.10665068E+003
   355.7644  0.16434671E+003  0.16180711E+003  0.56633739E+002  0.10042445E+003  0.10093452E+003  0.53136540E+002  0.53943538E+002  0.11568310E+003  0.11619182E+003  0.10787860E+003
   356.0150  0.16637706E+003  0.16381209E+003  0.57238402E+002  0.10149691E+003  0.10201224E+003  0.54049749E+002  0.54872742E+002  0.11754684E+003  0.11805564E+003  0.10913149E+003
   356.2657  0.16845186E+003  0.16586099E+003  0.57852797E+002  0.10258664E+003  0.10310731E+003  0.54988623E+002  0.55828054E+002  0.11946334E+003  0.11997224E+003  0.11041006E+003
   356.5163  0.17057250E+003  0.16795520E+003  0.58477134E+002  0.10369401E+003  0.10422010E+003  0.55954125E+002  0.56810456E+002  0.12143457E+003  0.12194359E+003  0.11171504E+003
   356.7669  0.17274043E+003  0.17009614E+003  0.59111629E+002  0.10481941E+003  0.10535100E+003  0.56947263E+002  0.57820974E+002  0.12346262E+003  0.12397178E+003  0.11304720E+003
   357.0175  0.17495718E+003  0.17228530E+003  0.59756503E+002  0.10596322E+003  0.10650040E+003  0.57969095E+002  0.58860683E+002  0.12554965E+003  0.12605899E+003  0.11440731E+003
   357.2682  0.17722430E+003  0.17452426E+003  0.60411984E+002  0.10712586E+003  0.10766871E+003  0.59020729E+002  0.59930710E+002  0.12769795E+003  0.12820748E+003  0.11579621E+003
   357.5188  0.17954346E+003  0.17681463E+003  0.61078305E+002  0.10830774E+003  0.10885634E+003  0.60103328E+002  0.61032239E+002  0.12990991E+003  0.13041967E+003  0.11721474E+003
   357.7694  0.18191636E+003  0.17915812E+003  0.61755707E+002  0.10950928E+003  0.11006373E+003  0.61218112E+002  0.62166510E+002  0.13218804E+003  0.13269805E+003  0.11866380E+003
   358.0201  0.18434480E+003  0.18155650E+003  0.62444436E+002  0.11073092E+003  0.11129131E+003  0.62366359E+002  0.63334825E+002  0.13453498E+003  0.13504527E+003  0.12014431E+003
   358.2707  0.18683066E+003  0.18401163E+003  0.63144748E+002  0.11197312E+003  0.11253954E+003  0.63549415E+002  0.64538551E+002  0.13695349E+003  0.13746410E+003  0.12165725E+003
   358.5213  0.18937590E+003  0.18652543E+003  0.63856902E+002  0.11323633E+003  0.11380888E+003  0.64768691E+002  0.65779126E+002  0.13944649E+003  0.13995744E+003  0.12320361E+003
   358.7719  0.19198256E+003  0.18909995E+003  0.64581167E+002  0.11452104E+003  0.11509982E+003  0.66025672E+002  0.67058060E+002  0.14201703E+003  0.14252835E+003  0.12478445E+003
   359.0226  0.19465279E+003  0.19173730E+003  0.65317820E+002  0.11582774E+003  0.11641283E+003  0.67321921E+002  0.68376941E+002  0.14466832E+003  0.14518005E+003  0.12640086E+003
   359.2732  0.19738883E+003  0.19443970E+003  0.66067144E+002  0.11715693E+003  0.11774844E+003  0.68659079E+002  0.69737441E+002  0.14740375E+003  0.14791593E+003  0.12805399E+003
   359.5238  0.20019303E+003  0.19720947E+003  0.66829431E+002  0.11850912E+003  0.11910716E+003  0.70038876E+002  0.71141320E+002  0.15022688E+003  0.15073955E+003  0.12974503E+003
   359.7744  0.20306787E+003  0.20004906E+003  0.67604982E+002  0.11988486E+003  0.12048952E+003  0.71463134E+002  0.72590430E+002  0.15314147E+003  0.15365465E+003  0.13147523E+003
   360.0251  0.20601592E+003  0.20296103E+003  0.68394107E+002  0.12128469E+003  0.12189608E+003  0.72933774E+002  0.74086726E+002  0.15615146E+003  0.15666521E+003  0.13324589E+003
   360.2757  0.20903990E+003  0.20594805E+003  0.69197123E+002  0.12270918E+003  0.12332741E+003  0.74452820E+002  0.75632268E+002  0.15926104E+003  0.15977540E+003  0.13505838E+003
   360.5263  0.21214265E+003  0.20901294E+003  0.70014360E+002  0.12415891E+003  0.12478410E+003  0.76022409E+002  0.77229228E+002  0.16247461E+003  0.16298961E+003  0.13691413E+003
   360.7769  0.21532717E+003  0.21215866E+003  0.70846154E+002  0.12563449E+003  0.12626673E+003  0.77644796E+002  0.78879902E+002  0.16579681E+003  0.16631250E+003  0.13881464E+003
   361.0276  0.21859659E+003  0.21538832E+003  0.71692853E+002  0.12713652E+003  0.12777594E+003  0.79322363E+002  0.80586712E+002  0.16923255E+003  0.16974898E+003  0.14076147E+003
   361.2782  0.22195423E+003  0.21870520E+003  0.72554815E+002  0.12866565E+003  0.12931237E+003  0.81057628E+002  0.82352222E+002  0.17278702E+003  0.17330424E+003  0.14275627E+003
   361.5288  0.22540357E+003  0.22211273E+003  0.73432410E+002  0.13022253E+003  0.13087666E+003  0.82853255E+002  0.84179140E+002  0.17646571E+003  0.17698378E+003  0.14480076E+003
   361.7794  0.22894826E+003  0.22561454E+003  0.74326017E+002  0.13180785E+003  0.13246950E+003  0.84712062E+002  0.86070333E+002  0.18027444E+003  0.18079340E+003  0.14689675E+003
   362.0301  0.23259217E+003  0.22921446E+003  0.75236028E+002  0.13342228E+003  0.13409160E+003  0.86637033E+002  0.88028837E+002  0.18421935E+003  0.18473927E+003  0.14904616E+003
   362.2807  0.23633939E+003  0.23291650E+003  0.76162846E+002  0.13506656E+003  0.13574366E+003  0.88631331E+002  0.90057871E+002  0.18830697E+003  0.18882790E+003  0.15125097E+003
   362.5313  0.24019419E+003  0.23672494E+003  0.77106890E+002  0.13674142E+003  0.13742643E+003  0.90698309E+002  0.92160844E+002  0.19254421E+003  0.19306622E+003  0.15351329E+003
   362.7820  0.24416113E+003  0.24064426E+003  0.78068586E+002  0.13844763E+003  0.13914068E+003  0.92841524E+002  0.94341378E+002  0.19693841E+003  0.19746157E+003  0.15583535E+003
   363.0326  0.24824500E+003  0.24467920E+003  0.79048379E+002  0.14018598E+003  0.14088719E+003  0.95064756E+002  0.96603315E+002  0.20149737E+003  0.20202173E+003  0.15821946E+003
   363.2832  0.25245087E+003  0.24883479E+003  0.80046725E+002  0.14195727E+003  0.14266679E+003  0.97372019E+002  0.98950740E+002  0.20622936E+003  0.20675501E+003  0.16066810E+003
   363.5338  0.25678412E+003  0.25311634E+003  0.81064096E+002  0.14376234E+003  0.14448031E+003  0.99767581E+002  0.10138800E+003  0.21114319E+003  0.21167020E+003  0.16318385E+003
   363.7845  0.26125044E+003  0.25752949E+003  0.82100977E+002  0.14560207E+003  0.14632862E+003  0.10225599E+003  0.10391970E+003  0.21624825E+003  0.21677670E+003  0.16576946E+003
   364.0351  0.26585586E+003  0.26208021E+003  0.83157870E+002  0.14747734E+003  0.14821261E+003  0.10484207E+003  0.10655079E+003  0.22155450E+003  0.22208448E+003  0.16842783E+003
   364.2857  0.27060678E+003  0.26677482E+003  0.84235293E+002  0.14938907E+003  0.15013322E+003  0.10753099E+003  0.10928649E+003  0.22707261E+003  0.22760419E+003  0.17116201E+003
   364.5363  0.27551000E+003  0.27162006E+003  0.85333783E+002  0.15133822E+003  0.15209139E+003  0.11032826E+003  0.11213241E+003  0.23281391E+003  0.23334721E+003  0.17397526E+003
   364.7870  0.28057274E+003  0.27662308E+003  0.86453890E+002  0.15332578E+003  0.15408811E+003  0.11323973E+003  0.11509453E+003  0.23879055E+003  0.23932565E+003  0.17687100E+003
   365.0376  0.28580269E+003  0.28179149E+003  0.87596186E+002  0.15535275E+003  0.15612440E+003  0.11627169E+003  0.11817922E+003  0.24501547E+003  0.24555248E+003  0.17985288E+003
   365.2882  0.29120804E+003  0.28713339E+003  0.88761261E+002  0.15742019E+003  0.15820131E+003  0.11943084E+003  0.12139331E+003  0.25150253E+003  0.25204156E+003  0.18292476E+003
   365.5388  0.29679752E+003  0.29265742E+003  0.89949724E+002  0.15952918E+003  0.16031993E+003  0.12272438E+003  0.12474411E+003  0.25826657E+003  0.25880774E+003  0.18609076E+003
   365.7895  0.30258043E+003  0.29837279E+003  0.91162205E+002  0.16168085E+003  0.16248139E+003  0.12615999E+003  0.12823945E+003  0.26532350E+003  0.26586692E+003  0.18935524E+003
   366.0401  0.30856672E+003  0.30428935E+003  0.92399355E+002  0.16387635E+003  0.16468685E+003  0.12974593E+003  0.13188773E+003  0.27269036E+003  0.27323617E+003  0.19272285E+003
   366.2907  0.31476702E+003  0.31041762E+003  0.93661848E+002  0.16611689E+003  0.16693750E+003  0.13349105E+003  0.13569796E+003  0.28038546E+003  0.28093380E+003  0.19619855E+003
   366.5414  0.32119270E+003  0.31676886E+003  0.94950381E+002  0.16840371E+003  0.16923460E+003  0.13740489E+003  0.13967982E+003  0.28842848E+003  0.28897949E+003  0.19978762E+003
   366.7920  0.32785597E+003  0.32335515E+003  0.96265675E+002  0.17073809E+003  0.17157943E+003  0.14149768E+003  0.14384374E+003  0.29684059E+003  0.29739442E+003  0.20349571E+003
   367.0426  0.33476990E+003  0.33018942E+003  0.97608474E+002  0.17312137E+003  0.17397332E+003  0.14578044E+003  0.14820092E+003  0.30564458E+003  0.30620141E+003  0.20732886E+003
   367.2932  0.34194852E+003  0.33728559E+003  0.98979553E+002  0.17555492E+003  0.17641765E+003  0.15026506E+003  0.15276347E+003  0.31486504E+003  0.31542504E+003  0.21129351E+003
   367.5439  0.34940695E+003  0.34465860E+003  0.10037971E+003  0.17804016E+003  0.17891386E+003  0.15496437E+003  0.15754443E+003  0.32452849E+003  0.32509185E+003  0.21539661E+003
   367.7945  0.35716144E+003  0.35232454E+003  0.10180977E+003  0.18057858E+003  0.18146341E+003  0.15989222E+003  0.16255790E+003  0.33466361E+003  0.33523052E+003  0.21964558E+003
   368.0451  0.36522951E+003  0.36030077E+003  0.10327060E+003  0.18317170E+003  0.18406783E+003  0.16506361E+003  0.16781912E+003  0.34530141E+003  0.34587208E+003  0.22404840E+003
   368.2957  0.37363008E+003  0.36860601E+003  0.10476307E+003  0.18582111E+003  0.18672873E+003  0.17049477E+003  0.17334463E+003  0.35647549E+003  0.35705016E+003  0.22861366E+003
   368.5464  0.38238358E+003  0.37726049E+003  0.10628812E+003  0.18852846E+003  0.18944774E+003  0.17620330E+003  0.17915231E+003  0.36822229E+003  0.36880120E+003  0.23335061E+003
   368.7970  0.39151213E+003  0.38628612E+003  0.10784670E+003  0.19129545E+003  0.19222656E+003  0.18220832E+003  0.18526163E+003  0.38058140E+003  0.38116480E+003  0.23826924E+003
   369.0476  0.40103971E+003  0.39570663E+003  0.10943979E+003  0.19412386E+003  0.19506697E+003  0.18853062E+003  0.19169372E+003  0.39359584E+003  0.39418401E+003  0.24338033E+003
   369.2982  0.41099234E+003  0.40554780E+003  0.11106843E+003  0.19701551E+003  0.19797081E+003  0.19519280E+003  0.19847161E+003  0.40731250E+003  0.40790574E+003  0.24869555E+003
   369.5489  0.42139831E+003  0.41583762E+003  0.11273368E+003  0.19997231E+003  0.20093997E+003  0.20221956E+003  0.20562039E+003  0.42178248E+003  0.42238112E+003  0.25422754E+003
   369.7995  0.43228842E+003  0.42660660E+003  0.11443664E+003  0.20299625E+003  0.20397643E+003  0.20963783E+003  0.21316747E+003  0.43706163E+003  0.43766600E+003  0.25999003E+003
   370.0501  0.44369625E+003  0.43788799E+003  0.11617846E+003  0.20608937E+003  0.20708224E+003  0.21747706E+003  0.22114282E+003  0.45321102E+003  0.45382149E+003  0.26599795E+003
   370.3008  0.45565851E+003  0.44971814E+003  0.11796034E+003  0.20925382E+003  0.21025954E+003  0.22576953E+003  0.22957926E+003  0.47029755E+003  0.47091453E+003  0.27226754E+003
   370.5514  0.46821533E+003  0.46213679E+003  0.11978350E+003  0.21249180E+003  0.21351054E+003  0.23455064E+003  0.23851283E+003  0.48839467E+003  0.48901858E+003  0.27881654E+003
   370.8020  0.48141073E+003  0.47518754E+003  0.12164924E+003  0.21580564E+003  0.21683753E+003  0.24385931E+003  0.24798310E+003  0.50758309E+003  0.50821441E+003  0.28566433E+003
   371.0526  0.49529307E+003  0.48891825E+003  0.12355889E+003  0.21919772E+003  0.22024292E+003  0.25373835E+003  0.25803364E+003  0.52795172E+003  0.52859095E+003  0.29283214E+003
   371.3033  0.50991553E+003  0.50338161E+003  0.12551385E+003  0.22267054E+003  0.22372919E+003  0.26423503E+003  0.26871253E+003  0.54959864E+003  0.55024633E+003  0.30034326E+003
   371.5539  0.52533677E+003  0.51863571E+003  0.12751555E+003  0.22622671E+003  0.22729892E+003  0.27540154E+003  0.28007288E+003  0.57263226E+003  0.57328900E+003  0.30822329E+003
   371.8045  0.54162159E+003  0.53474472E+003  0.12956550E+003  0.22986892E+003  0.23095480E+003  0.28729568E+003  0.29217347E+003  0.59717265E+003  0.59783909E+003  0.31650044E+003
   372.0551  0.55884177E+003  0.55177972E+003  0.13166526E+003  0.23360000E+003  0.23469965E+003  0.29998157E+003  0.30507956E+003  0.62335306E+003  0.62402991E+003  0.32520587E+003
   372.3058  0.57707693E+003  0.56981957E+003  0.13381646E+003  0.23742288E+003  0.23853637E+003  0.31353051E+003  0.31886365E+003  0.65132168E+003  0.65200972E+003  0.33437405E+003
   372.5564  0.59641565E+003  0.58895199E+003  0.13602079E+003  0.24134062E+003  0.24246801E+003  0.32802191E+003  0.33360657E+003  0.68124371E+003  0.68194377E+003  0.34404322E+003
   372.8070  0.61695669E+003  0.60927480E+003  0.13828003E+003  0.24535642E+003  0.24649774E+003  0.34354449E+003  0.34939855E+003  0.71330367E+003  0.71401669E+003  0.35425591E+003
   373.0576  0.63881044E+003  0.63089732E+003  0.14059601E+003  0.24947361E+003  0.25062885E+003  0.36019752E+003  0.36634059E+003  0.74770820E+003  0.74843520E+003  0.36505953E+003
   373.3083  0.66210061E+003  0.65394208E+003  0.14297064E+003  0.25369567E+003  0.25486480E+003  0.37809243E+003  0.38454605E+003  0.78468930E+003  0.78543140E+003  0.37650706E+003
   373.5589  0.68696621E+003  0.67854675E+003  0.14540594E+003  0.25802624E+003  0.25920918E+003  0.39735455E+003  0.40414244E+003  0.82450805E+003  0.82526648E+003  0.38865788E+003
   373.8095  0.71356386E+003  0.70486647E+003  0.14790398E+003  0.26246910E+003  0.26366574E+003  0.41812528E+003  0.42527361E+003  0.86745912E+003  0.86823526E+003  0.40157875E+003
   374.0602  0.74207059E+003  0.73307657E+003  0.15046694E+003  0.26702825E+003  0.26823840E+003  0.44056455E+003  0.44810227E+003  0.91387597E+003  0.91467135E+003  0.41534492E+003
   374.3108  0.77268705E+003  0.76337577E+003  0.15309709E+003  0.27170784E+003  0.27293125E+003  0.46485382E+003  0.47281302E+003  0.96413713E+003  0.96495343E+003  0.43004146E+003
   374.5614  0.80564141E+003  0.79599009E+003  0.15579682E+003  0.27651223E+003  0.27774859E+003  0.49119955E+003  0.49961591E+003  0.10186735E+004  0.10195126E+004  0.44576489E+003
   374.8120  0.84119401E+003  0.83117738E+003  0.15856860E+003  0.28144599E+003  0.28269488E+003  0.51983745E+003  0.52875073E+003  0.10779773E+004  0.10788414E+004  0.46262505E+003
   375.0627  0.87964289E+003  0.86923285E+003  0.16141502E+003  0.28651390E+003  0.28777483E+003  0.55103745E+003  0.56049210E+003  0.11426126E+004  0.11435039E+004  0.48074741E+003
   375.3133  0.92133049E+003  0.91049567E+003  0.16433881E+003  0.29172101E+003  0.29299333E+003  0.58510982E+003  0.59515566E+003  0.12132280E+004  0.12141493E+004  0.50027576E+003
   375.5639  0.96665174E+003  0.95535704E+003  0.16734279E+003  0.29707261E+003  0.29835554E+003  0.62241240E+003  0.63310547E+003  0.12905721E+004  0.12915264E+004  0.52137557E+003
   375.8145  0.10160639E+004  0.10042699E+004  0.17042994E+003  0.30257425E+003  0.30386687E+003  0.66335953E+003  0.67476305E+003  0.13755123E+004  0.13765029E+004  0.54423796E+003
   376.0652  0.10700986E+004  0.10577608E+004  0.17360338E+003  0.30823182E+003  0.30953296E+003  0.70843282E+003  0.72061837E+003  0.14690575E+004  0.14700883E+004  0.56908459E+003
   376.3158  0.11293765E+004  0.11164445E+004  0.17686637E+003  0.31405151E+003  0.31535980E+003  0.75819442E+003  0.77124333E+003  0.15723860E+004  0.15734615E+004  0.59617368E+003
   376.5664  0.11946255E+004  0.11810420E+004  0.18022233E+003  0.32003985E+003  0.32135363E+003  0.81330329E+003  0.82730832E+003  0.16868802E+004  0.16880054E+004  0.62580733E+003
   376.8170  0.12667030E+004  0.12524027E+004  0.18367487E+003  0.32620378E+003  0.32752105E+003  0.87453536E+003  0.88960274E+003  0.18141691E+004  0.18153499E+004  0.65834063E+003
   377.0677  0.13466244E+004  0.13315324E+004  0.18722774E+003  0.33255067E+003  0.33386902E+003  0.94280859E+003  0.95906046E+003  0.19561816E+004  0.19574246E+004  0.69419302E+003
   377.3183  0.14355976E+004  0.14196274E+004  0.19088493E+003  0.33908832E+003  0.34040489E+003  0.10192143E+004  0.10367917E+004  0.21152123E+004  0.21165254E+004  0.73386236E+003
   377.5689  0.15350670E+004  0.15181186E+004  0.19465061E+003  0.34582508E+003  0.34713641E+003  0.11050562E+004  0.11241229E+004  0.22940054E+004  0.22953978E+004  0.77794268E+003
   377.8195  0.16467695E+004  0.16287265E+004  0.19852917E+003  0.35276989E+003  0.35407181E+003  0.12019003E+004  0.12226471E+004  0.24958596E+004  0.24973420E+004  0.82714656E+003
   378.0702  0.17728044E+004  0.17535306E+004  0.20252526E+003  0.35993233E+003  0.36121982E+003  0.13116373E+004  0.13342878E+004  0.27247615E+004  0.27263464E+004  0.88233341E+003
   378.3208  0.19157235E+004  0.18950585E+004  0.20664376E+003  0.36732274E+003  0.36858973E+003  0.14365625E+004  0.14613802E+004  0.29855550E+004  0.29872574E+004  0.94454547E+003
   378.5714  0.20786453E+004  0.20563994E+004  0.21088986E+003  0.37495232E+003  0.37619147E+003  0.15794773E+004  0.16067743E+004  0.32841574E+004  0.32859951E+004  0.10150537E+004
   378.8221  0.22654007E+004  0.22413481E+004  0.21526903E+003  0.38283327E+003  0.38403564E+003  0.17438191E+004  0.17739671E+004  0.36278359E+004  0.36298303E+004  0.10954163E+004
   379.0727  0.24807199E+004  0.24545902E+004  0.21978708E+003  0.39097898E+003  0.39213367E+003  0.19338271E+004  0.19672713E+004  0.40255595E+004  0.40277364E+004  0.11875536E+004
   379.3233  0.27304678E+004  0.27019353E+004  0.22445021E+003  0.39940421E+003  0.40049786E+003  0.21547522E+004  0.21920289E+004  0.44884459E+004  0.44908364E+004  0.12938429E+004
   379.5739  0.30219399E+004  0.29906101E+004  0.22926500E+003  0.40812536E+003  0.40914159E+003  0.24131226E+004  0.24548812E+004  0.50303223E+004  0.50329645E+004  0.14172379E+004
   379.8246  0.33642236E+004  0.33296165E+004  0.23423847E+003  0.41716081E+003  0.41807941E+003  0.27170700E+004  0.27641012E+004  0.56684153E+004  0.56713557E+004  0.15614165E+004
   380.0752  0.37686215E+004  0.37301506E+004  0.23937819E+003  0.42653126E+003  0.42732728E+003  0.30767199E+004  0.31299899E+004  0.64241638E+004  0.64274595E+004  0.17309565E+004
   380.3258  0.42491040E+004  0.42060512E+004  0.24469225E+003  0.43626017E+003  0.43690274E+003  0.35046232E+004  0.35653158E+004  0.73241052E+004  0.73278260E+004  0.19315304E+004
   380.5764  0.48226960E+004  0.47741829E+004  0.25018936E+003  0.44637412E+003  0.44682515E+003  0.40161646E+004  0.40857306E+004  0.84006716E+004  0.84049033E+004  0.21700897E+004
   380.8271  0.55095733E+004  0.54545314E+004  0.25587891E+003  0.45690304E+003  0.45711576E+003  0.46297810E+004  0.47099910E+004  0.96925060E+004  0.96973519E+004  0.24549637E+004
   381.0777  0.63323852E+004  0.62695326E+004  0.26177091E+003  0.46787993E+003  0.46779765E+003  0.53666228E+004  0.54596144E+004  0.11243447E+005  0.11249030E+005  0.27957063E+004
   381.3283  0.73138641E+004  0.72417048E+004  0.26787596E+003  0.47933941E+003  0.47889511E+003  0.62489219E+004  0.63572184E+004  0.13098508E+005  0.13104967E+005  0.32023602E+004
   381.5789  0.84710714E+004  0.83879480E+004  0.27420491E+003  0.49131400E+003  0.49043196E+003  0.72957227E+004  0.74221780E+004  0.15293847E+005  0.15301327E+005  0.36835303E+004
   381.8296  0.98038837E+004  0.97081394E+004  0.28076818E+003  0.50382618E+003  0.50242809E+003  0.85138707E+004  0.86614583E+004  0.17836234E+005  0.17844864E+005  0.42423192E+004
   382.0802  0.11275582E+005  0.11165903E+005  0.28757454E+003  0.51687438E+003  0.51489317E+003  0.98818962E+004  0.10053218E+005  0.20667494E+005  0.20677338E+005  0.48690551E+004
   382.3308  0.12787388E+005  0.12663391E+005  0.29462939E+003  0.53041306E+003  0.52781773E+003  0.11326706E+005  0.11523098E+005  0.23615679E+005  0.23626673E+005  0.55307776E+004
   382.5815  0.14160165E+005  0.14023149E+005  0.30193306E+003  0.54433446E+003  0.54116515E+003  0.12701399E+005  0.12921650E+005  0.26354493E+005  0.26366370E+005  0.61612276E+004
   382.8321  0.15152051E+005  0.15005593E+005  0.30948120E+003  0.55847274E+003  0.55487351E+003  0.13787505E+005  0.14026613E+005  0.28423073E+005  0.28435343E+005  0.66618598E+004
   383.0827  0.15536989E+005  0.15386796E+005  0.31726928E+003  0.57265457E+003  0.56887844E+003  0.14351078E+005  0.14599982E+005  0.29360636E+005  0.29372677E+005  0.69271501E+004
   383.3333  0.15217143E+005  0.15069849E+005  0.32530075E+003  0.58678912E+003  0.58315347E+003  0.14247680E+005  0.14494808E+005  0.28924148E+005  0.28935388E+005  0.68919566E+004
   383.5840  0.14280991E+005  0.14142403E+005  0.33359330E+003  0.60093487E+003  0.59773994E+003  0.13505030E+005  0.13739287E+005  0.27229479E+005  0.27239557E+005  0.65688094E+004
   383.8346  0.12950590E+005  0.12824428E+005  0.34217735E+003  0.61528067E+003  0.61273847E+003  0.12306209E+005  0.12519673E+005  0.24682040E+005  0.24690840E+005  0.60403287E+004
   384.0852  0.11469553E+005  0.11357239E+005  0.35108845E+003  0.63005985E+003  0.62827049E+003  0.10890120E+005  0.11079014E+005  0.21765006E+005  0.21772591E+005  0.54143202E+004
   384.3358  0.10021350E+005  0.99225760E+004  0.36036011E+003  0.64547189E+003  0.64444338E+003  0.94566662E+004  0.96206856E+004  0.18862424E+005  0.18868938E+005  0.47809950E+004
   384.5865  0.87088177E+004  0.86223048E+004  0.37002119E+003  0.66165295E+003  0.66133732E+003  0.81289962E+004  0.82699744E+004  0.16200748E+005  0.16206355E+005  0.41959389E+004
   384.8371  0.75713865E+004  0.74954810E+004  0.38009664E+003  0.67868436E+003  0.67900932E+003  0.69619454E+004  0.70826686E+004  0.13874467E+005  0.13879320E+005  0.36839197E+004
   385.0877  0.66106285E+004  0.65436614E+004  0.39060955E+003  0.69661352E+003  0.69750261E+003  0.59662658E+004  0.60697079E+004  0.11895959E+005  0.11900188E+005  0.32498199E+004
   385.3383  0.58101067E+004  0.57505628E+004  0.40158283E+003  0.71547209E+003  0.71685494E+003  0.51300998E+004  0.52190290E+004  0.10236879E+005  0.10240592E+005  0.28883237E+004
   385.5890  0.51472684E+004  0.50938446E+004  0.41304047E+003  0.73528762E+003  0.73710392E+003  0.44327577E+004  0.45095835E+004  0.88538894E+004  0.88571732E+004  0.25901334E+004
   385.8396  0.45994420E+004  0.45510487E+004  0.42500817E+003  0.75608985E+003  0.75828996E+003  0.38520387E+004  0.39187852E+004  0.77020044E+004  0.77049304E+004  0.23452722E+004
   386.0902  0.41463595E+004  0.41020974E+004  0.43751379E+003  0.77791365E+003  0.78045776E+003  0.33675175E+004  0.34258543E+004  0.67404158E+004  0.67430415E+004  0.21445674E+004
   386.3409  0.37708955E+004  0.37300268E+004  0.45058759E+003  0.80080026E+003  0.80365701E+003  0.29616775E+004  0.30129704E+004  0.59343705E+004  0.59367425E+004  0.19801614E+004
   386.5915  0.34589988E+004  0.34209175E+004  0.46426247E+003  0.82479772E+003  0.82794283E+003  0.26200250E+004  0.26653879E+004  0.52552162E+004  0.52573725E+004  0.18455639E+004
   386.8421  0.31993131E+004  0.31635199E+004  0.47857410E+003  0.84996096E+003  0.85337598E+003  0.23307865E+004  0.23711293E+004  0.46797200E+004  0.46816918E+004  0.17355156E+004
   387.0927  0.29827256E+004  0.29488068E+004  0.49356120E+003  0.87635189E+003  0.88002314E+003  0.20844822E+004  0.21205500E+004  0.41891882E+004  0.41910014E+004  0.16457958E+004
   387.3434  0.28019422E+004  0.27695523E+004  0.50926572E+003  0.90403951E+003  0.90795726E+003  0.18735021E+004  0.19059080E+004  0.37686159E+004  0.37702918E+004  0.15730322E+004
   387.5940  0.26511219E+004  0.26199700E+004  0.52573314E+003  0.93310011E+003  0.93725791E+003  0.16917347E+004  0.17209857E+004  0.34059490E+004  0.34075053E+004  0.15145330E+004
   387.8446  0.25255795E+004  0.24954182E+004  0.54301278E+003  0.96361761E+003  0.96801176E+003  0.15342594E+004  0.15607771E+004  0.30914766E+004  0.30929283E+004  0.14681492E+004
   388.0952  0.24215466E+004  0.23921634E+004  0.56115811E+003  0.99568402E+003  0.10003132E+004  0.13970988E+004  0.14212358E+004  0.28173439E+004  0.28187035E+004  0.14321632E+004
   388.3459  0.23359839E+004  0.23071946E+004  0.58022721E+003  0.10294000E+004  0.10342648E+004  0.12770229E+004  0.12990756E+004  0.25771669E+004  0.25784453E+004  0.14052009E+004
   388.5965  0.22664345E+004  0.22380771E+004  0.60028316E+003  0.10648754E+004  0.10699786E+004  0.11713952E+004  0.11916144E+004  0.23657305E+004  0.23669366E+004  0.13861631E+004
   388.8471  0.22109085E+004  0.21828390E+004  0.62139459E+003  0.11022305E+004  0.11075761E+004  0.10780519E+004  0.10966508E+004  0.21787510E+004  0.21798927E+004  0.13741720E+004
   389.0977  0.21677935E+004  0.21398824E+004  0.64363623E+003  0.11415964E+004  0.11471902E+004  0.99520797E+003  0.10123688E+004  0.20126910E+004  0.20137750E+004  0.13685288E+004
   389.3484  0.21357843E+004  0.21079134E+004  0.66708958E+003  0.11831165E+004  0.11889657E+004  0.92138235E+003  0.93726150E+003  0.18646136E+004  0.18656457E+004  0.13686818E+004
   389.5990  0.21138281E+004  0.20858881E+004  0.69184361E+003  0.12269477E+004  0.12330609E+004  0.85534007E+003  0.87007265E+003  0.17320675E+004  0.17330528E+004  0.13742011E+004
   389.8496  0.21010814E+004  0.20729700E+004  0.71799560E+003  0.12732617E+004  0.12796488E+004  0.79604590E+003  0.80974897E+003  0.16129965E+004  0.16139392E+004  0.13847583E+004
   390.1003  0.20968764E+004  0.20684961E+004  0.74565210E+003  0.13222467E+004  0.13289192E+004  0.74262771E+003  0.75540323E+003  0.15056667E+004  0.15065708E+004  0.14001122E+004
   390.3509  0.21006942E+004  0.20719515E+004  0.77492995E+003  0.13741093E+004  0.13810800E+004  0.69434727E+003  0.70628437E+003  0.14086096E+004  0.14094784E+004  0.14200965E+004
   390.6015  0.21121449E+004  0.20829483E+004  0.80595754E+003  0.14290766E+004  0.14363600E+004  0.65057679E+003  0.66175369E+003  0.13205753E+004  0.13214118E+004  0.14446112E+004
   390.8521  0.21309512E+004  0.21012101E+004  0.83887614E+003  0.14873987E+004  0.14950106E+004  0.61078002E+003  0.62126565E+003  0.12404955E+004  0.12413022E+004  0.14736159E+004
   391.1028  0.21569364E+004  0.21265605E+004  0.87384151E+003  0.15493513E+004  0.15573094E+004  0.57449696E+003  0.58435223E+003  0.11674530E+004  0.11682324E+004  0.15071253E+004
   391.3534  0.21900159E+004  0.21589135E+004  0.91102568E+003  0.16152391E+004  0.16235628E+004  0.54133140E+003  0.55061038E+003  0.11006577E+004  0.11014116E+004  0.15452062E+004
   391.6040  0.22301906E+004  0.21982679E+004  0.95061903E+003  0.16853993E+004  0.16941100E+004  0.51094076E+003  0.51969154E+003  0.10394256E+004  0.10401560E+004  0.15879757E+004
   391.8546  0.22775430E+004  0.22447032E+004  0.99283266E+003  0.17602059E+004  0.17693271E+004  0.48302772E+003  0.49129324E+003  0.98316288E+003  0.98387133E+003  0.16356008E+004
   392.1053  0.23322355E+004  0.22983776E+004  0.10379011E+004  0.18400744E+004  0.18496319E+004  0.45733333E+003  0.46515203E+003  0.93135214E+003  0.93204006E+003  0.16882993E+004
   392.3559  0.23945107E+004  0.23595284E+004  0.10860856E+004  0.19254678E+004  0.19354900E+004  0.43363128E+003  0.44103766E+003  0.88354082E+003  0.88420948E+003  0.17463417E+004
   392.6065  0.24646928E+004  0.24284735E+004  0.11376777E+004  0.20169025E+004  0.20274207E+004  0.41172314E+003  0.41874826E+003  0.83933197E+003  0.83998249E+003  0.18100545E+004
   392.8571  0.25431916E+004  0.25056153E+004  0.11930034E+004  0.21149566E+004  0.21260052E+004  0.39143442E+003  0.39810628E+003  0.79837626E+003  0.79900964E+003  0.18798242E+004
   393.1078  0.26305085E+004  0.25914463E+004  0.12524285E+004  0.22202781E+004  0.22318950E+004  0.37261116E+003  0.37895511E+003  0.76036542E+003  0.76098253E+003  0.19561030E+004
   393.3584  0.27272436E+004  0.26865565E+004  0.13163642E+004  0.23335959E+004  0.23458228E+004  0.35511720E+003  0.36115620E+003  0.72502658E+003  0.72562820E+003  0.20394161E+004
   393.6090  0.28341062E+004  0.27916431E+004  0.13852739E+004  0.24557312E+004  0.24686145E+004  0.33883176E+003  0.34458667E+003  0.69211759E+003  0.69270439E+003  0.21303703E+004
   393.8596  0.29519270E+004  0.29075233E+004  0.14596814E+004  0.25876127E+004  0.26012037E+004  0.32364743E+003  0.32913722E+003  0.66142300E+003  0.66199557E+003  0.22296643E+004
   394.1103  0.30816737E+004  0.30351490E+004  0.15401807E+004  0.27302930E+004  0.27446484E+004  0.30946846E+003  0.31471044E+003  0.63275065E+003  0.63330948E+003  0.23381022E+004
   394.3609  0.32244697E+004  0.31756256E+004  0.16274470E+004  0.28849689E+004  0.29001521E+004  0.29620931E+003  0.30121928E+003  0.60592874E+003  0.60647424E+003  0.24566088E+004
   394.6115  0.33816178E+004  0.33302348E+004  0.17222505E+004  0.30530056E+004  0.30690870E+004  0.28379336E+003  0.28858578E+003  0.58080333E+003  0.58133583E+003  0.25862482E+004
   394.8622  0.35546272E+004  0.35004619E+004  0.18254725E+004  0.32359651E+004  0.32530237E+004  0.27215187E+003  0.27673999E+003  0.55723619E+003  0.55775594E+003  0.27282467E+004
   395.1128  0.37452483E+004  0.36880294E+004  0.19381249E+004  0.34356412E+004  0.34537655E+004  0.26122304E+003  0.26561901E+003  0.53510297E+003  0.53561015E+003  0.28840200E+004
   395.3634  0.39555136E+004  0.38949378E+004  0.20613739E+004  0.36541008E+004  0.36733902E+004  0.25095123E+003  0.25516619E+003  0.51429157E+003  0.51478628E+003  0.30552065E+004
   395.6140  0.41877885E+004  0.41235150E+004  0.21965682E+004  0.38937349E+004  0.39143015E+004  0.24128623E+003  0.24533044E+003  0.49470079E+003  0.49518303E+003  0.32437080E+004
   395.8647  0.44448324E+004  0.43764770E+004  0.23452741E+004  0.41573195E+004  0.41792903E+004  0.23218270E+003  0.23606559E+003  0.47623909E+003  0.47670878E+003  0.34517381E+004
   396.1153  0.47298746E+004  0.46570021E+004  0.25093177E+004  0.44480914E+004  0.44716106E+004  0.22359964E+003  0.22732987E+003  0.45882360E+003  0.45928057E+003  0.36818835E+004
   396.3659  0.50467070E+004  0.49688228E+004  0.26908369E+004  0.47698406E+004  0.47950724E+004  0.21549995E+003  0.21908551E+003  0.44237915E+003  0.44282313E+003  0.39371777E+004
   396.6165  0.53997998E+004  0.53163391E+004  0.28923466E+004  0.51270245E+004  0.51541569E+004  0.20785003E+003  0.21129826E+003  0.42683757E+003  0.42726817E+003  0.42211928E+004
   396.8672  0.57944439E+004  0.57047587E+004  0.31168180E+004  0.55249098E+004  0.55541588E+004  0.20061947E+003  0.20393711E+003  0.41213693E+003  0.41255363E+003  0.45381540E+004
   397.1178  0.62369297E+004  0.61402736E+004  0.33677788E+004  0.59697496E+004  0.60013643E+004  0.19378077E+003  0.19697400E+003  0.39822102E+003  0.39862316E+003  0.48930814E+004
   397.3684  0.67347711E+004  0.66302796E+004  0.36494381E+004  0.64690049E+004  0.65032741E+004  0.18730909E+003  0.19038356E+003  0.38503879E+003  0.38542554E+003  0.52919686E+004
   397.6190  0.72969874E+004  0.71836549E+004  0.39668445E+004  0.70316243E+004  0.70688845E+004  0.18118205E+003  0.18414292E+003  0.37254399E+003  0.37291432E+003  0.57420076E+004
   397.8697  0.79344604E+004  0.78111107E+004  0.43260849E+004  0.76683976E+004  0.77090425E+004  0.17537963E+003  0.17823154E+003  0.36069476E+003  0.36104742E+003  0.62518729E+004
   398.1203  0.86603883E+004  0.85256384E+004  0.47345382E+004  0.83924045E+004  0.84368971E+004  0.16988398E+003  0.17263113E+003  0.34945342E+003  0.34978686E+003  0.68320832E+004
   398.3709  0.94908630E+004  0.93430780E+004  0.52011982E+004  0.92195865E+004  0.92684747E+004  0.16467945E+003  0.16732551E+003  0.33878618E+003  0.33909855E+003  0.74954617E+004
   398.6216  0.10445609E+005  0.10282845E+005  0.57370850E+004  0.10169478E+005  0.10223413E+005  0.15975248E+003  0.16230066E+003  0.32866309E+003  0.32895211E+003  0.82577236E+004
   398.8722  0.11548923E+005  0.11368856E+005  0.63557715E+004  0.11266138E+005  0.11325899E+005  0.15509170E+003  0.15754469E+003  0.31905795E+003  0.31932085E+003  0.91382266E+004
   399.1228  0.12830878E+005  0.12630712E+005  0.70740525E+004  0.12539335E+005  0.12605861E+005  0.15068803E+003  0.15304797E+003  0.30994834E+003  0.31018175E+003  0.10160926E+005
   399.3734  0.14328831E+005  0.14105186E+005  0.79127898E+004  0.14026050E+005  0.14100474E+005  0.14653481E+003  0.14880323E+003  0.30131580E+003  0.30151559E+003  0.11355580E+005
   399.6241  0.16089306E+005  0.15838074E+005  0.88979623E+004  0.15772331E+005  0.15856031E+005  0.14262808E+003  0.14480585E+003  0.29314602E+003  0.29330714E+003  0.12759248E+005
   399.8747  0.18170264E+005  0.17886429E+005  0.10061931E+005  0.17835540E+005  0.17930199E+005  0.13896690E+003  0.14105410E+003  0.28542927E+003  0.28554551E+003  0.14418095E+005
   400.1253  0.20643672E+005  0.20321091E+005  0.11444877E+005  0.20286901E+005  0.20394580E+005  0.13555374E+003  0.13754958E+003  0.27816080E+003  0.27822449E+003  0.16389443E+005
   400.3759  0.23598086E+005  0.23229229E+005  0.13096239E+005  0.23214048E+005  0.23337275E+005  0.13239491E+003  0.13429753E+003  0.27134130E+003  0.27134304E+003  0.18743827E+005
   400.6266  0.27140422E+005  0.26716087E+005  0.15075707E+005  0.26722785E+005  0.26864648E+005  0.12950078E+003  0.13130713E+003  0.26497724E+003  0.26490549E+003  0.21566402E+005
   400.8772  0.31395105E+005  0.30904140E+005  0.17452744E+005  0.30936239E+005  0.31100481E+005  0.12688561E+003  0.12859125E+003  0.25908052E+003  0.25892124E+003  0.24956269E+005
   401.1278  0.36496835E+005  0.35925981E+005  0.20302548E+005  0.35987703E+005  0.36178774E+005  0.12456612E+003  0.12616517E+003  0.25366663E+003  0.25340314E+003  0.29020713E+005
   401.3784  0.42569934E+005  0.41903985E+005  0.23694522E+005  0.42000202E+005  0.42223206E+005  0.12255769E+003  0.12404289E+003  0.24874974E+003  0.24836286E+003  0.33858751E+005
   401.6291  0.49682689E+005  0.48905369E+005  0.27666790E+005  0.49041310E+005  0.49301710E+005  0.12086585E+003  0.12222916E+003  0.24433175E+003  0.24380097E+003  0.39524772E+005
   401.8797  0.57761985E+005  0.56858164E+005  0.32178542E+005  0.57038689E+005  0.57341563E+005  0.11947057E+003  0.12070455E+003  0.24038212E+003  0.23968834E+003  0.45960549E+005
   402.1303  0.66461495E+005  0.65421464E+005  0.37036452E+005  0.65649656E+005  0.65998263E+005  0.11830189E+003  0.11940241E+003  0.23680660E+003  0.23593761E+003  0.52890251E+005
   402.3810  0.75015801E+005  0.73841833E+005  0.41813243E+005  0.74116835E+005  0.74510411E+005  0.11721308E+003  0.11818341E+003  0.23341272E+003  0.23237147E+003  0.59704268E+005
   402.6316  0.82196792E+005  0.80910388E+005  0.45823353E+005  0.81225020E+005  0.81656348E+005  0.11597253E+003  0.11682792E+003  0.22989941E+003  0.22871324E+003  0.65424477E+005
   402.8822  0.86556999E+005  0.85202320E+005  0.48258764E+005  0.85541948E+005  0.85996203E+005  0.11430855E+003  0.11507838E+003  0.22591448E+003  0.22463942E+003  0.68898050E+005
   403.1328  0.87014585E+005  0.85652728E+005  0.48515569E+005  0.85997149E+005  0.86453823E+005  0.11201712E+003  0.11274131E+003  0.22119273E+003  0.21990627E+003  0.69263366E+005
   403.3835  0.83446129E+005  0.82140122E+005  0.46524870E+005  0.82468502E+005  0.82906437E+005  0.10907105E+003  0.10979066E+003  0.21569599E+003  0.21447809E+003  0.66422126E+005
   403.6341  0.76761485E+005  0.75560114E+005  0.42794579E+005  0.75856310E+005  0.76259130E+005  0.10563375E+003  0.10638083E+003  0.20963076E+003  0.20854329E+003  0.61098983E+005
   403.8847  0.68386159E+005  0.67315892E+005  0.38120455E+005  0.67571112E+005  0.67929931E+005  0.10196386E+003  0.10275637E+003  0.20332585E+003  0.20240242E+003  0.54429274E+005
   404.1353  0.59630974E+005  0.58697758E+005  0.33234240E+005  0.58909968E+005  0.59222790E+005  0.98299116E+002  0.99142107E+002  0.19708346E+003  0.19633166E+003  0.47457001E+005
   404.3860  0.51367053E+005  0.50563198E+005  0.28622221E+005  0.50734856E+005  0.51004263E+005  0.94796488E+002  0.95686373E+002  0.19110233E+003  0.19051247E+003  0.40875967E+005
   404.6366  0.44021916E+005  0.43333039E+005  0.24523055E+005  0.43468810E+005  0.43699629E+005  0.91531431E+002  0.92460372E+002  0.18547681E+003  0.18503071E+003  0.35026670E+005
   404.8872  0.37716311E+005  0.37126138E+005  0.21004149E+005  0.37231313E+005  0.37429006E+005  0.88523080E+002  0.89481999E+002  0.18022912E+003  0.17990622E+003  0.30005279E+005
   405.1378  0.32404212E+005  0.31897190E+005  0.18039811E+005  0.31976825E+005  0.32146613E+005  0.85760026E+002  0.86740244E+002  0.17534248E+003  0.17512311E+003  0.25775140E+005
   405.3885  0.27968591E+005  0.27530999E+005  0.15564714E+005  0.27589548E+005  0.27736037E+005  0.83217941E+002  0.84211883E+002  0.17078361E+003  0.17065044E+003  0.22243045E+005
   405.6391  0.24274590E+005  0.23894818E+005  0.13503578E+005  0.23936046E+005  0.24063132E+005  0.80869367E+002  0.81870736E+002  0.16651537E+003  0.16645372E+003  0.19301590E+005
   405.8897  0.21194544E+005  0.20862981E+005  0.11785138E+005  0.20889997E+005  0.21000906E+005  0.78688312E+002  0.79692023E+002  0.16250257E+003  0.16250031E+003  0.16849097E+005
   406.1404  0.18617433E+005  0.18326205E+005  0.10347421E+005  0.18341546E+005  0.18438922E+005  0.76651985E+002  0.77654000E+002  0.15871425E+003  0.15876144E+003  0.14797144E+005
   406.3910  0.16450724E+005  0.16193407E+005  0.91387741E+004  0.16199137E+005  0.16285136E+005  0.74741121E+002  0.75738277E+002  0.15512405E+003  0.15521259E+003  0.13072036E+005
   406.6416  0.14618979E+005  0.14390329E+005  0.81170861E+004  0.14388126E+005  0.14464508E+005  0.72939725E+002  0.73929559E+002  0.15170990E+003  0.15183318E+003  0.11613692E+005
   406.8922  0.13061354E+005  0.12857081E+005  0.72483941E+004  0.12848311E+005  0.12916515E+005  0.71234596E+002  0.72215211E+002  0.14845338E+003  0.14860600E+003  0.10373653E+005
   407.1429  0.11728990E+005  0.11545567E+005  0.65054237E+004  0.11531345E+005  0.11592556E+005  0.69614846E+002  0.70584790E+002  0.14533912E+003  0.14551665E+003  0.93130053E+004
   407.3935  0.10582661E+005  0.10417175E+005  0.58662791E+004  0.10398418E+005  0.10453612E+005  0.68071454E+002  0.69029632E+002  0.14235423E+003  0.14255300E+003  0.84005089E+004
   407.6441  0.95908094E+004  0.94408433E+004  0.53133453E+004  0.94183048E+004  0.94682948E+004  0.66596907E+002  0.67542501E+002  0.13948779E+003  0.13970478E+003  0.76110309E+004
   407.8947  0.87279565E+004  0.85914908E+004  0.48324001E+004  0.85657964E+004  0.86112594E+004  0.65184894E+002  0.66117311E+002  0.13673052E+003  0.13696320E+003  0.69242791E+004
   408.1454  0.79734369E+004  0.78487759E+004  0.44119083E+004  0.78204458E+004  0.78619509E+004  0.63830070E+002  0.64748892E+002  0.13407442E+003  0.13432067E+003  0.63237953E+004
   408.3960  0.73104050E+004  0.71961166E+004  0.40424670E+004  0.71655857E+004  0.72036135E+004  0.62527870E+002  0.63432819E+002  0.13151254E+003  0.13177057E+003  0.57961633E+004
   408.6466  0.67250558E+004  0.66199241E+004  0.37163708E+004  0.65875575E+004  0.66225161E+004  0.61274361E+002  0.62165271E+002  0.12903881E+003  0.12930711E+003  0.53303888E+004
   408.8972  0.62060147E+004  0.61090018E+004  0.34272707E+004  0.60751075E+004  0.61073451E+004  0.60066122E+002  0.60942917E+002  0.12664784E+003  0.12692512E+003  0.49174129E+004
   409.1479  0.57438590E+004  0.56540746E+004  0.31699075E+004  0.56189132E+004  0.56487285E+004  0.58900159E+002  0.59762830E+002  0.12433487E+003  0.12462003E+003  0.45497316E+004
   409.3985  0.53307412E+004  0.52474178E+004  0.29399010E+004  0.52112107E+004  0.52388612E+004  0.57773822E+002  0.58622420E+002  0.12209561E+003  0.12238769E+003  0.42210950E+004
   409.6491  0.49600918E+004  0.48825647E+004  0.27335848E+004  0.48455007E+004  0.48712094E+004  0.56684757E+002  0.57519375E+002  0.11992617E+003  0.12022436E+003  0.39262714E+004
   409.8997  0.46263833E+004  0.45540744E+004  0.25478737E+004  0.45163148E+004  0.45402757E+004  0.55630853E+002  0.56451621E+002  0.11782303E+003  0.11812663E+003  0.36608589E+004
   410.1504  0.43249424E+004  0.42573467E+004  0.23801597E+004  0.42190299E+004  0.42414124E+004  0.54610208E+002  0.55417283E+002  0.11578299E+003  0.11609137E+003  0.34211357E+004
   410.4010  0.40517995E+004  0.39884742E+004  0.22282274E+004  0.39497190E+004  0.39706718E+004  0.53621094E+002  0.54414655E+002  0.11380309E+003  0.11411571E+003  0.32039407E+004
   410.6516  0.38035676E+004  0.37441228E+004  0.20901865E+004  0.37050317E+004  0.37246853E+004  0.52661938E+002  0.53442181E+002  0.11188059E+003  0.11219698E+003  0.30065766E+004
   410.9023  0.35773441E+004  0.35214355E+004  0.19644173E+004  0.34820968E+004  0.35005669E+004  0.51731299E+002  0.52498431E+002  0.11001298E+003  0.11033272E+003  0.28267321E+004
   411.1529  0.33706316E+004  0.33179539E+004  0.18495262E+004  0.32784440E+004  0.32958329E+004  0.50827848E+002  0.51582088E+002  0.10819790E+003  0.10852063E+003  0.26624183E+004
   411.4035  0.31812726E+004  0.31315542E+004  0.17443092E+004  0.30919393E+004  0.31083381E+004  0.49950358E+002  0.50691931E+002  0.10643317E+003  0.10675855E+003  0.25119173E+004
   411.6541  0.30073964E+004  0.29603950E+004  0.16477226E+004  0.29207323E+004  0.29362224E+004  0.49097693E+002  0.49826827E+002  0.10471673E+003  0.10504448E+003  0.23737394E+004
   411.9048  0.28473747E+004  0.28028737E+004  0.15588578E+004  0.27632130E+004  0.27778668E+004  0.48268792E+002  0.48985721E+002  0.10304666E+003  0.10337652E+003  0.22465882E+004
   412.1554  0.26997860E+004  0.26575907E+004  0.14769216E+004  0.26179750E+004  0.26318579E+004  0.47462669E+002  0.48167624E+002  0.10142114E+003  0.10175290E+003  0.21293315E+004
   412.4060  0.25633843E+004  0.25233199E+004  0.14012190E+004  0.24837866E+004  0.24969572E+004  0.46678396E+002  0.47371613E+002  0.99838487E+002  0.10017191E+003  0.20209776E+004
   412.6566  0.24370749E+004  0.23989834E+004  0.13311392E+004  0.23595650E+004  0.23720762E+004  0.45915108E+002  0.46596818E+002  0.98297072E+002  0.98631993E+002  0.19206545E+004
   412.9073  0.23198924E+004  0.22836311E+004  0.12661437E+004  0.22443557E+004  0.22562553E+004  0.45171986E+002  0.45842421E+002  0.96795377E+002  0.97131625E+002  0.18275937E+004
   413.1579  0.22109834E+004  0.21764228E+004  0.12057564E+004  0.21373146E+004  0.21486462E+004  0.44448261E+002  0.45107650E+002  0.95331959E+002  0.95669383E+002  0.17411157E+004
   413.4085  0.21095911E+004  0.20766137E+004  0.11495552E+004  0.20376938E+004  0.20484966E+004  0.43743207E+002  0.44391776E+002  0.93905446E+002  0.94243913E+002  0.16606180E+004
   413.6591  0.20150426E+004  0.19835414E+004  0.10971649E+004  0.19448279E+004  0.19551378E+004  0.43056137E+002  0.43694109E+002  0.92514537E+002  0.92853926E+002  0.15855649E+004
   413.9098  0.19267384E+004  0.18966157E+004  0.10482510E+004  0.18581243E+004  0.18679740E+004  0.42386400E+002  0.43013995E+002  0.91157994E+002  0.91498194E+002  0.15154791E+004
   414.1604  0.18441427E+004  0.18153092E+004  0.10025147E+004  0.17770532E+004  0.17864727E+004  0.41733379E+002  0.42350811E+002  0.89834638E+002  0.90175549E+002  0.14499340E+004
   414.4110  0.17667756E+004  0.17391496E+004  0.95968843E+003  0.17011404E+004  0.17101570E+004  0.41096485E+002  0.41703968E+002  0.88543345E+002  0.88884874E+002  0.13885477E+004
   414.6617  0.16942063E+004  0.16677128E+004  0.91953204E+003  0.16299601E+004  0.16385990E+004  0.40475163E+002  0.41072904E+002  0.87283040E+002  0.87625106E+002  0.13309772E+004
   414.9123  0.16260474E+004  0.16006174E+004  0.88182944E+003  0.15631293E+004  0.15714135E+004  0.39868880E+002  0.40457082E+002  0.86052699E+002  0.86395227E+002  0.12769140E+004
   415.1629  0.15619495E+004  0.15375194E+004  0.84638588E+003  0.15003028E+004  0.15082536E+004  0.39277131E+002  0.39855993E+002  0.84851344E+002  0.85194264E+002  0.12260801E+004
   415.4135  0.15015969E+004  0.14781083E+004  0.81302540E+003  0.14411687E+004  0.14488058E+004  0.38699431E+002  0.39269150E+002  0.83678035E+002  0.84021285E+002  0.11782243E+004
   415.6642  0.14447041E+004  0.14221029E+004  0.78158880E+003  0.13854449E+004  0.13927862E+004  0.38135321E+002  0.38696085E+002  0.82531878E+002  0.82875398E+002  0.11331192E+004
   415.9148  0.13910119E+004  0.13692481E+004  0.75193168E+003  0.13328753E+004  0.13399377E+004  0.37584358E+002  0.38136355E+002  0.81412011E+002  0.81755750E+002  0.10905586E+004
   416.1654  0.13402851E+004  0.13193123E+004  0.72392290E+003  0.12832275E+004  0.12900265E+004  0.37046121E+002  0.37589533E+002  0.80317611E+002  0.80661521E+002  0.10503554E+004
   416.4160  0.12923095E+004  0.12720847E+004  0.69744311E+003  0.12362899E+004  0.12428399E+004  0.36520206E+002  0.37055211E+002  0.79247888E+002  0.79591924E+002  0.10123389E+004
   416.6667  0.12468898E+004  0.12273731E+004  0.67238353E+003  0.11918697E+004  0.11981840E+004  0.36006227E+002  0.36532999E+002  0.78202083E+002  0.78546205E+002  0.97635385E+003
   416.9173  0.12038478E+004  0.11850020E+004  0.64864481E+003  0.11497909E+004  0.11558820E+004  0.35503812E+002  0.36022521E+002  0.77179470E+002  0.77523638E+002  0.94225841E+003
   417.1679  0.11630203E+004  0.11448109E+004  0.62613615E+003  0.11098925E+004  0.11157719E+004  0.35012607E+002  0.35523418E+002  0.76179347E+002  0.76523529E+002  0.90992280E+003
   417.4185  0.11242582E+004  0.11066528E+004  0.60477434E+003  0.10720269E+004  0.10777054E+004  0.34532270E+002  0.35035345E+002  0.75201044E+002  0.75545206E+002  0.87922821E+003
   417.6692  0.10874243E+004  0.10703928E+004  0.58448308E+003  0.10360590E+004  0.10415467E+004  0.34062473E+002  0.34557969E+002  0.74243913E+002  0.74588026E+002  0.85006563E+003
   417.9198  0.10523929E+004  0.10359072E+004  0.56519230E+003  0.10018645E+004  0.10071708E+004  0.33602902E+002  0.34090974E+002  0.73307332E+002  0.73651370E+002  0.82233495E+003
   418.1704  0.10190481E+004  0.10030819E+004  0.54683754E+003  0.96932910E+003  0.97446284E+003  0.33153254E+002  0.33634052E+002  0.72390704E+002  0.72734641E+002  0.79594407E+003
   418.4211  0.98728337E+003  0.97181187E+003  0.52935940E+003  0.93834763E+003  0.94331704E+003  0.32713239E+002  0.33186908E+002  0.71493452E+002  0.71837265E+002  0.77080815E+003
   418.6717  0.95700030E+003  0.94200042E+003  0.51270315E+003  0.90882302E+003  0.91363582E+003  0.32282575E+002  0.32749260E+002  0.70615021E+002  0.70958688E+002  0.74684895E+003
   418.9223  0.92810806E+003  0.91355808E+003  0.49681823E+003  0.88066563E+003  0.88532909E+003  0.31860995E+002  0.32320834E+002  0.69754877E+002  0.70098379E+002  0.72399423E+003
   419.1729  0.90052267E+003  0.88640220E+003  0.48165788E+003  0.85379261E+003  0.85831354E+003  0.31448238E+002  0.31901368E+002  0.68912504E+002  0.69255822E+002  0.70217718E+003
   419.4236  0.87416638E+003  0.86045622E+003  0.46717884E+003  0.82812726E+003  0.83251207E+003  0.31044055E+002  0.31490607E+002  0.68087405E+002  0.68430522E+002  0.68133597E+003
   419.6742  0.84896713E+003  0.83564922E+003  0.45334101E+003  0.80359851E+003  0.80785324E+003  0.30648204E+002  0.31088309E+002  0.67279101E+002  0.67622001E+002  0.66141328E+003
   419.9248  0.82485805E+003  0.81191537E+003  0.44010720E+003  0.78014043E+003  0.78427076E+003  0.30260453E+002  0.30694238E+002  0.66487129E+002  0.66829798E+002  0.64235594E+003
   420.1754  0.80177704E+003  0.78919356E+003  0.42744287E+003  0.75769177E+003  0.76170306E+003  0.29880580E+002  0.30308167E+002  0.65711044E+002  0.66053468E+002  0.62411458E+003
   420.4261  0.77966636E+003  0.76742692E+003  0.41531588E+003  0.73619562E+003  0.74009291E+003  0.29508367E+002  0.29929876E+002  0.64950414E+002  0.65292581E+002  0.60664326E+003
   420.6767  0.75847225E+003  0.74656255E+003  0.40369635E+003  0.71559896E+003  0.71938704E+003  0.29143606E+002  0.29559155E+002  0.64204823E+002  0.64546721E+002  0.58989925E+003
   420.9273  0.73814462E+003  0.72655114E+003  0.39255643E+003  0.69585246E+003  0.69953583E+003  0.28786096E+002  0.29195799E+002  0.63473870E+002  0.63815488E+002  0.57384274E+003
   421.1779  0.71863677E+003  0.70734672E+003  0.38187015E+003  0.67691007E+003  0.68049301E+003  0.28435642E+002  0.28839611E+002  0.62757165E+002  0.63098494E+002  0.55843660E+003
   421.4286  0.69990508E+003  0.68890636E+003  0.37161327E+003  0.65872883E+003  0.66221537E+003  0.28092057E+002  0.28490401E+002  0.62054335E+002  0.62395364E+002  0.54364614E+003
   421.6792  0.68190882E+003  0.67118996E+003  0.36176315E+003  0.64126860E+003  0.64466257E+003  0.27755160E+002  0.28147985E+002  0.61365014E+002  0.61705735E+002  0.52943900E+003
   421.9298  0.66460988E+003  0.65415999E+003  0.35229862E+003  0.62449185E+003  0.62779687E+003  0.27424775E+002  0.27812185E+002  0.60688854E+002  0.61029259E+002  0.51578488E+003
   422.1805  0.64797259E+003  0.63778136E+003  0.34319985E+003  0.60836344E+003  0.61158296E+003  0.27100732E+002  0.27482829E+002  0.60025513E+002  0.60365595E+002  0.50265543E+003
   422.4311  0.63196352E+003  0.62202115E+003  0.33444827E+003  0.59285047E+003  0.59598775E+003  0.26782868E+002  0.27159750E+002  0.59374664E+002  0.59714415E+002  0.49002409E+003
   422.6817  0.61655135E+003  0.60684854E+003  0.32602649E+003  0.57792209E+003  0.58098023E+003  0.26471024E+002  0.26842788E+002  0.58735988E+002  0.59075403E+002  0.47786597E+003
   422.9323  0.60170667E+003  0.59223456E+003  0.31791818E+003  0.56354935E+003  0.56653130E+003  0.26165047E+002  0.26531788E+002  0.58109179E+002  0.58448251E+002  0.46615769E+003
   423.1830  0.58740187E+003  0.57815205E+003  0.31010800E+003  0.54970507E+003  0.55261364E+003  0.25864788E+002  0.26226597E+002  0.57493937E+002  0.57832661E+002  0.45487733E+003
   423.4336  0.57361099E+003  0.56457545E+003  0.30258155E+003  0.53636372E+003  0.53920157E+003  0.25570104E+002  0.25927071E+002  0.56889975E+002  0.57228345E+002  0.44400425E+003
   423.6842  0.56030961E+003  0.55148072E+003  0.29532527E+003  0.52350127E+003  0.52627094E+003  0.25280855E+002  0.25633068E+002  0.56297013E+002  0.56635025E+002  0.43351907E+003
   423.9348  0.54747476E+003  0.53884525E+003  0.28832641E+003  0.51109512E+003  0.51379904E+003  0.24996906E+002  0.25344451E+002  0.55714780E+002  0.56052429E+002  0.42340352E+003
   424.1855  0.53508480E+003  0.52664774E+003  0.28157296E+003  0.49912399E+003  0.50176445E+003  0.24718127E+002  0.25061088E+002  0.55143013E+002  0.55480295E+002  0.41364042E+003
   424.4361  0.52311931E+003  0.51486808E+003  0.27505360E+003  0.48756779E+003  0.49014701E+003  0.24444391E+002  0.24782850E+002  0.54581458E+002  0.54918370E+002  0.40421357E+003
   424.6867  0.51155905E+003  0.50348735E+003  0.26875765E+003  0.47640762E+003  0.47892770E+003  0.24175576E+002  0.24509612E+002  0.54029869E+002  0.54366407E+002  0.39510767E+003
   424.9373  0.50038586E+003  0.49248765E+003  0.26267505E+003  0.46562561E+003  0.46808855E+003  0.23911563E+002  0.24241254E+002  0.53488006E+002  0.53824166E+002  0.38630830E+003
   425.1880  0.48958258E+003  0.48185209E+003  0.25679627E+003  0.45520490E+003  0.45761261E+003  0.23652236E+002  0.23977660E+002  0.52955637E+002  0.53291417E+002  0.37780184E+003
   425.4386  0.47913298E+003  0.47156471E+003  0.25111232E+003  0.44512955E+003  0.44748387E+003  0.23397483E+002  0.23718714E+002  0.52432537E+002  0.52767934E+002  0.36957540E+003
   425.6892  0.46902173E+003  0.46161042E+003  0.24561471E+003  0.43538449E+003  0.43768718E+003  0.23147197E+002  0.23464308E+002  0.51918487E+002  0.52253500E+002  0.36161682E+003
   425.9398  0.45923432E+003  0.45197491E+003  0.24029539E+003  0.42595547E+003  0.42820819E+003  0.22901271E+002  0.23214333E+002  0.51413277E+002  0.51747902E+002  0.35391456E+003
   426.1905  0.44975700E+003  0.44264467E+003  0.23514675E+003  0.41682898E+003  0.41903335E+003  0.22659605E+002  0.22968688E+002  0.50916699E+002  0.51250934E+002  0.34645773E+003
   426.4411  0.44057675E+003  0.43360688E+003  0.23016157E+003  0.40799225E+003  0.41014980E+003  0.22422097E+002  0.22727270E+002  0.50428555E+002  0.50762398E+002  0.33923598E+003
   426.6917  0.43168123E+003  0.42484938E+003  0.22533301E+003  0.39943315E+003  0.40154535E+003  0.22188654E+002  0.22489982E+002  0.49948650E+002  0.50282100E+002  0.33223952E+003
   426.9424  0.42305873E+003  0.41636066E+003  0.22065460E+003  0.39114019E+003  0.39320846E+003  0.21959180E+002  0.22256729E+002  0.49476796E+002  0.49809851E+002  0.32545906E+003
   427.1930  0.41469813E+003  0.40812976E+003  0.21612018E+003  0.38310247E+003  0.38512815E+003  0.21733585E+002  0.22027419E+002  0.49012810E+002  0.49345468E+002  0.31888577E+003
   427.4436  0.40658890E+003  0.40014631E+003  0.21172391E+003  0.37530963E+003  0.37729403E+003  0.21511782E+002  0.21801963E+002  0.48556514E+002  0.48888774E+002  0.31251130E+003
   427.6942  0.39872099E+003  0.39240044E+003  0.20746025E+003  0.36775185E+003  0.36969621E+003  0.21293684E+002  0.21580273E+002  0.48107735E+002  0.48439597E+002  0.30632768E+003
   427.9449  0.39108489E+003  0.38488276E+003  0.20332391E+003  0.36041976E+003  0.36232528E+003  0.21079208E+002  0.21362265E+002  0.47666306E+002  0.47997767E+002  0.30032736E+003
   428.1955  0.38367152E+003  0.37758436E+003  0.19930989E+003  0.35330450E+003  0.35517233E+003  0.20868273E+002  0.21147857E+002  0.47232063E+002  0.47563123E+002  0.29450315E+003
   428.4461  0.37647228E+003  0.37049674E+003  0.19541342E+003  0.34639760E+003  0.34822884E+003  0.20660801E+002  0.20936968E+002  0.46804848E+002  0.47135506E+002  0.28884820E+003
   428.6967  0.36947894E+003  0.36361184E+003  0.19162996E+003  0.33969101E+003  0.34148674E+003  0.20456715E+002  0.20729522E+002  0.46384506E+002  0.46714761E+002  0.28335602E+003
   428.9474  0.36268370E+003  0.35692194E+003  0.18795518E+003  0.33317709E+003  0.33493831E+003  0.20255941E+002  0.20525443E+002  0.45970887E+002  0.46300739E+002  0.27802039E+003
   429.1980  0.35607909E+003  0.35041971E+003  0.18438498E+003  0.32684851E+003  0.32857622E+003  0.20058407E+002  0.20324656E+002  0.45563845E+002  0.45893293E+002  0.27283541E+003
   429.4486  0.34965802E+003  0.34409817E+003  0.18091541E+003  0.32069834E+003  0.32239347E+003  0.19864043E+002  0.20127092E+002  0.45163239E+002  0.45492283E+002  0.26779545E+003
   429.6992  0.34341371E+003  0.33795065E+003  0.17754274E+003  0.31471993E+003  0.31638339E+003  0.19672779E+002  0.19932680E+002  0.44768929E+002  0.45097568E+002  0.26289514E+003
   429.9499  0.33733970E+003  0.33197077E+003  0.17426341E+003  0.30890695E+003  0.31053963E+003  0.19484549E+002  0.19741353E+002  0.44380782E+002  0.44709017E+002  0.25812935E+003
   430.2005  0.33142982E+003  0.32615248E+003  0.17107399E+003  0.30325336E+003  0.30485611E+003  0.19299290E+002  0.19553044E+002  0.43998667E+002  0.44326496E+002  0.25349319E+003
   430.4511  0.32567818E+003  0.32048995E+003  0.16797124E+003  0.29775340E+003  0.29932702E+003  0.19116937E+002  0.19367691E+002  0.43622456E+002  0.43949880E+002  0.24898200E+003
   430.7018  0.32007913E+003  0.31497767E+003  0.16495205E+003  0.29240156E+003  0.29394683E+003  0.18937429E+002  0.19185230E+002  0.43252026E+002  0.43579044E+002  0.24459131E+003
   430.9524  0.31462732E+003  0.30961031E+003  0.16201344E+003  0.28719256E+003  0.28871026E+003  0.18760707E+002  0.19005601E+002  0.42887255E+002  0.43213867E+002  0.24031685E+003
   431.2030  0.30931757E+003  0.30438283E+003  0.15915259E+003  0.28212138E+003  0.28361222E+003  0.18586712E+002  0.18828745E+002  0.42528026E+002  0.42854232E+002  0.23615455E+003
   431.4536  0.30414499E+003  0.29929037E+003  0.15636676E+003  0.27718320E+003  0.27864790E+003  0.18415388E+002  0.18654604E+002  0.42174224E+002  0.42500025E+002  0.23210051E+003
   431.7043  0.29910484E+003  0.29432830E+003  0.15365338E+003  0.27237342E+003  0.27381265E+003  0.18246679E+002  0.18483121E+002  0.41825738E+002  0.42151133E+002  0.22815100E+003
   431.9549  0.29419263E+003  0.28949217E+003  0.15100993E+003  0.26768763E+003  0.26910205E+003  0.18080532E+002  0.18314244E+002  0.41482459E+002  0.41807449E+002  0.22430244E+003
   432.2055  0.28940404E+003  0.28477774E+003  0.14843406E+003  0.26312160E+003  0.26451185E+003  0.17916895E+002  0.18147917E+002  0.41144281E+002  0.41468866E+002  0.22055141E+003
   432.4561  0.28473492E+003  0.28018093E+003  0.14592347E+003  0.25867130E+003  0.26003798E+003  0.17755716E+002  0.17984090E+002  0.40811100E+002  0.41135280E+002  0.21689464E+003
   432.7068  0.28018132E+003  0.27569784E+003  0.14347598E+003  0.25433284E+003  0.25567656E+003  0.17596945E+002  0.17822712E+002  0.40482817E+002  0.40806592E+002  0.21332899E+003
   432.9574  0.27573942E+003  0.27132473E+003  0.14108949E+003  0.25010252E+003  0.25142385E+003  0.17440535E+002  0.17663733E+002  0.40159332E+002  0.40482704E+002  0.20985144E+003
   433.2080  0.27140559E+003  0.26705800E+003  0.13876200E+003  0.24597678E+003  0.24727627E+003  0.17286438E+002  0.17507106E+002  0.39840551E+002  0.40163519E+002  0.20645911E+003
   433.4586  0.26717632E+003  0.26289421E+003  0.13649158E+003  0.24195220E+003  0.24323039E+003  0.17134607E+002  0.17352783E+002  0.39526381E+002  0.39848944E+002  0.20314923E+003
   433.7093  0.26304825E+003  0.25883005E+003  0.13427638E+003  0.23802550E+003  0.23928290E+003  0.16984998E+002  0.17200719E+002  0.39216729E+002  0.39538889E+002  0.19991914E+003
   433.9599  0.25901817E+003  0.25486236E+003  0.13211462E+003  0.23419354E+003  0.23543066E+003  0.16837568E+002  0.17050870E+002  0.38911507E+002  0.39233265E+002  0.19676629E+003
   434.2105  0.25508298E+003  0.25098809E+003  0.13000461E+003  0.23045330E+003  0.23167062E+003  0.16692272E+002  0.16903192E+002  0.38610629E+002  0.38931985E+002  0.19368823E+003
   434.4612  0.25123969E+003  0.24720429E+003  0.12794469E+003  0.22680187E+003  0.22799986E+003  0.16549071E+002  0.16757642E+002  0.38314011E+002  0.38634964E+002  0.19068260E+003
   434.7118  0.24748546E+003  0.24350818E+003  0.12593332E+003  0.22323646E+003  0.22441559E+003  0.16407922E+002  0.16614180E+002  0.38021570E+002  0.38342122E+002  0.18774715E+003
   434.9624  0.24381754E+003  0.23989702E+003  0.12396896E+003  0.21975441E+003  0.22091510E+003  0.16268787E+002  0.16472765E+002  0.37733225E+002  0.38053376E+002  0.18487969E+003
   435.2130  0.24023328E+003  0.23636824E+003  0.12205017E+003  0.21635313E+003  0.21749582E+003  0.16131626E+002  0.16333357E+002  0.37448899E+002  0.37768649E+002  0.18207815E+003
   435.4637  0.23673014E+003  0.23291931E+003  0.12017555E+003  0.21303014E+003  0.21415525E+003  0.15996401E+002  0.16195918E+002  0.37168514E+002  0.37487865E+002  0.17934050E+003
   435.7143  0.23330568E+003  0.22954784E+003  0.11834375E+003  0.20978307E+003  0.21089100E+003  0.15863077E+002  0.16060411E+002  0.36891996E+002  0.37210947E+002  0.17666481E+003
   435.9649  0.22995753E+003  0.22625151E+003  0.11655349E+003  0.20660962E+003  0.20770075E+003  0.15731617E+002  0.15926799E+002  0.36619272E+002  0.36937825E+002  0.17404923E+003
   436.2155  0.22668345E+003  0.22302809E+003  0.11480352E+003  0.20350758E+003  0.20458230E+003  0.15601985E+002  0.15795047E+002  0.36350270E+002  0.36668425E+002  0.17149196E+003
   436.4662  0.22348123E+003  0.21987543E+003  0.11309263E+003  0.20047483E+003  0.20153350E+003  0.15474147E+002  0.15665119E+002  0.36084922E+002  0.36402679E+002  0.16899127E+003
   436.7168  0.22034879E+003  0.21679145E+003  0.11141968E+003  0.19750932E+003  0.19855229E+003  0.15348071E+002  0.15536981E+002  0.35823159E+002  0.36140519E+002  0.16654550E+003
   436.9674  0.21728408E+003  0.21377417E+003  0.10978354E+003  0.19460908E+003  0.19563671E+003  0.15223722E+002  0.15410600E+002  0.35564914E+002  0.35881879E+002  0.16415305E+003
   437.2180  0.21428517E+003  0.21082166E+003  0.10818316E+003  0.19177220E+003  0.19278483E+003  0.15101069E+002  0.15285944E+002  0.35310123E+002  0.35626692E+002  0.16181238E+003
   437.4687  0.21135017E+003  0.20793206E+003  0.10661749E+003  0.18899687E+003  0.18999481E+003  0.14980082E+002  0.15162980E+002  0.35058723E+002  0.35374898E+002  0.15952199E+003
   437.7193  0.20847726E+003  0.20510360E+003  0.10508555E+003  0.18628131E+003  0.18726488E+003  0.14860728E+002  0.15041678E+002  0.34810652E+002  0.35126432E+002  0.15728046E+003
   437.9699  0.20566469E+003  0.20233454E+003  0.10358636E+003  0.18362381E+003  0.18459333E+003  0.14742979E+002  0.14922008E+002  0.34565848E+002  0.34881235E+002  0.15508640E+003
   438.2206  0.20291077E+003  0.19962323E+003  0.10211900E+003  0.18102275E+003  0.18197850E+003  0.14626806E+002  0.14803939E+002  0.34324254E+002  0.34639248E+002  0.15293847E+003
   438.4712  0.20021387E+003  0.19696805E+003  0.10068259E+003  0.17847652E+003  0.17941880E+003  0.14512179E+002  0.14687444E+002  0.34085811E+002  0.34400413E+002  0.15083538E+003
   438.7218  0.19757242E+003  0.19436746E+003  0.99276245E+002  0.17598361E+003  0.17691270E+003  0.14399071E+002  0.14572492E+002  0.33850463E+002  0.34164674E+002  0.14877590E+003
   438.9724  0.19498489E+003  0.19181996E+003  0.97899145E+002  0.17354253E+003  0.17445871E+003  0.14287455E+002  0.14459058E+002  0.33618154E+002  0.33931975E+002  0.14675881E+003
   439.2231  0.19244982E+003  0.18932410E+003  0.96550483E+002  0.17115185E+003  0.17205539E+003  0.14177304E+002  0.14347113E+002  0.33388832E+002  0.33702263E+002  0.14478297E+003
   439.4737  0.18996578E+003  0.18687849E+003  0.95229480E+002  0.16881021E+003  0.16970136E+003  0.14068593E+002  0.14236632E+002  0.33162442E+002  0.33475484E+002  0.14284724E+003
   439.7243  0.18753142E+003  0.18448178E+003  0.93935387E+002  0.16651627E+003  0.16739529E+003  0.13961295E+002  0.14127588E+002  0.32938933E+002  0.33251587E+002  0.14095055E+003
   439.9749  0.18514539E+003  0.18213266E+003  0.92667478E+002  0.16426874E+003  0.16513587E+003  0.13855386E+002  0.14019956E+002  0.32718256E+002  0.33030522E+002  0.13909186E+003
   440.2256  0.18280642E+003  0.17982987E+003  0.91425052E+002  0.16206638E+003  0.16292186E+003  0.13750841E+002  0.13913712E+002  0.32500360E+002  0.32812239E+002  0.13727014E+003
   440.4762  0.18051328E+003  0.17757220E+003  0.90207430E+002  0.15990800E+003  0.16075206E+003  0.13647638E+002  0.13808831E+002  0.32285197E+002  0.32596690E+002  0.13548442E+003
   440.7268  0.17826476E+003  0.17535845E+003  0.89013958E+002  0.15779241E+003  0.15862529E+003  0.13545751E+002  0.13705290E+002  0.32072720E+002  0.32383828E+002  0.13373376E+003
   440.9774  0.17605970E+003  0.17318750E+003  0.87844001E+002  0.15571852E+003  0.15654042E+003  0.13445160E+002  0.13603065E+002  0.31862882E+002  0.32173606E+002  0.13201724E+003
   441.2281  0.17389699E+003  0.17105824E+003  0.86696946E+002  0.15368521E+003  0.15449637E+003  0.13345840E+002  0.13502134E+002  0.31655640E+002  0.31965980E+002  0.13033398E+003
   441.4787  0.17177553E+003  0.16896960E+003  0.85572199E+002  0.15169146E+003  0.15249207E+003  0.13247772E+002  0.13402474E+002  0.31450948E+002  0.31760905E+002  0.12868311E+003
   441.7293  0.16969428E+003  0.16692054E+003  0.84469186E+002  0.14973622E+003  0.15052650E+003  0.13150932E+002  0.13304065E+002  0.31248762E+002  0.31558337E+002  0.12706382E+003
   441.9799  0.16765222E+003  0.16491007E+003  0.83387351E+002  0.14781853E+003  0.14859866E+003  0.13055301E+002  0.13206884E+002  0.31049042E+002  0.31358235E+002  0.12547529E+003
   442.2306  0.16564836E+003  0.16293720E+003  0.82326156E+002  0.14593743E+003  0.14670761E+003  0.12960858E+002  0.13110911E+002  0.30851744E+002  0.31160557E+002  0.12391676E+003
   442.4812  0.16368176E+003  0.16100101E+003  0.81285078E+002  0.14409198E+003  0.14485241E+003  0.12867583E+002  0.13016126E+002  0.30656829E+002  0.30965262E+002  0.12238745E+003
   442.7318  0.16175147E+003  0.15910059E+003  0.80263614E+002  0.14228130E+003  0.14303215E+003  0.12775456E+002  0.12922508E+002  0.30464257E+002  0.30772311E+002  0.12088666E+003
   442.9825  0.15985662E+003  0.15723504E+003  0.79261273E+002  0.14050452E+003  0.14124598E+003  0.12684458E+002  0.12830038E+002  0.30273989E+002  0.30581665E+002  0.11941367E+003
   443.2331  0.15799632E+003  0.15540352E+003  0.78277582E+002  0.13876080E+003  0.13949304E+003  0.12594571E+002  0.12738698E+002  0.30085986E+002  0.30393285E+002  0.11796780E+003
   443.4837  0.15616974E+003  0.15360519E+003  0.77312081E+002  0.13704932E+003  0.13777251E+003  0.12505776E+002  0.12648468E+002  0.29900212E+002  0.30207134E+002  0.11654837E+003
   443.7343  0.15437606E+003  0.15183926E+003  0.76364324E+002  0.13536930E+003  0.13608360E+003  0.12418055E+002  0.12559330E+002  0.29716630E+002  0.30023176E+002  0.11515476E+003
   443.9850  0.15261449E+003  0.15010494E+003  0.75433880E+002  0.13371996E+003  0.13442555E+003  0.12331390E+002  0.12471267E+002  0.29535203E+002  0.29841374E+002  0.11378633E+003
   444.2356  0.15088427E+003  0.14840147E+003  0.74520329E+002  0.13210057E+003  0.13279760E+003  0.12245764E+002  0.12384259E+002  0.29355898E+002  0.29661695E+002  0.11244247E+003
   444.4862  0.14918463E+003  0.14672813E+003  0.73623266E+002  0.13051041E+003  0.13119903E+003  0.12161161E+002  0.12298292E+002  0.29178680E+002  0.29484103E+002  0.11112261E+003
   444.7368  0.14751487E+003  0.14508420E+003  0.72742296E+002  0.12894877E+003  0.12962913E+003  0.12077563E+002  0.12213347E+002  0.29003514E+002  0.29308564E+002  0.10982617E+003
   444.9875  0.14587428E+003  0.14346899E+003  0.71877036E+002  0.12741498E+003  0.12808724E+003  0.11994955E+002  0.12129408E+002  0.28830368E+002  0.29135047E+002  0.10855260E+003
   445.2381  0.14426218E+003  0.14188183E+003  0.71027116E+002  0.12590839E+003  0.12657267E+003  0.11913320E+002  0.12046458E+002  0.28659210E+002  0.28963518E+002  0.10730136E+003
   445.4887  0.14267791E+003  0.14032206E+003  0.70192175E+002  0.12442834E+003  0.12508481E+003  0.11832643E+002  0.11964483E+002  0.28490008E+002  0.28793946E+002  0.10607193E+003
   445.7393  0.14112082E+003  0.13878907E+003  0.69371864E+002  0.12297423E+003  0.12362301E+003  0.11752908E+002  0.11883467E+002  0.28322731E+002  0.28626299E+002  0.10486381E+003
   445.9900  0.13959030E+003  0.13728222E+003  0.68565842E+002  0.12154544E+003  0.12218667E+003  0.11674101E+002  0.11803393E+002  0.28157349E+002  0.28460548E+002  0.10367650E+003
   446.2406  0.13808573E+003  0.13580093E+003  0.67773781E+002  0.12014141E+003  0.12077521E+003  0.11596207E+002  0.11724248E+002  0.27993831E+002  0.28296662E+002  0.10250953E+003
   446.4912  0.13660653E+003  0.13434461E+003  0.66995359E+002  0.11876155E+003  0.11938806E+003  0.11519212E+002  0.11646017E+002  0.27832149E+002  0.28134613E+002  0.10136243E+003
   446.7419  0.13515212E+003  0.13291271E+003  0.66230265E+002  0.11740532E+003  0.11802466E+003  0.11443101E+002  0.11568685E+002  0.27672274E+002  0.27974371E+002  0.10023475E+003
   446.9925  0.13372196E+003  0.13150467E+003  0.65478198E+002  0.11607217E+003  0.11668447E+003  0.11367861E+002  0.11492238E+002  0.27514177E+002  0.27815909E+002  0.99126059E+002
   447.2431  0.13231549E+003  0.13011997E+003  0.64738862E+002  0.11476160E+003  0.11536697E+003  0.11293478E+002  0.11416663E+002  0.27357832E+002  0.27659199E+002  0.98035925E+002
   447.4937  0.13093220E+003  0.12875808E+003  0.64011973E+002  0.11347309E+003  0.11407165E+003  0.11219939E+002  0.11341946E+002  0.27203211E+002  0.27504214E+002  0.96963938E+002
   447.7444  0.12957156E+003  0.12741851E+003  0.63297252E+002  0.11220615E+003  0.11279801E+003  0.11147230E+002  0.11268073E+002  0.27050288E+002  0.27350927E+002  0.95909695E+002
   447.9950  0.12823310E+003  0.12610075E+003  0.62594430E+002  0.11096030E+003  0.11154558E+003  0.11075340E+002  0.11195033E+002  0.26899036E+002  0.27199313E+002  0.94872804E+002
   448.2456  0.12691632E+003  0.12480435E+003  0.61903245E+002  0.10973507E+003  0.11031388E+003  0.11004255E+002  0.11122811E+002  0.26749431E+002  0.27049346E+002  0.93852886E+002
   448.4962  0.12562075E+003  0.12352883E+003  0.61223440E+002  0.10853003E+003  0.10910247E+003  0.10933963E+002  0.11051396E+002  0.26601447E+002  0.26901001E+002  0.92849572E+002
   448.7469  0.12434593E+003  0.12227375E+003  0.60554767E+002  0.10734471E+003  0.10791089E+003  0.10864452E+002  0.10980775E+002  0.26455060E+002  0.26754254E+002  0.91862500E+002
   448.9975  0.12309143E+003  0.12103866E+003  0.59896985E+002  0.10617870E+003  0.10673871E+003  0.10795711E+002  0.10910937E+002  0.26310246E+002  0.26609080E+002  0.90891322E+002
   449.2481  0.12185680E+003  0.11982315E+003  0.59249859E+002  0.10503158E+003  0.10558553E+003  0.10727727E+002  0.10841868E+002  0.26166980E+002  0.26465456E+002  0.89935696E+002
   449.4987  0.12064163E+003  0.11862679E+003  0.58613160E+002  0.10390294E+003  0.10445093E+003  0.10660489E+002  0.10773559E+002  0.26025241E+002  0.26323359E+002  0.88995291E+002
   449.7494  0.11944551E+003  0.11744918E+003  0.57986665E+002  0.10279239E+003  0.10333451E+003  0.10593987E+002  0.10705997E+002  0.25885005E+002  0.26182766E+002  0.88069784E+002
   450.0000  0.11826803E+003  0.11628993E+003  0.57370157E+002  0.10169954E+003  0.10223589E+003  0.10528208E+002  0.10639172E+002  0.25746250E+002  0.26043655E+002  0.87158861E+002
