#Raman spectra
#Laser energy   2.78 eV
#Raman shift (cm-1), Raman Spectra (XX,YY,ZZ,s+s+,s-s-,XY,YX,s+s-,s-s+,nonpol)
   350.0000  0.20454713E+003  0.19696789E+003  0.39643907E+002  0.60280810E+002  0.60686402E+002  0.12457097E+003  0.12622688E+003  0.26522642E+003  0.26611923E+003  0.79238834E+002
   350.2506  0.20703894E+003  0.19937369E+003  0.40020923E+002  0.60854534E+002  0.61263761E+002  0.12638330E+003  0.12806597E+003  0.26892601E+003  0.26981759E+003  0.80229419E+002
   350.5013  0.20958370E+003  0.20183071E+003  0.40403341E+002  0.61436492E+002  0.61849400E+002  0.12823755E+003  0.12994759E+003  0.27271165E+003  0.27360202E+003  0.81241629E+002
   350.7519  0.21218297E+003  0.20434045E+003  0.40791264E+002  0.62026840E+002  0.62443476E+002  0.13013503E+003  0.13187307E+003  0.27658602E+003  0.27747518E+003  0.82276088E+002
   351.0025  0.21483834E+003  0.20690445E+003  0.41184800E+002  0.62625741E+002  0.63046154E+002  0.13207706E+003  0.13384376E+003  0.28055188E+003  0.28143983E+003  0.83333445E+002
   351.2531  0.21755146E+003  0.20952431E+003  0.41584057E+002  0.63233361E+002  0.63657599E+002  0.13406507E+003  0.13586109E+003  0.28461211E+003  0.28549886E+003  0.84414371E+002
   351.5038  0.22032406E+003  0.21220172E+003  0.41989146E+002  0.63849871E+002  0.64277983E+002  0.13610048E+003  0.13792653E+003  0.28876969E+003  0.28965525E+003  0.85519564E+002
   351.7544  0.22315793E+003  0.21493838E+003  0.42400181E+002  0.64475445E+002  0.64907480E+002  0.13818483E+003  0.14004162E+003  0.29302772E+003  0.29391211E+003  0.86649751E+002
   352.0050  0.22605491E+003  0.21773611E+003  0.42817280E+002  0.65110260E+002  0.65546271E+002  0.14031968E+003  0.14220795E+003  0.29738945E+003  0.29827267E+003  0.87805683E+002
   352.2556  0.22901695E+003  0.22059677E+003  0.43240562E+002  0.65754502E+002  0.66194540E+002  0.14250666E+003  0.14442718E+003  0.30185824E+003  0.30274029E+003  0.88988145E+002
   352.5063  0.23204603E+003  0.22352231E+003  0.43670149E+002  0.66408356E+002  0.66852473E+002  0.14474749E+003  0.14670104E+003  0.30643758E+003  0.30731847E+003  0.90197950E+002
   352.7569  0.23514426E+003  0.22651473E+003  0.44106169E+002  0.67072016E+002  0.67520266E+002  0.14704393E+003  0.14903134E+003  0.31113112E+003  0.31201086E+003  0.91435945E+002
   353.0075  0.23831379E+003  0.22957615E+003  0.44548749E+002  0.67745678E+002  0.68198115E+002  0.14939783E+003  0.15141993E+003  0.31594265E+003  0.31682125E+003  0.92703010E+002
   353.2581  0.24155688E+003  0.23270874E+003  0.44998022E+002  0.68429546E+002  0.68886224E+002  0.15181112E+003  0.15386878E+003  0.32087614E+003  0.32175361E+003  0.94000063E+002
   353.5088  0.24487587E+003  0.23591478E+003  0.45454123E+002  0.69123825E+002  0.69584800E+002  0.15428579E+003  0.15637992E+003  0.32593570E+003  0.32681205E+003  0.95328056E+002
   353.7594  0.24827322E+003  0.23919664E+003  0.45917192E+002  0.69828730E+002  0.70294058E+002  0.15682395E+003  0.15895547E+003  0.33112563E+003  0.33200087E+003  0.96687983E+002
   354.0100  0.25175146E+003  0.24255679E+003  0.46387372E+002  0.70544477E+002  0.71014217E+002  0.15942776E+003  0.16159764E+003  0.33645041E+003  0.33732455E+003  0.98080879E+002
   354.2607  0.25531325E+003  0.24599778E+003  0.46864807E+002  0.71271291E+002  0.71745500E+002  0.16209951E+003  0.16430874E+003  0.34191472E+003  0.34278777E+003  0.99507823E+002
   354.5113  0.25896134E+003  0.24952230E+003  0.47349649E+002  0.72009401E+002  0.72488138E+002  0.16484157E+003  0.16709119E+003  0.34752344E+003  0.34839541E+003  0.10096994E+003
   354.7619  0.26269863E+003  0.25313314E+003  0.47842052E+002  0.72759042E+002  0.73242368E+002  0.16765641E+003  0.16994748E+003  0.35328167E+003  0.35415258E+003  0.10246840E+003
   355.0125  0.26652810E+003  0.25683321E+003  0.48342173E+002  0.73520457E+002  0.74008432E+002  0.17054663E+003  0.17288026E+003  0.35919473E+003  0.36006458E+003  0.10400442E+003
   355.2632  0.27045291E+003  0.26062555E+003  0.48850175E+002  0.74293893E+002  0.74786580E+002  0.17351492E+003  0.17589225E+003  0.36526818E+003  0.36613698E+003  0.10557929E+003
   355.5138  0.27447632E+003  0.26451333E+003  0.49366223E+002  0.75079606E+002  0.75577066E+002  0.17656412E+003  0.17898634E+003  0.37150783E+003  0.37237561E+003  0.10719433E+003
   355.7644  0.27860174E+003  0.26849986E+003  0.49890489E+002  0.75877856E+002  0.76380153E+002  0.17969717E+003  0.18216552E+003  0.37791976E+003  0.37878653E+003  0.10885093E+003
   356.0150  0.28283276E+003  0.27258861E+003  0.50423148E+002  0.76688912E+002  0.77196111E+002  0.18291718E+003  0.18543292E+003  0.38451034E+003  0.38537610E+003  0.11055055E+003
   356.2657  0.28717309E+003  0.27678318E+003  0.50964380E+002  0.77513050E+002  0.78025216E+002  0.18622737E+003  0.18879183E+003  0.39128622E+003  0.39215099E+003  0.11229471E+003
   356.5163  0.29162664E+003  0.28108735E+003  0.51514370E+002  0.78350553E+002  0.78867751E+002  0.18963114E+003  0.19224569E+003  0.39825436E+003  0.39911816E+003  0.11408500E+003
   356.7669  0.29619749E+003  0.28550509E+003  0.52073308E+002  0.79201712E+002  0.79724010E+002  0.19313202E+003  0.19579809E+003  0.40542206E+003  0.40628491E+003  0.11592307E+003
   357.0175  0.30088990E+003  0.29004052E+003  0.52641389E+002  0.80066825E+002  0.80594292E+002  0.19673374E+003  0.19945281E+003  0.41279698E+003  0.41365889E+003  0.11781067E+003
   357.2682  0.30570835E+003  0.29469799E+003  0.53218814E+002  0.80946201E+002  0.81478904E+002  0.20044019E+003  0.20321380E+003  0.42038712E+003  0.42124811E+003  0.11974962E+003
   357.5188  0.31065752E+003  0.29948202E+003  0.53805787E+002  0.81840154E+002  0.82378164E+002  0.20425546E+003  0.20708519E+003  0.42820090E+003  0.42906099E+003  0.12174182E+003
   357.7694  0.31574231E+003  0.30439738E+003  0.54402522E+002  0.82749009E+002  0.83292397E+002  0.20818383E+003  0.21107136E+003  0.43624713E+003  0.43710634E+003  0.12378928E+003
   358.0201  0.32096787E+003  0.30944904E+003  0.55009235E+002  0.83673100E+002  0.84221936E+002  0.21222980E+003  0.21517684E+003  0.44453509E+003  0.44539343E+003  0.12589408E+003
   358.2707  0.32633958E+003  0.31464224E+003  0.55626151E+002  0.84612770E+002  0.85167127E+002  0.21639810E+003  0.21940646E+003  0.45307449E+003  0.45393199E+003  0.12805843E+003
   358.5213  0.33186311E+003  0.31998246E+003  0.56253498E+002  0.85568370E+002  0.86128322E+002  0.22069369E+003  0.22376523E+003  0.46187555E+003  0.46273224E+003  0.13028463E+003
   358.7719  0.33754439E+003  0.32547547E+003  0.56891515E+002  0.86540265E+002  0.87105886E+002  0.22512179E+003  0.22825846E+003  0.47094903E+003  0.47180493E+003  0.13257510E+003
   359.0226  0.34338968E+003  0.33112730E+003  0.57540443E+002  0.87528828E+002  0.88100191E+002  0.22968789E+003  0.23289171E+003  0.48030621E+003  0.48116134E+003  0.13493239E+003
   359.2732  0.34940552E+003  0.33694433E+003  0.58200533E+002  0.88534441E+002  0.89111624E+002  0.23439776E+003  0.23767084E+003  0.48995900E+003  0.49081339E+003  0.13735917E+003
   359.5238  0.35559883E+003  0.34293324E+003  0.58872042E+002  0.89557502E+002  0.90140580E+002  0.23925748E+003  0.24260203E+003  0.49991991E+003  0.50077358E+003  0.13985826E+003
   359.7744  0.36197684E+003  0.34910106E+003  0.59555235E+002  0.90598415E+002  0.91187466E+002  0.24427346E+003  0.24769177E+003  0.51020213E+003  0.51105512E+003  0.14243260E+003
   360.0251  0.36854720E+003  0.35545521E+003  0.60250385E+002  0.91657601E+002  0.92252702E+002  0.24945245E+003  0.25294690E+003  0.52081956E+003  0.52167190E+003  0.14508532E+003
   360.2757  0.37531797E+003  0.36200349E+003  0.60957773E+002  0.92735490E+002  0.93336720E+002  0.25480156E+003  0.25837466E+003  0.53178687E+003  0.53263859E+003  0.14781970E+003
   360.5263  0.38229760E+003  0.36875411E+003  0.61677686E+002  0.93832525E+002  0.94439963E+002  0.26032830E+003  0.26398266E+003  0.54311952E+003  0.54397066E+003  0.15063918E+003
   360.7769  0.38949506E+003  0.37571575E+003  0.62410423E+002  0.94949166E+002  0.95562891E+002  0.26604060E+003  0.26977895E+003  0.55483385E+003  0.55568444E+003  0.15354742E+003
   361.0276  0.39691977E+003  0.38289755E+003  0.63156289E+002  0.96085881E+002  0.96705975E+002  0.27194683E+003  0.27577201E+003  0.56694712E+003  0.56779720E+003  0.15654826E+003
   361.2782  0.40458169E+003  0.39030918E+003  0.63915600E+002  0.97243157E+002  0.97869699E+002  0.27805585E+003  0.28197084E+003  0.57947755E+003  0.58032717E+003  0.15964577E+003
   361.5288  0.41249135E+003  0.39796085E+003  0.64688682E+002  0.98421494E+002  0.99054566E+002  0.28437702E+003  0.28838493E+003  0.59244445E+003  0.59329365E+003  0.16284422E+003
   361.7794  0.42065987E+003  0.40586334E+003  0.65475868E+002  0.99621408E+002  0.10026109E+003  0.29092024E+003  0.29502434E+003  0.60586824E+003  0.60671705E+003  0.16614816E+003
   362.0301  0.42909902E+003  0.41402806E+003  0.66277504E+002  0.10084343E+003  0.10148980E+003  0.29769600E+003  0.30189970E+003  0.61977053E+003  0.62061902E+003  0.16956239E+003
   362.2807  0.43782125E+003  0.42246709E+003  0.67093946E+002  0.10208811E+003  0.10274126E+003  0.30471541E+003  0.30902230E+003  0.63417424E+003  0.63502246E+003  0.17309197E+003
   362.5313  0.44683976E+003  0.43119324E+003  0.67925560E+002  0.10335601E+003  0.10401601E+003  0.31199028E+003  0.31640410E+003  0.64910368E+003  0.64995168E+003  0.17674229E+003
   362.7820  0.45616854E+003  0.44022007E+003  0.68772725E+002  0.10464771E+003  0.10531465E+003  0.31953309E+003  0.32405778E+003  0.66458463E+003  0.66543248E+003  0.18051905E+003
   363.0326  0.46582241E+003  0.44956196E+003  0.69635830E+002  0.10596382E+003  0.10663778E+003  0.32735713E+003  0.33199682E+003  0.68064449E+003  0.68149224E+003  0.18442829E+003
   363.2832  0.47581714E+003  0.45923421E+003  0.70515278E+002  0.10730496E+003  0.10798602E+003  0.33547651E+003  0.34023555E+003  0.69731235E+003  0.69816008E+003  0.18847643E+003
   363.5338  0.48616945E+003  0.46925303E+003  0.71411483E+002  0.10867177E+003  0.10936000E+003  0.34390624E+003  0.34878918E+003  0.71461917E+003  0.71546695E+003  0.19267029E+003
   363.7845  0.49689712E+003  0.47963568E+003  0.72324875E+002  0.11006491E+003  0.11076040E+003  0.35266229E+003  0.35767392E+003  0.73259790E+003  0.73344581E+003  0.19701712E+003
   364.0351  0.50801910E+003  0.49040052E+003  0.73255894E+002  0.11148506E+003  0.11218789E+003  0.36176166E+003  0.36690703E+003  0.75128362E+003  0.75213174E+003  0.20152462E+003
   364.2857  0.51955552E+003  0.50156711E+003  0.74204998E+002  0.11293293E+003  0.11364317E+003  0.37122247E+003  0.37650689E+003  0.77071374E+003  0.77156215E+003  0.20620102E+003
   364.5363  0.53152788E+003  0.51315629E+003  0.75172658E+002  0.11440925E+003  0.11512698E+003  0.38106406E+003  0.38649313E+003  0.79092816E+003  0.79177697E+003  0.21105504E+003
   364.7870  0.54395909E+003  0.52519028E+003  0.76159360E+002  0.11591478E+003  0.11664007E+003  0.39130708E+003  0.39688670E+003  0.81196949E+003  0.81281881E+003  0.21609604E+003
   365.0376  0.55687360E+003  0.53769283E+003  0.77165607E+002  0.11745029E+003  0.11818321E+003  0.40197358E+003  0.40770996E+003  0.83388328E+003  0.83473320E+003  0.22133396E+003
   365.2882  0.57029757E+003  0.55068928E+003  0.78191918E+002  0.11901658E+003  0.11975721E+003  0.41308714E+003  0.41898687E+003  0.85671821E+003  0.85756886E+003  0.22677945E+003
   365.5388  0.58425894E+003  0.56420678E+003  0.79238831E+002  0.12061450E+003  0.12136290E+003  0.42467302E+003  0.43074303E+003  0.88052643E+003  0.88137794E+003  0.23244390E+003
   365.7895  0.59878766E+003  0.57827435E+003  0.80306900E+002  0.12224491E+003  0.12300114E+003  0.43675827E+003  0.44300590E+003  0.90536382E+003  0.90621632E+003  0.23833949E+003
   366.0401  0.61391579E+003  0.59292314E+003  0.81396698E+002  0.12390869E+003  0.12467281E+003  0.44937190E+003  0.45580491E+003  0.93129030E+003  0.93214394E+003  0.24447926E+003
   366.2907  0.62967775E+003  0.60818651E+003  0.82508819E+002  0.12560677E+003  0.12637883E+003  0.46254504E+003  0.46917167E+003  0.95837022E+003  0.95922515E+003  0.25087722E+003
   366.5414  0.64611049E+003  0.62410032E+003  0.83643877E+002  0.12734010E+003  0.12812016E+003  0.47631116E+003  0.48314012E+003  0.98667271E+003  0.98752912E+003  0.25754839E+003
   366.7920  0.66325370E+003  0.64070311E+003  0.84802506E+002  0.12910968E+003  0.12989778E+003  0.49070626E+003  0.49774679E+003  0.10162722E+004  0.10171302E+004  0.26450894E+003
   367.0426  0.68115015E+003  0.65803635E+003  0.85985364E+002  0.13091653E+003  0.13171271E+003  0.50576909E+003  0.51303100E+003  0.10472487E+004  0.10481086E+004  0.27177623E+003
   367.2932  0.69984585E+003  0.67614473E+003  0.87193129E+002  0.13276172E+003  0.13356601E+003  0.52154142E+003  0.52903515E+003  0.10796887E+004  0.10805507E+004  0.27936898E+003
   367.5439  0.71939048E+003  0.69507641E+003  0.88426507E+002  0.13464634E+003  0.13545876E+003  0.53806835E+003  0.54580499E+003  0.11136854E+004  0.11145497E+004  0.28730737E+003
   367.7945  0.73983765E+003  0.71488345E+003  0.89686226E+002  0.13657155E+003  0.13739211E+003  0.55539857E+003  0.56338994E+003  0.11493395E+004  0.11502064E+004  0.29561319E+003
   368.0451  0.76124532E+003  0.73562210E+003  0.90973042E+002  0.13853851E+003  0.13936723E+003  0.57358479E+003  0.58184347E+003  0.11867601E+004  0.11876299E+004  0.30430999E+003
   368.2957  0.78367626E+003  0.75735326E+003  0.92287736E+002  0.14054847E+003  0.14138533E+003  0.59268406E+003  0.60122347E+003  0.12260652E+004  0.12269381E+004  0.31342324E+003
   368.5464  0.80719847E+003  0.78014293E+003  0.93631120E+002  0.14260270E+003  0.14344767E+003  0.61275827E+003  0.62159274E+003  0.12673828E+004  0.12682592E+004  0.32298056E+003
   368.7970  0.83188578E+003  0.80406277E+003  0.95004035E+002  0.14470252E+003  0.14555558E+003  0.63387459E+003  0.64301945E+003  0.13108521E+004  0.13117324E+004  0.33301190E+003
   369.0476  0.85781842E+003  0.82919064E+003  0.96407351E+002  0.14684931E+003  0.14771041E+003  0.65610607E+003  0.66557772E+003  0.13566243E+004  0.13575088E+004  0.34354981E+003
   369.2982  0.88508369E+003  0.85561128E+003  0.97841973E+002  0.14904451E+003  0.14991357E+003  0.67953226E+003  0.68934826E+003  0.14048641E+004  0.14057533E+004  0.35462970E+003
   369.5489  0.91377679E+003  0.88341708E+003  0.99308838E+002  0.15128959E+003  0.15216653E+003  0.70423986E+003  0.71441906E+003  0.14557511E+004  0.14566455E+004  0.36629015E+003
   369.7995  0.94400160E+003  0.91270887E+003  0.10080892E+003  0.15358611E+003  0.15447082E+003  0.73032357E+003  0.74088620E+003  0.15094816E+004  0.15103817E+004  0.37857327E+003
   370.0501  0.97587172E+003  0.94359692E+003  0.10234323E+003  0.15593568E+003  0.15682801E+003  0.75788694E+003  0.76885475E+003  0.15662701E+004  0.15671765E+004  0.39152507E+003
   370.3008  0.10095115E+004  0.97620196E+003  0.10391282E+003  0.15833997E+003  0.15923976E+003  0.78704339E+003  0.79843982E+003  0.16263518E+004  0.16272652E+004  0.40519591E+003
   370.5514  0.10450575E+004  0.10106565E+004  0.10551877E+003  0.16080072E+003  0.16170778E+003  0.81791737E+003  0.82976767E+003  0.16899848E+004  0.16909057E+004  0.41964102E+003
   370.8020  0.10826596E+004  0.10471060E+004  0.10716222E+003  0.16331976E+003  0.16423385E+003  0.85064563E+003  0.86297708E+003  0.17574527E+004  0.17583820E+004  0.43492105E+003
   371.0526  0.11224829E+004  0.10857107E+004  0.10884434E+003  0.16589897E+003  0.16681983E+003  0.88537874E+003  0.89822083E+003  0.18290679E+004  0.18300065E+004  0.45110273E+003
   371.3033  0.11647094E+004  0.11266473E+004  0.11056636E+003  0.16854035E+003  0.16946765E+003  0.92228276E+003  0.93566741E+003  0.19051750E+004  0.19061238E+004  0.46825964E+003
   371.5539  0.12095403E+004  0.11701112E+004  0.11232955E+003  0.17124595E+003  0.17217932E+003  0.96154118E+003  0.97550302E+003  0.19861551E+004  0.19871152E+004  0.48647300E+003
   371.8045  0.12571982E+004  0.12163184E+004  0.11413523E+003  0.17401793E+003  0.17495695E+003  0.10033572E+004  0.10179338E+004  0.20724301E+004  0.20734026E+004  0.50583272E+003
   372.0551  0.13079304E+004  0.12655089E+004  0.11598478E+003  0.17685854E+003  0.17780272E+003  0.10479561E+004  0.10631885E+004  0.21644681E+004  0.21654545E+004  0.52643849E+003
   372.3058  0.13620115E+004  0.13179495E+004  0.11787962E+003  0.17977015E+003  0.18071892E+003  0.10955886E+004  0.11115213E+004  0.22627901E+004  0.22637916E+004  0.54840107E+003
   372.5564  0.14197478E+004  0.13739373E+004  0.11982126E+003  0.18275522E+003  0.18370793E+003  0.11465337E+004  0.11632155E+004  0.23679763E+004  0.23689948E+004  0.57184383E+003
   372.8070  0.14814812E+004  0.14338044E+004  0.12181125E+003  0.18581634E+003  0.18677226E+003  0.12011034E+004  0.12185876E+004  0.24806753E+004  0.24817126E+004  0.59690446E+003
   373.0576  0.15475949E+004  0.14979225E+004  0.12385120E+003  0.18895622E+003  0.18991450E+003  0.12596465E+004  0.12779915E+004  0.26016133E+004  0.26026714E+004  0.62373702E+003
   373.3083  0.16185185E+004  0.15667090E+004  0.12594280E+003  0.19217771E+003  0.19313739E+003  0.13225547E+004  0.13418248E+004  0.27316053E+004  0.27326866E+004  0.65251433E+003
   373.5589  0.16947359E+004  0.16406336E+004  0.12808781E+003  0.19548381E+003  0.19644379E+003  0.13902685E+004  0.14105344E+004  0.28715688E+004  0.28726761E+004  0.68343072E+003
   373.8095  0.17767932E+004  0.17202264E+004  0.13028807E+003  0.19887767E+003  0.19983668E+003  0.14632851E+004  0.14846247E+004  0.30225394E+004  0.30236756E+004  0.71670533E+003
   374.0602  0.18653082E+004  0.18060871E+004  0.13254550E+003  0.20236260E+003  0.20331922E+003  0.15421664E+004  0.15646660E+004  0.31856887E+004  0.31868573E+004  0.75258594E+003
   374.3108  0.19609825E+004  0.18988970E+004  0.13486208E+003  0.20594212E+003  0.20689469E+003  0.16275504E+004  0.16513056E+004  0.33623468E+004  0.33635518E+004  0.79135358E+003
   374.5614  0.20646146E+004  0.19994313E+004  0.13723992E+003  0.20961991E+003  0.21056657E+003  0.17201626E+004  0.17452799E+004  0.35540280E+004  0.35552739E+004  0.83332789E+003
   374.8120  0.21771170E+004  0.21085758E+004  0.13968119E+003  0.21339990E+003  0.21433851E+003  0.18208317E+004  0.18474296E+004  0.37624618E+004  0.37637538E+004  0.87887369E+003
   375.0627  0.22995354E+004  0.22273459E+004  0.14218817E+003  0.21728626E+003  0.21821435E+003  0.19305065E+004  0.19587173E+004  0.39896302E+004  0.39909742E+004  0.92840866E+003
   375.3133  0.24330728E+004  0.23569094E+004  0.14476325E+003  0.22128339E+003  0.22219815E+003  0.20502774E+004  0.20802498E+004  0.42378123E+004  0.42392154E+004  0.98241270E+003
   375.5639  0.25791178E+004  0.24986146E+004  0.14740892E+003  0.22539601E+003  0.22629420E+003  0.21814023E+004  0.22133033E+004  0.45096388E+004  0.45111089E+004  0.10414392E+004
   375.8145  0.27392800E+004  0.26540241E+004  0.15012779E+003  0.22962916E+003  0.23050705E+003  0.23253375E+004  0.23593556E+004  0.48081572E+004  0.48097038E+004  0.11061289E+004
   376.0652  0.29154322E+004  0.28249564E+004  0.15292260E+003  0.23398822E+003  0.23484152E+003  0.24837760E+004  0.25201245E+004  0.51369126E+004  0.51385467E+004  0.11772260E+004
   376.3158  0.31097629E+004  0.30135360E+004  0.15579621E+003  0.23847901E+003  0.23930274E+003  0.26586936E+004  0.26976149E+004  0.55000456E+004  0.55017801E+004  0.12555995E+004
   376.5664  0.33248405E+004  0.32222569E+004  0.15875164E+003  0.24310778E+003  0.24389618E+003  0.28524065E+004  0.28941773E+004  0.59024135E+004  0.59042637E+004  0.13422673E+004
   376.8170  0.35636933E+004  0.34540592E+004  0.16179202E+003  0.24788132E+003  0.24862769E+003  0.30676422E+004  0.31125789E+004  0.63497403E+004  0.63517242E+004  0.14384283E+004
   377.0677  0.38299088E+004  0.37124260E+004  0.16492067E+003  0.25280703E+003  0.25350356E+003  0.33076271E+004  0.33560940E+004  0.68488031E+004  0.68509422E+004  0.15455003E+004
   377.3183  0.41277579E+004  0.40015040E+004  0.16814107E+003  0.25789301E+003  0.25853056E+003  0.35761970E+004  0.36286146E+004  0.74076648E+004  0.74099851E+004  0.16651685E+004
   377.5689  0.44623511E+004  0.43262551E+004  0.17145686E+003  0.26314817E+003  0.26371602E+003  0.38779349E+004  0.39347911E+004  0.80359678E+004  0.80385002E+004  0.17994463E+004
   377.8195  0.48398358E+004  0.46926480E+004  0.17487191E+003  0.26858241E+003  0.26906790E+003  0.42183448E+004  0.42802086E+004  0.87453023E+004  0.87480846E+004  0.19507512E+004
   378.0702  0.52676464E+004  0.51079010E+004  0.17839024E+003  0.27420678E+003  0.27459492E+003  0.46040726E+004  0.46716108E+004  0.95496757E+004  0.95527534E+004  0.21220022E+004
   378.3208  0.57548229E+004  0.55807911E+004  0.18201615E+003  0.28003369E+003  0.28030668E+003  0.50431859E+004  0.51171839E+004  0.10466107E+005  0.10469536E+005  0.23167421E+004
   378.5714  0.63124165E+004  0.61220486E+004  0.18575412E+003  0.28607725E+003  0.28621381E+003  0.55455318E+004  0.56269199E+004  0.11515388E+005  0.11519237E+005  0.25392948E+004
   378.8221  0.69540091E+004  0.67448603E+004  0.18960894E+003  0.29235360E+003  0.29232819E+003  0.61231927E+004  0.62130788E+004  0.12723053E+005  0.12727406E+005  0.27949655E+004
   379.0727  0.76963735E+004  0.74655117E+004  0.19358564E+003  0.29888138E+003  0.29866321E+003  0.67910685E+004  0.68907800E+004  0.14120613E+005  0.14125576E+005  0.30902958E+004
   379.3233  0.85603126E+004  0.83042011E+004  0.19768957E+003  0.30568235E+003  0.30523407E+003  0.75676165E+004  0.76787522E+004  0.15747131E+005  0.15752835E+005  0.34333889E+004
   379.5739  0.95717082E+004  0.92860580E+004  0.20192642E+003  0.31278205E+003  0.31205820E+003  0.84757824E+004  0.86002787E+004  0.17651189E+005  0.17657798E+005  0.38343177E+004
   379.8246  0.10762806E+005  0.10442391E+005  0.20630224E+003  0.32021077E+003  0.31915573E+003  0.95441495E+004  0.96843632E+004  0.19893313E+005  0.19901030E+005  0.43056294E+004
   380.0752  0.12173717E+005  0.11812146E+005  0.21082348E+003  0.32800458E+003  0.32655008E+003  0.10808308E+005  0.10967119E+005  0.22548828E+005  0.22557908E+005  0.48629466E+004
   380.3258  0.13854027E+005  0.13443468E+005  0.21549706E+003  0.33620649E+003  0.33426859E+003  0.12312373E+005  0.12493312E+005  0.25710974E+005  0.25721731E+005  0.55256333E+004
   380.5764  0.15864169E+005  0.15395033E+005  0.22033037E+003  0.34486754E+003  0.34234309E+003  0.14110422E+005  0.14317814E+005  0.29493708E+005  0.29506519E+005  0.63174256E+004
   380.8271  0.18275763E+005  0.17736380E+005  0.22533133E+003  0.35404734E+003  0.35081020E+003  0.16267259E+005  0.16506382E+005  0.34032810E+005  0.34048117E+005  0.72667675E+004
   381.0777  0.21169215E+005  0.20545581E+005  0.23050839E+003  0.36381304E+003  0.35971073E+003  0.18857227E+005  0.19134454E+005  0.39482335E+005  0.39500618E+005  0.84062887E+004
   381.3283  0.24625223E+005  0.23900987E+005  0.23587049E+003  0.37423466E+003  0.36908724E+003  0.21958469E+005  0.22281323E+005  0.46000489E+005  0.46022190E+005  0.97702876E+004
   381.5789  0.28704335E+005  0.27861390E+005  0.24142683E+003  0.38537317E+003  0.37897758E+003  0.25637926E+005  0.26014914E+005  0.53714427E+005  0.53739787E+005  0.11388145E+005
   381.8296  0.33406064E+005  0.32426316E+005  0.24718650E+003  0.39725569E+003  0.38940166E+003  0.29919657E+005  0.30359644E+005  0.62648138E+005  0.62676885E+005  0.13270422E+005
   382.0802  0.38599927E+005  0.37469077E+005  0.25315766E+003  0.40983160E+003  0.40033805E+003  0.34728197E+005  0.35238939E+005  0.72597559E+005  0.72628412E+005  0.15384003E+005
   382.3308  0.43935019E+005  0.42648969E+005  0.25934645E+003  0.42291080E+003  0.41169136E+003  0.39806628E+005  0.40392104E+005  0.82959007E+005  0.82989111E+005  0.17616136E+005
   382.5815  0.48775006E+005  0.47348146E+005  0.26575589E+003  0.43610816E+003  0.42326355E+003  0.44638593E+005  0.45295191E+005  0.92586436E+005  0.92611128E+005  0.19740214E+005
   382.8321  0.52260769E+005  0.50732450E+005  0.27238616E+003  0.44885836E+003  0.43476339E+003  0.48456181E+005  0.49168989E+005  0.99860551E+005  0.99874216E+005  0.21419237E+005
   383.0827  0.53589331E+005  0.52022225E+005  0.27923746E+003  0.46057488E+003  0.44589242E+003  0.50437094E+005  0.51179095E+005  0.10316148E+006  0.10315980E+006  0.22292347E+005
   383.3333  0.52413144E+005  0.50880003E+005  0.28631528E+003  0.47092763E+003  0.45649156E+003  0.50073639E+005  0.50810336E+005  0.10163366E+006  0.10161605E+006  0.22136762E+005
   383.5840  0.49046425E+005  0.47610859E+005  0.29363453E+003  0.48004399E+003  0.46664402E+003  0.47463260E+005  0.48161575E+005  0.95682678E+005  0.95652751E+005  0.20995269E+005
   383.8346  0.44277812E+005  0.42980512E+005  0.30121862E+003  0.48844450E+003  0.47663771E+003  0.43249473E+005  0.43885793E+005  0.86732492E+005  0.86696015E+005  0.19150296E+005
   384.0852  0.38972487E+005  0.37829013E+005  0.30909454E+003  0.49677665E+003  0.48682415E+003  0.38272009E+005  0.38835080E+005  0.76481339E+005  0.76443650E+005  0.16970369E+005
   384.3358  0.33782002E+005  0.32788994E+005  0.31728827E+003  0.50557574E+003  0.49749441E+003  0.33233513E+005  0.33722427E+005  0.66279610E+005  0.66244254E+005  0.14763851E+005
   384.5865  0.29071510E+005  0.28215005E+005  0.32582307E+003  0.51517672E+003  0.50883474E+003  0.28566843E+005  0.28987067E+005  0.56923858E+005  0.56892555E+005  0.12720708E+005
   384.8371  0.24980944E+005  0.24242920E+005  0.33471998E+003  0.52574132E+003  0.52094187E+003  0.24464742E+005  0.24824582E+005  0.48746648E+005  0.48719856E+005  0.10925529E+005
   385.0877  0.21515777E+005  0.20878052E+005  0.34399917E+003  0.53732205E+003  0.53385674E+003  0.20965000E+005  0.21273321E+005  0.41791738E+005  0.41769233E+005  0.93949088E+004
   385.3383  0.18617504E+005  0.18063599E+005  0.35368105E+003  0.54991731E+003  0.54759343E+003  0.18025938E+005  0.18290993E+005  0.35959627E+005  0.35940895E+005  0.81105664E+004
   385.5890  0.16205894E+005  0.15721659E+005  0.36378713E+003  0.56350636E+003  0.56215734E+003  0.15574833E+005  0.15803804E+005  0.31098032E+005  0.31082494E+005  0.70405994E+004
   385.8396  0.14200286E+005  0.13773913E+005  0.37434046E+003  0.57806779E+003  0.57755486E+003  0.13533650E+005  0.13732571E+005  0.27048846E+005  0.27035953E+005  0.61507756E+004
   386.0902  0.12528545E+005  0.12150320E+005  0.38536594E+003  0.59358784E+003  0.59379778E+003  0.11830597E+005  0.12004445E+005  0.23668621E+005  0.23657899E+005  0.54096028E+004
   386.3409  0.11129688E+005  0.10791667E+005  0.39689055E+003  0.61006339E+003  0.61090488E+003  0.10404103E+005  0.10556948E+005  0.20835192E+005  0.20826245E+005  0.47900769E+004
   386.5915  0.99536379E+004  0.96493298E+004  0.40894352E+003  0.62750240E+003  0.62890233E+003  0.92032228E+004  0.93383872E+004  0.18447834E+005  0.18440339E+005  0.42698575E+004
   386.8421  0.89598768E+004  0.86839673E+004  0.42155650E+003  0.64592337E+003  0.64782347E+003  0.81865751E+004  0.83067700E+004  0.16424873E+005  0.16418569E+005  0.38308021E+004
   387.0927  0.81158424E+004  0.78639610E+004  0.43476377E+003  0.66535453E+003  0.66770862E+003  0.73208381E+004  0.74282847E+004  0.14700592E+005  0.14695271E+005  0.34583072E+004
   387.3434  0.73954145E+004  0.71639480E+004  0.44860241E+003  0.68583312E+003  0.68860479E+003  0.65792633E+004  0.66757890E+004  0.13222243E+005  0.13217734E+005  0.31406553E+004
   387.5940  0.67776190E+004  0.65635620E+004  0.46311260E+003  0.70740478E+003  0.71056564E+003  0.59403693E+004  0.60274853E+004  0.11947448E+005  0.11943617E+005  0.28684420E+004
   387.8446  0.62455668E+004  0.60464027E+004  0.47833787E+003  0.73012326E+003  0.73365143E+003  0.53868602E+004  0.54658231E+004  0.10842071E+005  0.10838807E+005  0.26341018E+004
   388.0952  0.57856053E+004  0.55992121E+004  0.49432541E+003  0.75405020E+003  0.75792927E+003  0.49047559E+004  0.49766165E+004  0.98784984E+004  0.98757120E+004  0.24315261E+004
   388.3459  0.53866494E+004  0.52112254E+004  0.51112643E+003  0.77925525E+003  0.78347335E+003  0.44827032E+004  0.45483450E+004  0.90342880E+004  0.90319064E+004  0.22557614E+004
   388.5965  0.50396568E+004  0.48736607E+004  0.52879656E+003  0.80581624E+003  0.81036539E+003  0.41114347E+004  0.41716049E+004  0.82911062E+004  0.82890693E+004  0.21027722E+004
   388.8471  0.47372172E+004  0.45793208E+004  0.54739629E+003  0.83381957E+003  0.83869515E+003  0.37833453E+004  0.38386792E+004  0.76338948E+004  0.76321529E+004  0.19692551E+004
   389.0977  0.44732303E+004  0.43222802E+004  0.56699149E+003  0.86336075E+003  0.86856110E+003  0.34921601E+004  0.35432005E+004  0.70502187E+004  0.70487306E+004  0.18524933E+004
   389.3484  0.42426539E+004  0.40976403E+004  0.58765397E+003  0.89454510E+003  0.90007117E+003  0.32326738E+004  0.32798867E+004  0.65297536E+004  0.65284849E+004  0.17502431E+004
   389.5990  0.40413047E+004  0.39013366E+004  0.60946214E+003  0.92748855E+003  0.93334371E+003  0.30005453E+004  0.30443330E+004  0.60638828E+004  0.60628046E+004  0.16606434E+004
   389.8496  0.38657016E+004  0.37299858E+004  0.63250172E+003  0.96231862E+003  0.96850851E+003  0.27921358E+004  0.28328470E+004  0.56453776E+004  0.56444654E+004  0.15821458E+004
   390.1003  0.37129409E+004  0.35807652E+004  0.65686659E+003  0.99917567E+003  0.10057081E+004  0.26043799E+004  0.26423181E+004  0.52681436E+004  0.52673768E+004  0.15134576E+004
   390.3509  0.35805978E+004  0.34513164E+004  0.68265969E+003  0.10382141E+004  0.10450989E+004  0.24346828E+004  0.24701131E+004  0.49270181E+004  0.49263790E+004  0.14534983E+004
   390.6015  0.34666466E+004  0.33396688E+004  0.70999414E+003  0.10796041E+004  0.10868531E+004  0.22808377E+004  0.23139929E+004  0.46176077E+004  0.46170812E+004  0.14013630E+004
   390.8521  0.33693984E+004  0.32441776E+004  0.73899439E+003  0.11235333E+004  0.11311605E+004  0.21409599E+004  0.21720448E+004  0.43361569E+004  0.43357300E+004  0.13562946E+004
   391.1028  0.32874496E+004  0.31634751E+004  0.76979768E+003  0.11702089E+004  0.11782304E+004  0.20134323E+004  0.20426281E+004  0.40794422E+004  0.40791036E+004  0.13176608E+004
   391.3534  0.32196418E+004  0.30964309E+004  0.80255556E+003  0.12198599E+004  0.12282941E+004  0.18968624E+004  0.19243295E+004  0.38446853E+004  0.38444253E+004  0.12849357E+004
   391.6040  0.31650292E+004  0.30421205E+004  0.83743574E+003  0.12727401E+004  0.12816076E+004  0.17900459E+004  0.18159271E+004  0.36294824E+004  0.36292926E+004  0.12576852E+004
   391.8546  0.31228530E+004  0.29998003E+004  0.87462420E+003  0.13291312E+004  0.13384551E+004  0.16919379E+004  0.17163604E+004  0.34317463E+004  0.34316191E+004  0.12355554E+004
   392.1053  0.30925212E+004  0.29688878E+004  0.91432759E+003  0.13893461E+004  0.13991523E+004  0.16016281E+004  0.16247056E+004  0.32496577E+004  0.32495866E+004  0.12182632E+004
   392.3559  0.30735929E+004  0.29489465E+004  0.95677600E+003  0.14537338E+004  0.14640508E+004  0.15183209E+004  0.15401555E+004  0.30816259E+004  0.30816053E+004  0.12055889E+004
   392.6065  0.30657670E+004  0.29396747E+004  0.10022263E+004  0.15226837E+004  0.15335434E+004  0.14413190E+004  0.14620023E+004  0.29262557E+004  0.29262803E+004  0.11973711E+004
   392.8571  0.30688741E+004  0.29408972E+004  0.10509657E+004  0.15966314E+004  0.16080691E+004  0.13700090E+004  0.13896233E+004  0.27823189E+004  0.27823843E+004  0.11935021E+004
   393.1078  0.30828719E+004  0.29525610E+004  0.11033164E+004  0.16760657E+004  0.16881205E+004  0.13038497E+004  0.13224695E+004  0.26487319E+004  0.26488340E+004  0.11939258E+004
   393.3584  0.31078433E+004  0.29747334E+004  0.11596406E+004  0.17615362E+004  0.17742517E+004  0.12423624E+004  0.12600549E+004  0.25245354E+004  0.25246707E+004  0.11986360E+004
   393.6090  0.31439973E+004  0.30076024E+004  0.12203466E+004  0.18536626E+004  0.18670868E+004  0.11851227E+004  0.12019485E+004  0.24088783E+004  0.24090433E+004  0.12076762E+004
   393.8596  0.31916738E+004  0.30514807E+004  0.12858960E+004  0.19531451E+004  0.19673317E+004  0.11317529E+004  0.11477671E+004  0.23010029E+004  0.23011948E+004  0.12211404E+004
   394.1103  0.32513501E+004  0.31068127E+004  0.13568119E+004  0.20607780E+004  0.20757866E+004  0.10819164E+004  0.10971689E+004  0.22002337E+004  0.22004498E+004  0.12391753E+004
   394.3609  0.33236517E+004  0.31741838E+004  0.14336891E+004  0.21774641E+004  0.21933611E+004  0.10353125E+004  0.10498484E+004  0.21059667E+004  0.21062045E+004  0.12619837E+004
   394.6115  0.34093665E+004  0.32543341E+004  0.15172062E+004  0.23042333E+004  0.23210931E+004  0.99167187E+003  0.10055322E+004  0.20176605E+004  0.20179178E+004  0.12898292E+004
   394.8622  0.35094636E+004  0.33481759E+004  0.16081395E+004  0.24422643E+004  0.24601699E+004  0.95075281E+003  0.96397464E+003  0.19348290E+004  0.19351037E+004  0.13230427E+004
   395.1128  0.36251167E+004  0.34568159E+004  0.17073805E+004  0.25929103E+004  0.26119552E+004  0.91233804E+003  0.92495488E+003  0.18570349E+004  0.18573250E+004  0.13620305E+004
   395.3634  0.37577336E+004  0.35815832E+004  0.18159564E+004  0.27577310E+004  0.27780202E+004  0.87623186E+003  0.88827395E+003  0.17838838E+004  0.17841876E+004  0.14072849E+004
   395.6140  0.39089932E+004  0.37240643E+004  0.19350556E+004  0.29385301E+004  0.29601823E+004  0.84225772E+003  0.85375222E+003  0.17150197E+004  0.17153353E+004  0.14593971E+004
   395.8647  0.40808913E+004  0.38861462E+004  0.20660578E+004  0.31374026E+004  0.31605520E+004  0.81025613E+003  0.82122731E+003  0.16501203E+004  0.16504461E+004  0.15190735E+004
   396.1153  0.42757972E+004  0.40700701E+004  0.22105716E+004  0.33567905E+004  0.33815898E+004  0.78008286E+003  0.79055220E+003  0.15888939E+004  0.15892282E+004  0.15871563E+004
   396.3659  0.44965240E+004  0.42784980E+004  0.23704806E+004  0.35995535E+004  0.36261768E+004  0.75160733E+003  0.76159365E+003  0.15310756E+004  0.15314169E+004  0.16646480E+004
   396.6165  0.47464161E+004  0.45145956E+004  0.25480001E+004  0.38690551E+004  0.38977015E+004  0.72471128E+003  0.73423077E+003  0.14764252E+004  0.14767719E+004  0.17527435E+004
   396.8672  0.50294583E+004  0.47821358E+004  0.27457476E+004  0.41692692E+004  0.42001676E+004  0.69928763E+003  0.70835386E+003  0.14247242E+004  0.14250747E+004  0.18528689E+004
   397.1178  0.53504127E+004  0.50856277E+004  0.29668308E+004  0.45049139E+004  0.45383286E+004  0.67523943E+003  0.68386328E+003  0.13757740E+004  0.13761265E+004  0.19667305E+004
   397.3684  0.57149896E+004  0.54304793E+004  0.32149578E+004  0.48816192E+004  0.49178565E+004  0.65247908E+003  0.66066867E+003  0.13293940E+004  0.13297470E+004  0.20963767E+004
   397.6190  0.61300647E+004  0.58232028E+004  0.34945760E+004  0.53061372E+004  0.53455538E+004  0.63092759E+003  0.63868809E+003  0.12854203E+004  0.12857718E+004  0.22442756E+004
   397.8697  0.66039529E+004  0.62716742E+004  0.38110478E+004  0.57866093E+004  0.58296230E+004  0.61051409E+003  0.61784748E+003  0.12437042E+004  0.12440522E+004  0.24134140E+004
   398.1203  0.71467572E+004  0.67854637E+004  0.41708736E+004  0.63329050E+004  0.63800071E+004  0.59117539E+003  0.59808012E+003  0.12041110E+004  0.12044533E+004  0.26074223E+004
   398.3709  0.77708129E+004  0.73762566E+004  0.45819764E+004  0.69570532E+004  0.70088249E+004  0.57285576E+003  0.57932626E+003  0.11665195E+004  0.11668538E+004  0.28307348E+004
   398.6216  0.84912555E+004  0.80583912E+004  0.50540642E+004  0.76737935E+004  0.77309263E+004  0.55550681E+003  0.56153294E+003  0.11308216E+004  0.11311450E+004  0.30887938E+004
   398.8722  0.93267453E+004  0.88495456E+004  0.55990942E+004  0.85012797E+004  0.85646007E+004  0.53908763E+003  0.54465383E+003  0.10969213E+004  0.10972307E+004  0.33883104E+004
   399.1228  0.10300390E+005  0.97716116E+004  0.62318617E+004  0.94619750E+004  0.95324790E+004  0.52356504E+003  0.52864935E+003  0.10647352E+004  0.10650269E+004  0.37375962E+004
   399.3734  0.11440910E+005  0.10851799E+005  0.69707448E+004  0.10583782E+005  0.10662673E+005  0.50891419E+003  0.51348690E+003  0.10341927E+004  0.10344623E+004  0.41469831E+004
   399.6241  0.12784085E+005  0.12124005E+005  0.78386295E+004  0.11901448E+005  0.11990188E+005  0.49511930E+003  0.49914131E+003  0.10052364E+004  0.10054787E+004  0.46293436E+004
   399.8747  0.14374501E+005  0.13630471E+005  0.88640241E+004  0.13458256E+005  0.13558631E+005  0.48217475E+003  0.48559546E+003  0.97782320E+003  0.97803196E+003  0.52007188E+004
   400.1253  0.16267529E+005  0.15423656E+005  0.10082326E+005  0.15307948E+005  0.15422147E+005  0.47008641E+003  0.47284109E+003  0.95192526E+003  0.95209296E+003  0.58810317E+004
   400.3759  0.18531311E+005  0.17568121E+005  0.11537088E+005  0.17516649E+005  0.17647354E+005  0.45887288E+003  0.46087965E+003  0.92753151E+003  0.92764900E+003  0.66948010E+004
   400.6266  0.21248127E+005  0.20141818E+005  0.13280895E+005  0.20164196E+005  0.20314685E+005  0.44856641E+003  0.44972277E+003  0.90464822E+003  0.90470442E+003  0.76716331E+004
   400.8772  0.24513736E+005  0.23235472E+005  0.15374938E+005  0.23343495E+005  0.23517740E+005  0.43921215E+003  0.43939173E+003  0.88329811E+003  0.88327962E+003  0.88459850E+004
   401.1278  0.28431810E+005  0.26947304E+005  0.17885463E+005  0.27155122E+005  0.27357848E+005  0.43086354E+003  0.42991425E+003  0.86351498E+003  0.86340597E+003  0.10255161E+005
   401.3784  0.33098030E+005  0.31367967E+005  0.20873613E+005  0.31691909E+005  0.31928532E+005  0.42356967E+003  0.42131560E+003  0.84532951E+003  0.84511186E+003  0.11933591E+005
   401.6291  0.38564946E+005  0.36547244E+005  0.24372970E+005  0.37004844E+005  0.37281163E+005  0.41734731E+003  0.41359933E+003  0.82873796E+003  0.82839230E+003  0.13900183E+005
   401.8797  0.44776254E+005  0.42431794E+005  0.28347584E+005  0.43039343E+005  0.43360749E+005  0.41212890E+003  0.40671133E+003  0.81364416E+003  0.81315247E+003  0.16134675E+005
   402.1303  0.51465330E+005  0.48769007E+005  0.32627144E+005  0.49536831E+005  0.49906782E+005  0.40768237E+003  0.40048435E+003  0.79976999E+003  0.79912068E+003  0.18541119E+005
   402.3810  0.58042929E+005  0.55000612E+005  0.36835243E+005  0.55925823E+005  0.56343509E+005  0.40352232E+003  0.39457671E+003  0.78655647E+003  0.78575205E+003  0.20907473E+005
   402.6316  0.63563622E+005  0.60230878E+005  0.40367937E+005  0.61289372E+005  0.61747131E+005  0.39888344E+003  0.38845388E+003  0.77313398E+003  0.77219960E+003  0.22893521E+005
   402.8822  0.66913114E+005  0.63404085E+005  0.42513405E+005  0.64546750E+005  0.65028847E+005  0.39286829E+003  0.38149050E+003  0.75848680E+003  0.75747430E+003  0.24098278E+005
   403.1328  0.67258582E+005  0.63731189E+005  0.42739636E+005  0.64890222E+005  0.65374888E+005  0.38480274E+003  0.37321572E+003  0.74184892E+003  0.74083009E+003  0.24222052E+005
   403.3835  0.64505000E+005  0.61122159E+005  0.40985936E+005  0.62227640E+005  0.62692418E+005  0.37459610E+003  0.36356187E+003  0.72310511E+003  0.72215404E+003  0.23230644E+005
   403.6341  0.59352775E+005  0.56240582E+005  0.37699748E+005  0.57238338E+005  0.57665845E+005  0.36278660E+003  0.35289576E+003  0.70284149E+003  0.70201547E+003  0.21376097E+005
   403.8847  0.52899266E+005  0.50126134E+005  0.33582093E+005  0.50986652E+005  0.51367456E+005  0.35022669E+003  0.34180143E+003  0.68199493E+003  0.68132502E+003  0.19053299E+005
   404.1353  0.46153552E+005  0.43734846E+005  0.29277597E+005  0.44451293E+005  0.44783274E+005  0.33769996E+003  0.33081566E+003  0.66142637E+003  0.66091945E+003  0.16625367E+005
   404.3860  0.39786222E+005  0.37702059E+005  0.25214654E+005  0.38282675E+005  0.38568573E+005  0.32572354E+003  0.32029147E+003  0.64170062E+003  0.64134754E+003  0.14333615E+005
   404.6366  0.34126378E+005  0.32339573E+005  0.21603507E+005  0.32800001E+005  0.33044942E+005  0.31454565E+003  0.31039651E+003  0.62308364E+003  0.62286736E+003  0.12296469E+005
   404.8872  0.29266965E+005  0.27735447E+005  0.18503538E+005  0.28093429E+005  0.28303210E+005  0.30422876E+003  0.30117034E+003  0.60563506E+003  0.60553633E+003  0.10547376E+005
   405.1378  0.25172543E+005  0.23856103E+005  0.15892114E+005  0.24128598E+005  0.24308760E+005  0.29473460E+003  0.29258321E+003  0.58930288E+003  0.58930330E+003  0.90735808E+004
   405.3885  0.21753013E+005  0.20616180E+005  0.13711684E+005  0.20818130E+005  0.20973562E+005  0.28598229E+003  0.28457612E+003  0.57398818E+003  0.57407151E+003  0.78426617E+004
   405.6391  0.18904554E+005  0.17917313E+005  0.11895933E+005  0.18061339E+005  0.18196178E+005  0.27788070E+003  0.27708317E+003  0.55958104E+003  0.55973354E+003  0.68172572E+004
   405.8897  0.16528880E+005  0.15666384E+005  0.10382079E+005  0.15762907E+005  0.15880577E+005  0.27034353E+003  0.27004194E+003  0.54597745E+003  0.54618772E+003  0.59619986E+004
   406.1404  0.14540520E+005  0.13782412E+005  0.91155269E+004  0.13839944E+005  0.13943250E+005  0.26329507E+003  0.26339751E+003  0.53308557E+003  0.53334428E+003  0.52461277E+004
   406.3910  0.12868235E+005  0.12197904E+005  0.80507731E+004  0.12223365E+005  0.12314596E+005  0.25667130E+003  0.25710313E+003  0.52082699E+003  0.52112651E+003  0.46440090E+004
   406.6416  0.11453946E+005  0.10857834E+005  0.71507204E+004  0.10856845E+005  0.10937868E+005  0.25041897E+003  0.25111967E+003  0.50913569E+003  0.50946977E+003  0.41347418E+004
   406.8922  0.10250809E+005  0.97178208E+004  0.63854489E+004  0.96949586E+004  0.97673033E+004  0.24449413E+003  0.24541448E+003  0.49795630E+003  0.49831984E+003  0.37014688E+004
   407.1429  0.92212047E+004  0.87422222E+004  0.57309315E+004  0.87012259E+004  0.87661483E+004  0.23886042E+003  0.23996033E+003  0.48724231E+003  0.48763109E+003  0.33306524E+004
   407.3935  0.83349327E+004  0.79024245E+004  0.51678790E+004  0.78463612E+004  0.79048987E+004  0.23348771E+003  0.23473435E+003  0.47695439E+003  0.47736494E+003  0.30114242E+004
   407.6441  0.75676949E+004  0.71754073E+004  0.46807738E+004  0.71068043E+004  0.71598184E+004  0.22835083E+003  0.22971725E+003  0.46705907E+003  0.46748847E+003  0.27350401E+004
   407.8947  0.68998726E+004  0.65425828E+004  0.42570866E+004  0.64635329E+004  0.65117427E+004  0.22342862E+003  0.22489255E+003  0.45752757E+003  0.45797341E+003  0.24944399E+004
   408.1454  0.63155529E+004  0.59888746E+004  0.38866557E+004  0.59011185E+004  0.59451281E+004  0.21870311E+003  0.22024610E+003  0.44833497E+003  0.44879520E+003  0.22838969E+004
   408.3960  0.58017638E+004  0.55019924E+004  0.35611976E+004  0.54069847E+004  0.54473042E+004  0.21415893E+003  0.21576563E+003  0.43945945E+003  0.43993234E+003  0.20987427E+004
   408.6466  0.53478739E+004  0.50718637E+004  0.32739242E+004  0.49708253E+004  0.50078878E+004  0.20978279E+003  0.21144037E+003  0.43088176E+003  0.43136584E+003  0.19351515E+004
   408.8972  0.49451232E+004  0.46901889E+004  0.30192424E+004  0.45841487E+004  0.46183238E+004  0.20556314E+003  0.20726083E+003  0.42258476E+003  0.42307876E+003  0.17899704E+004
   409.1479  0.45862545E+004  0.43500919E+004  0.27925191E+004  0.42399205E+004  0.42715253E+004  0.20148980E+003  0.20321857E+003  0.41455311E+003  0.41505594E+003  0.16605877E+004
   409.3985  0.42652231E+004  0.40458460E+004  0.25898956E+004  0.39322823E+004  0.39615901E+004  0.19755380E+003  0.19930599E+003  0.40677291E+003  0.40728364E+003  0.15448279E+004
   409.6491  0.39769686E+004  0.37726564E+004  0.24081420E+004  0.36563300E+004  0.36835774E+004  0.19374710E+003  0.19551626E+003  0.39923158E+003  0.39974938E+003  0.14408697E+004
   409.8997  0.37172327E+004  0.35264887E+004  0.22445405E+004  0.34079374E+004  0.34333304E+004  0.19006251E+003  0.19184316E+003  0.39191758E+003  0.39244174E+003  0.13471805E+004
   410.1504  0.34824149E+004  0.33039316E+004  0.20967934E+004  0.31836161E+004  0.32073344E+004  0.18649354E+003  0.18828101E+003  0.38482032E+003  0.38535022E+003  0.12624645E+004
   410.4010  0.32694565E+004  0.31020871E+004  0.19629491E+004  0.29804030E+004  0.30026043E+004  0.18303425E+003  0.18482461E+003  0.37793003E+003  0.37846511E+003  0.11856207E+004
   410.6516  0.30757473E+004  0.29184821E+004  0.18413424E+004  0.27957698E+004  0.28165929E+004  0.17967927E+003  0.18146913E+003  0.37123765E+003  0.37177743E+003  0.11157095E+004
   410.9023  0.28990505E+004  0.27509972E+004  0.17305465E+004  0.26275502E+004  0.26471177E+004  0.17642364E+003  0.17821013E+003  0.36473475E+003  0.36527878E+003  0.10519260E+004
   411.1529  0.27374409E+004  0.25978086E+004  0.16293335E+004  0.24738802E+004  0.24923007E+004  0.17326278E+003  0.17504347E+003  0.35841344E+003  0.35896135E+003  0.99357701E+003
   411.4035  0.25892554E+004  0.24573403E+004  0.15366430E+004  0.23331495E+004  0.23505197E+004  0.17019248E+003  0.17196527E+003  0.35226637E+003  0.35281780E+003  0.94006394E+003
   411.6541  0.24530515E+004  0.23282256E+004  0.14515552E+004  0.22039619E+004  0.22203680E+004  0.16720880E+003  0.16897193E+003  0.34628661E+003  0.34684125E+003  0.89086752E+003
   411.9048  0.23275737E+004  0.22092751E+004  0.13732701E+004  0.20851025E+004  0.21006216E+004  0.16430810E+003  0.16606006E+003  0.34046764E+003  0.34102523E+003  0.84553580E+003
   412.1554  0.22117255E+004  0.20994497E+004  0.13010887E+004  0.19755102E+004  0.19902115E+004  0.16148695E+003  0.16322646E+003  0.33480334E+003  0.33536361E+003  0.80367398E+003
   412.4060  0.21045460E+004  0.19978390E+004  0.12343987E+004  0.18742554E+004  0.18882013E+004  0.15874215E+003  0.16046814E+003  0.32928788E+003  0.32985061E+003  0.76493612E+003
   412.6566  0.20051902E+004  0.19036424E+004  0.11726622E+004  0.17805213E+004  0.17937678E+004  0.15607070E+003  0.15778226E+003  0.32391579E+003  0.32448077E+003  0.72901806E+003
   412.9073  0.19129134E+004  0.18161543E+004  0.11154046E+004  0.16935874E+004  0.17061854E+004  0.15346975E+003  0.15516612E+003  0.31868185E+003  0.31924889E+003  0.69565159E+003
   413.1579  0.18270568E+004  0.17347503E+004  0.10622066E+004  0.16128171E+004  0.16248126E+004  0.15093665E+003  0.15261720E+003  0.31358112E+003  0.31415006E+003  0.66459951E+003
   413.4085  0.17470360E+004  0.16588769E+004  0.10126964E+004  0.15376458E+004  0.15490805E+004  0.14846886E+003  0.15013308E+003  0.30860891E+003  0.30917958E+003  0.63565144E+003
   413.6591  0.16723316E+004  0.15880419E+004  0.96654327E+003  0.14675716E+004  0.14784837E+004  0.14606401E+003  0.14771147E+003  0.30376073E+003  0.30433299E+003  0.60862030E+003
   413.9098  0.16024805E+004  0.15218064E+004  0.92345273E+003  0.14021472E+004  0.14125713E+004  0.14371981E+003  0.14535019E+003  0.29903234E+003  0.29960606E+003  0.58333930E+003
   414.1604  0.15370686E+004  0.14597782E+004  0.88316150E+003  0.13409729E+004  0.13509408E+004  0.14143414E+003  0.14304717E+003  0.29441966E+003  0.29499472E+003  0.55965936E+003
   414.4110  0.14757252E+004  0.14016059E+004  0.84543387E+003  0.12836909E+004  0.12932316E+004  0.13920493E+003  0.14080042E+003  0.28991882E+003  0.29049510E+003  0.53744692E+003
   414.6617  0.14181173E+004  0.13469739E+004  0.81005823E+003  0.12299799E+004  0.12391201E+004  0.13703025E+003  0.13860805E+003  0.28552612E+003  0.28610352E+003  0.51658206E+003
   414.9123  0.13639453E+004  0.12955985E+004  0.77684426E+003  0.11795509E+004  0.11883150E+004  0.13490825E+003  0.13646828E+003  0.28123800E+003  0.28181643E+003  0.49695684E+003
   415.1629  0.13129389E+004  0.12472235E+004  0.74562037E+003  0.11321433E+004  0.11405541E+004  0.13283717E+003  0.13437936E+003  0.27705109E+003  0.27763046E+003  0.47847393E+003
   415.4135  0.12648541E+004  0.12016175E+004  0.71623158E+003  0.10875220E+004  0.10956001E+004  0.13081530E+003  0.13233966E+003  0.27296214E+003  0.27354236E+003  0.46104536E+003
   415.6642  0.12194696E+004  0.11585712E+004  0.68853761E+003  0.10454739E+004  0.10532385E+004  0.12884105E+003  0.13034760E+003  0.26896803E+003  0.26954903E+003  0.44459150E+003
   415.9148  0.11765851E+004  0.11178944E+004  0.66241128E+003  0.10058059E+004  0.10132748E+004  0.12691288E+003  0.12840166E+003  0.26506579E+003  0.26564750E+003  0.42904009E+003
   416.1654  0.11360182E+004  0.10794144E+004  0.63773704E+003  0.96834256E+003  0.97553231E+003  0.12502931E+003  0.12650039E+003  0.26125256E+003  0.26183491E+003  0.41432545E+003
   416.4160  0.10976031E+004  0.10429741E+004  0.61440976E+003  0.93292432E+003  0.93985012E+003  0.12318893E+003  0.12464242E+003  0.25752559E+003  0.25810852E+003  0.40038781E+003
   416.6667  0.10611883E+004  0.10084301E+004  0.59233361E+003  0.89940564E+003  0.90608166E+003  0.12139039E+003  0.12282639E+003  0.25388225E+003  0.25446570E+003  0.38717263E+003
   416.9173  0.10266358E+004  0.97565140E+003  0.57142107E+003  0.86765367E+003  0.87409309E+003  0.11963239E+003  0.12105105E+003  0.25032000E+003  0.25090392E+003  0.37463010E+003
   417.1679  0.99381914E+003  0.94451814E+003  0.55159214E+003  0.83754692E+003  0.84376203E+003  0.11791370E+003  0.11931514E+003  0.24683642E+003  0.24742076E+003  0.36271465E+003
   417.4185  0.96262236E+003  0.91492056E+003  0.53277353E+003  0.80897413E+003  0.81497637E+003  0.11623311E+003  0.11761750E+003  0.24342916E+003  0.24401387E+003  0.35138451E+003
   417.6692  0.93293918E+003  0.88675788E+003  0.51489802E+003  0.78183325E+003  0.78763330E+003  0.11458949E+003  0.11595699E+003  0.24009598E+003  0.24068100E+003  0.34060136E+003
   417.9198  0.90467188E+003  0.85993751E+003  0.49790388E+003  0.75603053E+003  0.76163839E+003  0.11298172E+003  0.11433251E+003  0.23683470E+003  0.23742001E+003  0.33032995E+003
   418.1704  0.87773055E+003  0.83437423E+003  0.48173431E+003  0.73147976E+003  0.73690476E+003  0.11140875E+003  0.11274301E+003  0.23364324E+003  0.23422879E+003  0.32053787E+003
   418.4211  0.85203231E+003  0.80998950E+003  0.46633701E+003  0.70810152E+003  0.71335241E+003  0.10986957E+003  0.11118749E+003  0.23051960E+003  0.23110535E+003  0.31119524E+003
   418.6717  0.82750071E+003  0.78671086E+003  0.45166375E+003  0.68582258E+003  0.69090756E+003  0.10836319E+003  0.10966496E+003  0.22746183E+003  0.22804776E+003  0.30227448E+003
   418.9223  0.80406509E+003  0.76447135E+003  0.43766998E+003  0.66457531E+003  0.66950208E+003  0.10688867E+003  0.10817448E+003  0.22446808E+003  0.22505414E+003  0.29375011E+003
   419.1729  0.78166010E+003  0.74320904E+003  0.42431453E+003  0.64429719E+003  0.64907297E+003  0.10544511E+003  0.10671516E+003  0.22153654E+003  0.22212270E+003  0.28559856E+003
   419.4236  0.76022522E+003  0.72286655E+003  0.41155927E+003  0.62493035E+003  0.62956195E+003  0.10403161E+003  0.10528611E+003  0.21866548E+003  0.21925172E+003  0.27779799E+003
   419.6742  0.73970431E+003  0.70339069E+003  0.39936889E+003  0.60642116E+003  0.61091497E+003  0.10264735E+003  0.10388650E+003  0.21585322E+003  0.21643951E+003  0.27032815E+003
   419.9248  0.72004529E+003  0.68473209E+003  0.38771061E+003  0.58871987E+003  0.59308192E+003  0.10129151E+003  0.10251551E+003  0.21309816E+003  0.21368447E+003  0.26317024E+003
   420.1754  0.70119973E+003  0.66684485E+003  0.37655401E+003  0.57178026E+003  0.57601623E+003  0.99963303E+002  0.10117236E+003  0.21039873E+003  0.21098503E+003  0.25630680E+003
   420.4261  0.68312259E+003  0.64968629E+003  0.36587078E+003  0.55555939E+003  0.55967463E+003  0.98661972E+002  0.99856299E+002  0.20775343E+003  0.20833970E+003  0.24972157E+003
   420.6767  0.66577192E+003  0.63321663E+003  0.35563460E+003  0.54001726E+003  0.54401685E+003  0.97386788E+002  0.98566585E+002  0.20516080E+003  0.20574701E+003  0.24339940E+003
   420.9273  0.64910862E+003  0.61739882E+003  0.34582093E+003  0.52511664E+003  0.52900535E+003  0.96137045E+002  0.97302517E+002  0.20261943E+003  0.20320558E+003  0.23732619E+003
   421.1779  0.63309619E+003  0.60219826E+003  0.33640689E+003  0.51082278E+003  0.51460514E+003  0.94912062E+002  0.96063413E+002  0.20012798E+003  0.20071403E+003  0.23148875E+003
   421.4286  0.61770056E+003  0.58758266E+003  0.32737113E+003  0.49710327E+003  0.50078356E+003  0.93711180E+002  0.94848614E+002  0.19768513E+003  0.19827106E+003  0.22587479E+003
   421.6792  0.60288986E+003  0.57352180E+003  0.31869371E+003  0.48392781E+003  0.48751009E+003  0.92533765E+002  0.93657482E+002  0.19528960E+003  0.19587540E+003  0.22047279E+003
   421.9298  0.58863428E+003  0.55998742E+003  0.31035596E+003  0.47126810E+003  0.47475620E+003  0.91379201E+002  0.92489402E+002  0.19294017E+003  0.19352583E+003  0.21527199E+003
   422.1805  0.57490588E+003  0.54695306E+003  0.30234043E+003  0.45909761E+003  0.46249519E+003  0.90246894E+002  0.91343776E+002  0.19063566E+003  0.19122115E+003  0.21026230E+003
   422.4311  0.56167849E+003  0.53439389E+003  0.29463077E+003  0.44739151E+003  0.45070204E+003  0.89136268E+002  0.90220029E+002  0.18837491E+003  0.18896021E+003  0.20543427E+003
   422.6817  0.54892756E+003  0.52228664E+003  0.28721164E+003  0.43612654E+003  0.43935330E+003  0.88046769E+002  0.89117602E+002  0.18615681E+003  0.18674192E+003  0.20077902E+003
   422.9323  0.53663002E+003  0.51060944E+003  0.28006865E+003  0.42528085E+003  0.42842695E+003  0.86977858E+002  0.88035955E+002  0.18398029E+003  0.18456518E+003  0.19628822E+003
   423.1830  0.52476420E+003  0.49934176E+003  0.27318830E+003  0.41483392E+003  0.41790235E+003  0.85929013E+002  0.86974564E+002  0.18184430E+003  0.18242896E+003  0.19195404E+003
   423.4336  0.51330972E+003  0.48846426E+003  0.26655790E+003  0.40476649E+003  0.40776008E+003  0.84899732E+002  0.85932924E+002  0.17974782E+003  0.18033225E+003  0.18776912E+003
   423.6842  0.50224741E+003  0.47795878E+003  0.26016551E+003  0.39506043E+003  0.39798187E+003  0.83889525E+002  0.84910544E+002  0.17768990E+003  0.17827406E+003  0.18372653E+003
   423.9348  0.49155920E+003  0.46780818E+003  0.25399989E+003  0.38569869E+003  0.38855054E+003  0.82897919E+002  0.83906948E+002  0.17566956E+003  0.17625346E+003  0.17981973E+003
   424.1855  0.48122806E+003  0.45799633E+003  0.24805046E+003  0.37666520E+003  0.37944991E+003  0.81924457E+002  0.82921675E+002  0.17368590E+003  0.17426952E+003  0.17604257E+003
   424.4361  0.47123795E+003  0.44850800E+003  0.24230726E+003  0.36794482E+003  0.37066472E+003  0.80968695E+002  0.81954280E+002  0.17173802E+003  0.17232136E+003  0.17238923E+003
   424.6867  0.46157369E+003  0.43932881E+003  0.23676087E+003  0.35952327E+003  0.36218059E+003  0.80030201E+002  0.81004328E+002  0.16982506E+003  0.17040810E+003  0.16885425E+003
   424.9373  0.45222097E+003  0.43044519E+003  0.23140242E+003  0.35138708E+003  0.35398394E+003  0.79108559E+002  0.80071401E+002  0.16794619E+003  0.16852891E+003  0.16543245E+003
   425.1880  0.44316627E+003  0.42184432E+003  0.22622353E+003  0.34352352E+003  0.34606196E+003  0.78203365E+002  0.79155091E+002  0.16610058E+003  0.16668299E+003  0.16211891E+003
   425.4386  0.43439678E+003  0.41351406E+003  0.22121628E+003  0.33592056E+003  0.33840251E+003  0.77314225E+002  0.78255003E+002  0.16428746E+003  0.16486954E+003  0.15890903E+003
   425.6892  0.42590040E+003  0.40544293E+003  0.21637319E+003  0.32856684E+003  0.33099417E+003  0.76440760E+002  0.77370754E+002  0.16250605E+003  0.16308779E+003  0.15579842E+003
   425.9398  0.41766565E+003  0.39762006E+003  0.21168715E+003  0.32145159E+003  0.32382607E+003  0.75582599E+002  0.76501972E+002  0.16075561E+003  0.16133701E+003  0.15278292E+003
   426.1905  0.40968168E+003  0.39003513E+003  0.20715148E+003  0.31456464E+003  0.31688796E+003  0.74739385E+002  0.75648296E+002  0.15903543E+003  0.15961647E+003  0.14985860E+003
   426.4411  0.40193818E+003  0.38267840E+003  0.20275980E+003  0.30789633E+003  0.31017013E+003  0.73910770E+002  0.74809375E+002  0.15734480E+003  0.15792547E+003  0.14702175E+003
   426.6917  0.39442539E+003  0.37554058E+003  0.19850611E+003  0.30143751E+003  0.30366335E+003  0.73096415E+002  0.73984870E+002  0.15568304E+003  0.15626334E+003  0.14426881E+003
   426.9424  0.38713401E+003  0.36861289E+003  0.19438468E+003  0.29517953E+003  0.29735890E+003  0.72295994E+002  0.73174449E+002  0.15404949E+003  0.15462942E+003  0.14159642E+003
   427.1930  0.38005526E+003  0.36188696E+003  0.19039010E+003  0.28911414E+003  0.29124848E+003  0.71509187E+002  0.72377792E+002  0.15244352E+003  0.15302306E+003  0.13900141E+003
   427.4436  0.37318075E+003  0.35535487E+003  0.18651722E+003  0.28323354E+003  0.28532423E+003  0.70735685E+002  0.71594587E+002  0.15086449E+003  0.15144364E+003  0.13648074E+003
   427.6942  0.36650254E+003  0.34900907E+003  0.18276116E+003  0.27753031E+003  0.27957866E+003  0.69975187E+002  0.70824531E+002  0.14931180E+003  0.14989055E+003  0.13403153E+003
   427.9449  0.36001304E+003  0.34284238E+003  0.17911728E+003  0.27199739E+003  0.27400467E+003  0.69227402E+002  0.70067329E+002  0.14778487E+003  0.14836322E+003  0.13165102E+003
   428.1955  0.35370507E+003  0.33684797E+003  0.17558114E+003  0.26662809E+003  0.26859551E+003  0.68492045E+002  0.69322694E+002  0.14628312E+003  0.14686106E+003  0.12933663E+003
   428.4461  0.34757175E+003  0.33101933E+003  0.17214856E+003  0.26141601E+003  0.26334475E+003  0.67768840E+002  0.68590350E+002  0.14480599E+003  0.14538352E+003  0.12708585E+003
   428.6967  0.34160656E+003  0.32535027E+003  0.16881554E+003  0.25635509E+003  0.25824628E+003  0.67057520E+002  0.67870024E+002  0.14335295E+003  0.14393005E+003  0.12489632E+003
   428.9474  0.33580327E+003  0.31983487E+003  0.16557826E+003  0.25143954E+003  0.25329426E+003  0.66357823E+002  0.67161454E+002  0.14192347E+003  0.14250014E+003  0.12276578E+003
   429.1980  0.33015593E+003  0.31446752E+003  0.16243310E+003  0.24666387E+003  0.24848315E+003  0.65669495E+002  0.66464384E+002  0.14051703E+003  0.14109327E+003  0.12069208E+003
   429.4486  0.32465889E+003  0.30924282E+003  0.15937660E+003  0.24202281E+003  0.24380766E+003  0.64992291E+002  0.65778564E+002  0.13913314E+003  0.13970895E+003  0.11867317E+003
   429.6992  0.31930674E+003  0.30415566E+003  0.15640546E+003  0.23751137E+003  0.23926275E+003  0.64325969E+002  0.65103753E+002  0.13777132E+003  0.13834668E+003  0.11670708E+003
   429.9499  0.31409431E+003  0.29920114E+003  0.15351654E+003  0.23312476E+003  0.23484360E+003  0.63670295E+002  0.64439715E+002  0.13643109E+003  0.13700601E+003  0.11479195E+003
   430.2005  0.30901666E+003  0.29437457E+003  0.15070684E+003  0.22885842E+003  0.23054563E+003  0.63025044E+002  0.63786219E+002  0.13511199E+003  0.13568646E+003  0.11292597E+003
   430.4511  0.30406910E+003  0.28967149E+003  0.14797348E+003  0.22470802E+003  0.22636444E+003  0.62389993E+002  0.63143043E+002  0.13381358E+003  0.13438759E+003  0.11110745E+003
   430.7018  0.29924710E+003  0.28508762E+003  0.14531374E+003  0.22066937E+003  0.22229585E+003  0.61764927E+002  0.62509969E+002  0.13253542E+003  0.13310897E+003  0.10933474E+003
   430.9524  0.29454635E+003  0.28061887E+003  0.14272499E+003  0.21673853E+003  0.21833586E+003  0.61149636E+002  0.61886786E+002  0.13127709E+003  0.13185018E+003  0.10760628E+003
   431.2030  0.28996274E+003  0.27626133E+003  0.14020473E+003  0.21291168E+003  0.21448063E+003  0.60543916E+002  0.61273286E+002  0.13003817E+003  0.13061080E+003  0.10592058E+003
   431.4536  0.28549231E+003  0.27201125E+003  0.13775057E+003  0.20918519E+003  0.21072652E+003  0.59947568E+002  0.60669270E+002  0.12881827E+003  0.12939042E+003  0.10427620E+003
   431.7043  0.28113128E+003  0.26786504E+003  0.13536022E+003  0.20555559E+003  0.20707001E+003  0.59360398E+002  0.60074542E+002  0.12761699E+003  0.12818867E+003  0.10267176E+003
   431.9549  0.27687603E+003  0.26381926E+003  0.13303149E+003  0.20201955E+003  0.20350776E+003  0.58782218E+002  0.59488910E+002  0.12643395E+003  0.12700515E+003  0.10110596E+003
   432.2055  0.27272307E+003  0.25987063E+003  0.13076229E+003  0.19857389E+003  0.20003656E+003  0.58212843E+002  0.58912190E+002  0.12526878E+003  0.12583951E+003  0.99577520E+002
   432.4561  0.26866910E+003  0.25601597E+003  0.12855059E+003  0.19521555E+003  0.19665334E+003  0.57652095E+002  0.58344200E+002  0.12412112E+003  0.12469136E+003  0.98085244E+002
   432.7068  0.26471090E+003  0.25225227E+003  0.12639449E+003  0.19194162E+003  0.19335514E+003  0.57099799E+002  0.57784763E+002  0.12299061E+003  0.12356037E+003  0.96627967E+002
   432.9574  0.26084542E+003  0.24857661E+003  0.12429212E+003  0.18874928E+003  0.19013915E+003  0.56555784E+002  0.57233708E+002  0.12187691E+003  0.12244618E+003  0.95204577E+002
   433.2080  0.25706971E+003  0.24498621E+003  0.12224173E+003  0.18563586E+003  0.18700266E+003  0.56019885E+002  0.56690867E+002  0.12077968E+003  0.12134846E+003  0.93814005E+002
   433.4586  0.25338096E+003  0.24147838E+003  0.12024161E+003  0.18259878E+003  0.18394307E+003  0.55491939E+002  0.56156076E+002  0.11969861E+003  0.12026689E+003  0.92455223E+002
   433.7093  0.24977645E+003  0.23805055E+003  0.11829014E+003  0.17963556E+003  0.18095790E+003  0.54971790E+002  0.55629177E+002  0.11863336E+003  0.11920115E+003  0.91127247E+002
   433.9599  0.24625356E+003  0.23470025E+003  0.11638575E+003  0.17674382E+003  0.17804475E+003  0.54459283E+002  0.55110013E+002  0.11758362E+003  0.11815092E+003  0.89829129E+002
   434.2105  0.24280981E+003  0.23142510E+003  0.11452694E+003  0.17392130E+003  0.17520131E+003  0.53954267E+002  0.54598433E+002  0.11654911E+003  0.11711590E+003  0.88559959E+002
   434.4612  0.23944278E+003  0.22822282E+003  0.11271227E+003  0.17116579E+003  0.17242540E+003  0.53456598E+002  0.54094289E+002  0.11552950E+003  0.11609579E+003  0.87318860E+002
   434.7118  0.23615016E+003  0.22509121E+003  0.11094035E+003  0.16847521E+003  0.16971489E+003  0.52966131E+002  0.53597436E+002  0.11452453E+003  0.11509031E+003  0.86104990E+002
   434.9624  0.23292972E+003  0.22202816E+003  0.10920986E+003  0.16584752E+003  0.16706774E+003  0.52482728E+002  0.53107734E+002  0.11353390E+003  0.11409918E+003  0.84917538E+002
   435.2130  0.22977931E+003  0.21903163E+003  0.10751951E+003  0.16328078E+003  0.16448200E+003  0.52006252E+002  0.52625045E+002  0.11255734E+003  0.11312211E+003  0.83755726E+002
   435.4637  0.22669686E+003  0.21609966E+003  0.10586807E+003  0.16077312E+003  0.16195577E+003  0.51536571E+002  0.52149234E+002  0.11159459E+003  0.11215884E+003  0.82618800E+002
   435.7143  0.22368041E+003  0.21323036E+003  0.10425436E+003  0.15832275E+003  0.15948726E+003  0.51073555E+002  0.51680172E+002  0.11064537E+003  0.11120911E+003  0.81506039E+002
   435.9649  0.22072802E+003  0.21042193E+003  0.10267724E+003  0.15592793E+003  0.15707472E+003  0.50617078E+002  0.51217730E+002  0.10970944E+003  0.11027267E+003  0.80416745E+002
   436.2155  0.21783785E+003  0.20767261E+003  0.10113561E+003  0.15358700E+003  0.15471646E+003  0.50167016E+002  0.50761783E+002  0.10878654E+003  0.10934925E+003  0.79350247E+002
   436.4662  0.21500813E+003  0.20498071E+003  0.99628407E+002  0.15129836E+003  0.15241088E+003  0.49723248E+002  0.50312209E+002  0.10787644E+003  0.10843863E+003  0.78305898E+002
   436.7168  0.21223715E+003  0.20234461E+003  0.98154626E+002  0.14906046E+003  0.15015641E+003  0.49285658E+002  0.49868890E+002  0.10697888E+003  0.10754055E+003  0.77283072E+002
   436.9674  0.20952324E+003  0.19976273E+003  0.96713283E+002  0.14687181E+003  0.14795157E+003  0.48854129E+002  0.49431708E+002  0.10609364E+003  0.10665479E+003  0.76281169E+002
   437.2180  0.20686482E+003  0.19723357E+003  0.95303433E+002  0.14473098E+003  0.14579489E+003  0.48428550E+002  0.49000550E+002  0.10522049E+003  0.10578112E+003  0.75299608E+002
   437.4687  0.20426035E+003  0.19475566E+003  0.93924165E+002  0.14263659E+003  0.14368501E+003  0.48008811E+002  0.48575306E+002  0.10435921E+003  0.10491932E+003  0.74337828E+002
   437.7193  0.20170834E+003  0.19232760E+003  0.92574604E+002  0.14058730E+003  0.14162056E+003  0.47594804E+002  0.48155867E+002  0.10350959E+003  0.10406917E+003  0.73395288E+002
   437.9699  0.19920736E+003  0.18994803E+003  0.91253901E+002  0.13858183E+003  0.13960025E+003  0.47186426E+002  0.47742127E+002  0.10267140E+003  0.10323045E+003  0.72471466E+002
   438.2206  0.19675602E+003  0.18761562E+003  0.89961241E+002  0.13661894E+003  0.13762284E+003  0.46783572E+002  0.47333982E+002  0.10184444E+003  0.10240297E+003  0.71565858E+002
   438.4712  0.19435300E+003  0.18532912E+003  0.88695836E+002  0.13469744E+003  0.13568713E+003  0.46386145E+002  0.46931331E+002  0.10102852E+003  0.10158652E+003  0.70677975E+002
   438.7218  0.19199700E+003  0.18308730E+003  0.87456926E+002  0.13281616E+003  0.13379194E+003  0.45994045E+002  0.46534076E+002  0.10022342E+003  0.10078089E+003  0.69807349E+002
   438.9724  0.18968676E+003  0.18088896E+003  0.86243776E+002  0.13097400E+003  0.13193615E+003  0.45607177E+002  0.46142119E+002  0.99428965E+002  0.99985902E+002  0.68953522E+002
   439.2231  0.18742110E+003  0.17873298E+003  0.85055678E+002  0.12916988E+003  0.13011869E+003  0.45225447E+002  0.45755366E+002  0.98644956E+002  0.99201360E+002  0.68116057E+002
   439.4737  0.18519883E+003  0.17661824E+003  0.83891947E+002  0.12740276E+003  0.12833850E+003  0.44848765E+002  0.45373725E+002  0.97871209E+002  0.98427081E+002  0.67294526E+002
   439.7243  0.18301883E+003  0.17454367E+003  0.82751921E+002  0.12567164E+003  0.12659458E+003  0.44477041E+002  0.44997104E+002  0.97107544E+002  0.97662882E+002  0.66488519E+002
   439.9749  0.18088001E+003  0.17250823E+003  0.81634963E+002  0.12397553E+003  0.12488593E+003  0.44110188E+002  0.44625417E+002  0.96353784E+002  0.96908588E+002  0.65697637E+002
   440.2256  0.17878132E+003  0.17051092E+003  0.80540453E+002  0.12231352E+003  0.12321163E+003  0.43748120E+002  0.44258576E+002  0.95609756E+002  0.96164024E+002  0.64921496E+002
   440.4762  0.17672173E+003  0.16855078E+003  0.79467795E+002  0.12068469E+003  0.12157076E+003  0.43390753E+002  0.43896497E+002  0.94875290E+002  0.95429022E+002  0.64159723E+002
   440.7268  0.17470025E+003  0.16662686E+003  0.78416411E+002  0.11908815E+003  0.11996242E+003  0.43038006E+002  0.43539097E+002  0.94150220E+002  0.94703416E+002  0.63411956E+002
   440.9774  0.17271593E+003  0.16473826E+003  0.77385743E+002  0.11752308E+003  0.11838578E+003  0.42689799E+002  0.43186296E+002  0.93434385E+002  0.93987043E+002  0.62677847E+002
   441.2281  0.17076785E+003  0.16288409E+003  0.76375250E+002  0.11598864E+003  0.11684000E+003  0.42346054E+002  0.42838013E+002  0.92727625E+002  0.93279745E+002  0.61957057E+002
   441.4787  0.16885509E+003  0.16106350E+003  0.75384409E+002  0.11448403E+003  0.11532428E+003  0.42006693E+002  0.42494172E+002  0.92029786E+002  0.92581368E+002  0.61249258E+002
   441.7293  0.16697680E+003  0.15927568E+003  0.74412715E+002  0.11300851E+003  0.11383784E+003  0.41671643E+002  0.42154696E+002  0.91340716E+002  0.91891758E+002  0.60554132E+002
   441.9799  0.16513214E+003  0.15751981E+003  0.73459678E+002  0.11156131E+003  0.11237995E+003  0.41340829E+002  0.41819512E+002  0.90660265E+002  0.91210767E+002  0.59871372E+002
   442.2306  0.16332027E+003  0.15579512E+003  0.72524823E+002  0.11014171E+003  0.11094987E+003  0.41014181E+002  0.41488547E+002  0.89988288E+002  0.90538250E+002  0.59200679E+002
   442.4812  0.16154042E+003  0.15410086E+003  0.71607690E+002  0.10874903E+003  0.10954690E+003  0.40691627E+002  0.41161729E+002  0.89324643E+002  0.89874064E+002  0.58541764E+002
   442.7318  0.15979181E+003  0.15243630E+003  0.70707836E+002  0.10738259E+003  0.10817036E+003  0.40373100E+002  0.40838989E+002  0.88669190E+002  0.89218070E+002  0.57894346E+002
   442.9825  0.15807371E+003  0.15080074E+003  0.69824829E+002  0.10604172E+003  0.10681959E+003  0.40058530E+002  0.40520260E+002  0.88021793E+002  0.88570131E+002  0.57258154E+002
   443.2331  0.15638538E+003  0.14919349E+003  0.68958251E+002  0.10472581E+003  0.10549395E+003  0.39747854E+002  0.40205473E+002  0.87382318E+002  0.87930114E+002  0.56632922E+002
   443.4837  0.15472613E+003  0.14761387E+003  0.68107697E+002  0.10343422E+003  0.10419283E+003  0.39441006E+002  0.39894565E+002  0.86750633E+002  0.87297887E+002  0.56018395E+002
   443.7343  0.15309527E+003  0.14606126E+003  0.67272775E+002  0.10216637E+003  0.10291561E+003  0.39137922E+002  0.39587470E+002  0.86126612E+002  0.86673322E+002  0.55414325E+002
   443.9850  0.15149215E+003  0.14453501E+003  0.66453104E+002  0.10092168E+003  0.10166173E+003  0.38838542E+002  0.39284126E+002  0.85510127E+002  0.86056294E+002  0.54820470E+002
   444.2356  0.14991613E+003  0.14303452E+003  0.65648316E+002  0.99699585E+002  0.10043061E+003  0.38542804E+002  0.38984473E+002  0.84901056E+002  0.85446680E+002  0.54236596E+002
   444.4862  0.14836659E+003  0.14155921E+003  0.64858053E+002  0.98499546E+002  0.99221714E+002  0.38250648E+002  0.38688448E+002  0.84299278E+002  0.84844359E+002  0.53662475E+002
   444.7368  0.14684292E+003  0.14010849E+003  0.64081966E+002  0.97321035E+002  0.98034501E+002  0.37962018E+002  0.38395995E+002  0.83704676E+002  0.84249213E+002  0.53097886E+002
   444.9875  0.14534453E+003  0.13868182E+003  0.63319720E+002  0.96163539E+002  0.96868459E+002  0.37676855E+002  0.38107054E+002  0.83117133E+002  0.83661126E+002  0.52542615E+002
   445.2381  0.14387085E+003  0.13727864E+003  0.62570987E+002  0.95026562E+002  0.95723089E+002  0.37395104E+002  0.37821570E+002  0.82536537E+002  0.83079985E+002  0.51996454E+002
   445.4887  0.14242134E+003  0.13589844E+003  0.61835450E+002  0.93909622E+002  0.94597904E+002  0.37116710E+002  0.37539487E+002  0.81962775E+002  0.82505679E+002  0.51459199E+002
   445.7393  0.14099545E+003  0.13454070E+003  0.61112800E+002  0.92812252E+002  0.93492434E+002  0.36841619E+002  0.37260751E+002  0.81395740E+002  0.81938100E+002  0.50930655E+002
   445.9900  0.13959267E+003  0.13320493E+003  0.60402740E+002  0.91733997E+002  0.92406221E+002  0.36569780E+002  0.36985307E+002  0.80835324E+002  0.81377139E+002  0.50410628E+002
   446.2406  0.13821247E+003  0.13189064E+003  0.59704977E+002  0.90674415E+002  0.91338820E+002  0.36301139E+002  0.36713106E+002  0.80281423E+002  0.80822693E+002  0.49898934E+002
   446.4912  0.13685437E+003  0.13059736E+003  0.59019230E+002  0.89633079E+002  0.90289799E+002  0.36035647E+002  0.36444094E+002  0.79733934E+002  0.80274659E+002  0.49395392E+002
   446.7419  0.13551789E+003  0.12932464E+003  0.58345224E+002  0.88609572E+002  0.89258739E+002  0.35773255E+002  0.36178222E+002  0.79192757E+002  0.79732937E+002  0.48899825E+002
   446.9925  0.13420256E+003  0.12807203E+003  0.57682694E+002  0.87603490E+002  0.88245233E+002  0.35513913E+002  0.35915441E+002  0.78657793E+002  0.79197428E+002  0.48412063E+002
   447.2431  0.13290793E+003  0.12683910E+003  0.57031380E+002  0.86614439E+002  0.87248885E+002  0.35257574E+002  0.35655702E+002  0.78128945E+002  0.78668036E+002  0.47931938E+002
   447.4937  0.13163354E+003  0.12562544E+003  0.56391030E+002  0.85642037E+002  0.86269309E+002  0.35004192E+002  0.35398959E+002  0.77606120E+002  0.78144665E+002  0.47459290E+002
   447.7444  0.13037898E+003  0.12443062E+003  0.55761401E+002  0.84685913E+002  0.85306132E+002  0.34753720E+002  0.35145165E+002  0.77089223E+002  0.77627224E+002  0.46993959E+002
   447.9950  0.12914383E+003  0.12325426E+003  0.55142253E+002  0.83745705E+002  0.84358989E+002  0.34506114E+002  0.34894274E+002  0.76578164E+002  0.77115620E+002  0.46535794E+002
   448.2456  0.12792767E+003  0.12209597E+003  0.54533356E+002  0.82821063E+002  0.83427527E+002  0.34261330E+002  0.34646242E+002  0.76072853E+002  0.76609764E+002  0.46084645E+002
   448.4962  0.12673010E+003  0.12095536E+003  0.53934486E+002  0.81911645E+002  0.82511401E+002  0.34019324E+002  0.34401026E+002  0.75573202E+002  0.76109569E+002  0.45640365E+002
   448.7469  0.12555076E+003  0.11983208E+003  0.53345422E+002  0.81017119E+002  0.81610278E+002  0.33780054E+002  0.34158582E+002  0.75079127E+002  0.75614949E+002  0.45202814E+002
   448.9975  0.12438924E+003  0.11872576E+003  0.52765952E+002  0.80137161E+002  0.80723830E+002  0.33543479E+002  0.33918868E+002  0.74590541E+002  0.75125819E+002  0.44771855E+002
   449.2481  0.12324520E+003  0.11763606E+003  0.52195870E+002  0.79271457E+002  0.79851743E+002  0.33309558E+002  0.33681842E+002  0.74107363E+002  0.74642096E+002  0.44347351E+002
   449.4987  0.12211827E+003  0.11656264E+003  0.51634973E+002  0.78419701E+002  0.78993706E+002  0.33078250E+002  0.33447466E+002  0.73629511E+002  0.74163700E+002  0.43929174E+002
   449.7494  0.12100810E+003  0.11550516E+003  0.51083065E+002  0.77581595E+002  0.78149420E+002  0.32849518E+002  0.33215698E+002  0.73156906E+002  0.73690551E+002  0.43517196E+002
   450.0000  0.11991436E+003  0.11446330E+003  0.50539955E+002  0.76756848E+002  0.77318593E+002  0.32623321E+002  0.32986500E+002  0.72689469E+002  0.73222570E+002  0.43111292E+002
