#Raman spectra
#Laser energy   2.33 eV
#Raman shift (cm-1), Raman Spectra (XX,YY,ZZ,s+s+,s-s-,XY,YX,s+s-,s-s+)
  1500.0000  0.53174219E+003  0.53235707E+003  0.16646207E-003  0.41681937E-001  0.41660632E-001  0.53159832E+003  0.53159418E+003  0.10635859E+004  0.10636225E+004
  1500.2506  0.53866985E+003  0.53929275E+003  0.16863081E-003  0.42224979E-001  0.42203397E-001  0.53852425E+003  0.53852006E+003  0.10774427E+004  0.10774798E+004
  1500.5013  0.54573369E+003  0.54636476E+003  0.17084218E-003  0.42778697E-001  0.42756832E-001  0.54558635E+003  0.54558209E+003  0.10915719E+004  0.10916095E+004
  1500.7519  0.55293732E+003  0.55357672E+003  0.17309731E-003  0.43343373E-001  0.43321218E-001  0.55278819E+003  0.55278388E+003  0.11059807E+004  0.11060188E+004
  1501.0025  0.56028444E+003  0.56093233E+003  0.17539736E-003  0.43919296E-001  0.43896847E-001  0.56013349E+003  0.56012912E+003  0.11206765E+004  0.11207151E+004
  1501.2531  0.56777888E+003  0.56843544E+003  0.17774353E-003  0.44506768E-001  0.44484018E-001  0.56762607E+003  0.56762165E+003  0.11356670E+004  0.11357061E+004
  1501.5038  0.57542461E+003  0.57609001E+003  0.18013707E-003  0.45106099E-001  0.45083042E-001  0.57526992E+003  0.57526543E+003  0.11509601E+004  0.11509997E+004
  1501.7544  0.58322572E+003  0.58390014E+003  0.18257925E-003  0.45717610E-001  0.45694240E-001  0.58306911E+003  0.58306456E+003  0.11665640E+004  0.11666041E+004
  1502.0050  0.59118646E+003  0.59187008E+003  0.18507140E-003  0.46341634E-001  0.46317945E-001  0.59102788E+003  0.59102328E+003  0.11824872E+004  0.11825279E+004
  1502.2556  0.59931119E+003  0.60000421E+003  0.18761489E-003  0.46978514E-001  0.46954498E-001  0.59915062E+003  0.59914595E+003  0.11987384E+004  0.11987797E+004
  1502.5063  0.60760446E+003  0.60830707E+003  0.19021114E-003  0.47628605E-001  0.47604257E-001  0.60744186E+003  0.60743713E+003  0.12153267E+004  0.12153686E+004
  1502.7569  0.61607095E+003  0.61678336E+003  0.19286163E-003  0.48292275E-001  0.48267587E-001  0.61590629E+003  0.61590148E+003  0.12322615E+004  0.12323040E+004
  1503.0075  0.62471553E+003  0.62543793E+003  0.19556786E-003  0.48969904E-001  0.48944869E-001  0.62454875E+003  0.62454388E+003  0.12495526E+004  0.12495956E+004
  1503.2581  0.63354321E+003  0.63427582E+003  0.19833142E-003  0.49661887E-001  0.49636498E-001  0.63337428E+003  0.63336935E+003  0.12672099E+004  0.12672535E+004
  1503.5088  0.64255920E+003  0.64330223E+003  0.20115393E-003  0.50368631E-001  0.50342880E-001  0.64238808E+003  0.64238308E+003  0.12852438E+004  0.12852881E+004
  1503.7594  0.65176889E+003  0.65252258E+003  0.20403708E-003  0.51090559E-001  0.51064439E-001  0.65159554E+003  0.65159046E+003  0.13036652E+004  0.13037101E+004
  1504.0100  0.66117787E+003  0.66194244E+003  0.20698262E-003  0.51828110E-001  0.51801612E-001  0.66100224E+003  0.66099709E+003  0.13224852E+004  0.13225308E+004
  1504.2607  0.67079193E+003  0.67156760E+003  0.20999236E-003  0.52581735E-001  0.52554852E-001  0.67061397E+003  0.67060875E+003  0.13417154E+004  0.13417617E+004
  1504.5113  0.68061705E+003  0.68140409E+003  0.21306818E-003  0.53351906E-001  0.53324629E-001  0.68043673E+003  0.68043143E+003  0.13613679E+004  0.13614148E+004
  1504.7619  0.69065946E+003  0.69145812E+003  0.21621202E-003  0.54139111E-001  0.54111430E-001  0.69047673E+003  0.69047135E+003  0.13814549E+004  0.13815025E+004
  1505.0125  0.70092562E+003  0.70173614E+003  0.21942591E-003  0.54943854E-001  0.54915762E-001  0.70074042E+003  0.70073496E+003  0.14019895E+004  0.14020378E+004
  1505.2632  0.71142221E+003  0.71224487E+003  0.22271194E-003  0.55766661E-001  0.55738147E-001  0.71123450E+003  0.71122895E+003  0.14229850E+004  0.14230340E+004
  1505.5138  0.72215617E+003  0.72299124E+003  0.22607228E-003  0.56608075E-001  0.56579131E-001  0.72196590E+003  0.72196027E+003  0.14444553E+004  0.14445051E+004
  1505.7644  0.73313471E+003  0.73398248E+003  0.22950919E-003  0.57468662E-001  0.57439277E-001  0.73294182E+003  0.73293611E+003  0.14664148E+004  0.14664654E+004
  1506.0150  0.74436532E+003  0.74522607E+003  0.23302502E-003  0.58349008E-001  0.58319173E-001  0.74416976E+003  0.74416396E+003  0.14888786E+004  0.14889299E+004
  1506.2657  0.75585575E+003  0.75672980E+003  0.23662218E-003  0.59249722E-001  0.59219425E-001  0.75565747E+003  0.75565158E+003  0.15118620E+004  0.15119141E+004
  1506.5163  0.76761409E+003  0.76850173E+003  0.24030322E-003  0.60171436E-001  0.60140668E-001  0.76741303E+003  0.76740705E+003  0.15353813E+004  0.15354343E+004
  1506.7669  0.77964872E+003  0.78055028E+003  0.24407075E-003  0.61114809E-001  0.61083558E-001  0.77944482E+003  0.77943874E+003  0.15594533E+004  0.15595071E+004
  1507.0175  0.79196835E+003  0.79288415E+003  0.24792751E-003  0.62080523E-001  0.62048777E-001  0.79176155E+003  0.79175538E+003  0.15840953E+004  0.15841500E+004
  1507.2682  0.80458205E+003  0.80551244E+003  0.25187633E-003  0.63069289E-001  0.63037037E-001  0.80437229E+003  0.80436602E+003  0.16093256E+004  0.16093811E+004
  1507.5188  0.81749925E+003  0.81844457E+003  0.25592016E-003  0.64081845E-001  0.64049075E-001  0.81728646E+003  0.81728009E+003  0.16351629E+004  0.16352193E+004
  1507.7694  0.83072974E+003  0.83169037E+003  0.26006208E-003  0.65118961E-001  0.65085660E-001  0.83051387E+003  0.83050739E+003  0.16616269E+004  0.16616842E+004
  1508.0201  0.84428374E+003  0.84526004E+003  0.26430527E-003  0.66181436E-001  0.66147591E-001  0.84406471E+003  0.84405813E+003  0.16887380E+004  0.16887963E+004
  1508.2707  0.85817187E+003  0.85916423E+003  0.26865307E-003  0.67270104E-001  0.67235702E-001  0.85794962E+003  0.85794293E+003  0.17165174E+004  0.17165767E+004
  1508.5213  0.87240519E+003  0.87341401E+003  0.27310893E-003  0.68385830E-001  0.68350857E-001  0.87217964E+003  0.87217284E+003  0.17449874E+004  0.17450476E+004
  1508.7719  0.88699522E+003  0.88802091E+003  0.27767647E-003  0.69529520E-001  0.69493961E-001  0.88676631E+003  0.88675940E+003  0.17741708E+004  0.17742320E+004
  1509.0226  0.90195398E+003  0.90299697E+003  0.28235945E-003  0.70702114E-001  0.70665955E-001  0.90172162E+003  0.90171460E+003  0.18040918E+004  0.18041540E+004
  1509.2732  0.91729398E+003  0.91835470E+003  0.28716177E-003  0.71904593E-001  0.71867818E-001  0.91705810E+003  0.91705096E+003  0.18347753E+004  0.18348387E+004
  1509.5238  0.93302827E+003  0.93410719E+003  0.29208754E-003  0.73137980E-001  0.73100575E-001  0.93278880E+003  0.93278153E+003  0.18662476E+004  0.18663120E+004
  1509.7744  0.94917047E+003  0.95026806E+003  0.29714101E-003  0.74403344E-001  0.74365291E-001  0.94892732E+003  0.94891992E+003  0.18985357E+004  0.18986013E+004
  1510.0251  0.96573479E+003  0.96685153E+003  0.30232663E-003  0.75701797E-001  0.75663079E-001  0.96548787E+003  0.96548035E+003  0.19316682E+004  0.19317350E+004
  1510.2757  0.98273606E+003  0.98387246E+003  0.30764905E-003  0.77034503E-001  0.76995103E-001  0.98248529E+003  0.98247763E+003  0.19656748E+004  0.19657427E+004
  1510.5263  0.10001898E+004  0.10013463E+004  0.31311310E-003  0.78402675E-001  0.78362574E-001  0.99993505E+003  0.99992726E+003  0.20005863E+004  0.20006554E+004
  1510.7769  0.10181121E+004  0.10192894E+004  0.31872387E-003  0.79807581E-001  0.79766762E-001  0.10178533E+004  0.10178454E+004  0.20364351E+004  0.20365055E+004
  1511.0276  0.10365199E+004  0.10377185E+004  0.32448663E-003  0.81250548E-001  0.81208990E-001  0.10362571E+004  0.10362490E+004  0.20732552E+004  0.20733268E+004
  1511.2782  0.10554310E+004  0.10566514E+004  0.33040693E-003  0.82732960E-001  0.82690643E-001  0.10551639E+004  0.10551556E+004  0.21110817E+004  0.21111547E+004
  1511.5288  0.10748637E+004  0.10761066E+004  0.33649056E-003  0.84256268E-001  0.84213171E-001  0.10745923E+004  0.10745839E+004  0.21499518E+004  0.21500262E+004
  1511.7794  0.10948374E+004  0.10961035E+004  0.34274356E-003  0.85821987E-001  0.85778089E-001  0.10945616E+004  0.10945531E+004  0.21899041E+004  0.21899798E+004
  1512.0301  0.11153725E+004  0.11166622E+004  0.34917228E-003  0.87431704E-001  0.87386982E-001  0.11150921E+004  0.11150834E+004  0.22309791E+004  0.22310563E+004
  1512.2807  0.11364900E+004  0.11378042E+004  0.35578336E-003  0.89087082E-001  0.89041513E-001  0.11362049E+004  0.11361961E+004  0.22732192E+004  0.22732978E+004
  1512.5313  0.11582122E+004  0.11595515E+004  0.36258374E-003  0.90789862E-001  0.90743421E-001  0.11579224E+004  0.11579134E+004  0.23166689E+004  0.23167490E+004
  1512.7820  0.11805623E+004  0.11819275E+004  0.36958073E-003  0.92541868E-001  0.92494531E-001  0.11802677E+004  0.11802585E+004  0.23613746E+004  0.23614563E+004
  1513.0326  0.12035649E+004  0.12049566E+004  0.37678195E-003  0.94345015E-001  0.94296754E-001  0.12032652E+004  0.12032558E+004  0.24073853E+004  0.24074686E+004
  1513.2832  0.12272454E+004  0.12286645E+004  0.38419543E-003  0.96201308E-001  0.96152097E-001  0.12269406E+004  0.12269311E+004  0.24547522E+004  0.24548371E+004
  1513.5338  0.12516308E+004  0.12530781E+004  0.39182957E-003  0.98112855E-001  0.98062666E-001  0.12513207E+004  0.12513110E+004  0.25035289E+004  0.25036155E+004
  1513.7845  0.12767492E+004  0.12782256E+004  0.39969322E-003  0.10008187E+000  0.10003067E+000  0.12764338E+004  0.12764238E+004  0.25537720E+004  0.25538604E+004
  1514.0351  0.13026303E+004  0.13041367E+004  0.40779564E-003  0.10211067E+000  0.10205843E+000  0.13023094E+004  0.13022992E+004  0.26055406E+004  0.26056308E+004
  1514.2857  0.13293053E+004  0.13308425E+004  0.41614660E-003  0.10420170E+000  0.10414839E+000  0.13289787E+004  0.13289684E+004  0.26588972E+004  0.26589893E+004
  1514.5363  0.13568069E+004  0.13583759E+004  0.42475634E-003  0.10635753E+000  0.10630312E+000  0.13564745E+004  0.13564639E+004  0.27139073E+004  0.27140013E+004
  1514.7870  0.13851696E+004  0.13867713E+004  0.43363565E-003  0.10858086E+000  0.10852531E+000  0.13848312E+004  0.13848204E+004  0.27706397E+004  0.27707357E+004
  1515.0376  0.14144296E+004  0.14160651E+004  0.44279589E-003  0.11087453E+000  0.11081781E+000  0.14140850E+004  0.14140740E+004  0.28291670E+004  0.28292650E+004
  1515.2882  0.14446251E+004  0.14462956E+004  0.45224902E-003  0.11324154E+000  0.11318360E+000  0.14442742E+004  0.14442630E+004  0.28895656E+004  0.28896658E+004
  1515.5388  0.14757963E+004  0.14775029E+004  0.46200764E-003  0.11568504E+000  0.11562585E+000  0.14754390E+004  0.14754275E+004  0.29519161E+004  0.29520184E+004
  1515.7895  0.15079858E+004  0.15097296E+004  0.47208502E-003  0.11820835E+000  0.11814788E+000  0.15076219E+004  0.15076101E+004  0.30163032E+004  0.30164078E+004
  1516.0401  0.15412382E+004  0.15430204E+004  0.48249518E-003  0.12081499E+000  0.12075318E+000  0.15408675E+004  0.15408555E+004  0.30828165E+004  0.30829234E+004
  1516.2907  0.15756008E+004  0.15774228E+004  0.49325292E-003  0.12350867E+000  0.12344548E+000  0.15752231E+004  0.15752108E+004  0.31515506E+004  0.31516599E+004
  1516.5414  0.16111235E+004  0.16129865E+004  0.50437384E-003  0.12629328E+000  0.12622866E+000  0.16107386E+004  0.16107260E+004  0.32226051E+004  0.32227169E+004
  1516.7920  0.16478589E+004  0.16497645E+004  0.51587446E-003  0.12917296E+000  0.12910687E+000  0.16474667E+004  0.16474538E+004  0.32960856E+004  0.32962000E+004
  1517.0426  0.16858629E+004  0.16878124E+004  0.52777223E-003  0.13215209E+000  0.13208447E+000  0.16854631E+004  0.16854499E+004  0.33721035E+004  0.33722206E+004
  1517.2932  0.17251945E+004  0.17271894E+004  0.54008560E-003  0.13523528E+000  0.13516609E+000  0.17247868E+004  0.17247733E+004  0.34507769E+004  0.34508967E+004
  1517.5439  0.17659159E+004  0.17679579E+004  0.55283413E-003  0.13842743E+000  0.13835660E+000  0.17655002E+004  0.17654864E+004  0.35322305E+004  0.35323532E+004
  1517.7945  0.18080934E+004  0.18101843E+004  0.56603852E-003  0.14173372E+000  0.14166120E+000  0.18076694E+004  0.18076554E+004  0.36165968E+004  0.36167223E+004
  1518.0451  0.18517972E+004  0.18539385E+004  0.57972073E-003  0.14515966E+000  0.14508539E+000  0.18513647E+004  0.18513502E+004  0.37040158E+004  0.37041445E+004
  1518.2957  0.18971015E+004  0.18992952E+004  0.59390404E-003  0.14871106E+000  0.14863498E+000  0.18966602E+004  0.18966454E+004  0.37946365E+004  0.37947684E+004
  1518.5464  0.19440853E+004  0.19463333E+004  0.60861316E-003  0.15239413E+000  0.15231616E+000  0.19436350E+004  0.19436199E+004  0.38886168E+004  0.38887519E+004
  1518.7970  0.19928324E+004  0.19951369E+004  0.62387437E-003  0.15621543E+000  0.15613550E+000  0.19923729E+004  0.19923574E+004  0.39861244E+004  0.39862629E+004
  1519.0476  0.20434322E+004  0.20457951E+004  0.63971556E-003  0.16018196E+000  0.16010000E+000  0.20429631E+004  0.20429472E+004  0.40873376E+004  0.40874797E+004
  1519.2982  0.20959793E+004  0.20984030E+004  0.65616644E-003  0.16430115E+000  0.16421708E+000  0.20955004E+004  0.20954841E+004  0.41924462E+004  0.41925921E+004
  1519.5489  0.21505748E+004  0.21530617E+004  0.67325863E-003  0.16858091E+000  0.16849465E+000  0.21500858E+004  0.21500690E+004  0.43016523E+004  0.43018019E+004
  1519.7995  0.22073263E+004  0.22098788E+004  0.69102581E-003  0.17302969E+000  0.17294116E+000  0.22068269E+004  0.22068097E+004  0.44151710E+004  0.44153246E+004
  1520.0501  0.22663485E+004  0.22689692E+004  0.70950391E-003  0.17765648E+000  0.17756557E+000  0.22658383E+004  0.22658207E+004  0.45332319E+004  0.45333897E+004
  1520.3008  0.23277639E+004  0.23304557E+004  0.72873127E-003  0.18247087E+000  0.18237750E+000  0.23272427E+004  0.23272245E+004  0.46560799E+004  0.46562420E+004
  1520.5514  0.23917033E+004  0.23944690E+004  0.74874884E-003  0.18748313E+000  0.18738719E+000  0.23911706E+004  0.23911520E+004  0.47839767E+004  0.47841434E+004
  1520.8020  0.24583066E+004  0.24611492E+004  0.76960041E-003  0.19270421E+000  0.19260560E+000  0.24577621E+004  0.24577429E+004  0.49172021E+004  0.49173734E+004
  1521.0526  0.25277232E+004  0.25306462E+004  0.79133283E-003  0.19814584E+000  0.19804445E+000  0.25271666E+004  0.25271469E+004  0.50560553E+004  0.50562315E+004
  1521.3033  0.26001136E+004  0.26031203E+004  0.81399626E-003  0.20382060E+000  0.20371630E+000  0.25995445E+004  0.25995242E+004  0.52008569E+004  0.52010382E+004
  1521.5539  0.26756495E+004  0.26787436E+004  0.83764450E-003  0.20974194E+000  0.20963461E+000  0.26750675E+004  0.26750466E+004  0.53519506E+004  0.53521373E+004
  1521.8045  0.27545153E+004  0.27577005E+004  0.86233527E-003  0.21592431E+000  0.21581382E+000  0.27539199E+004  0.27538985E+004  0.55097051E+004  0.55098974E+004
  1522.0551  0.28369089E+004  0.28401894E+004  0.88813055E-003  0.22238325E+000  0.22226945E+000  0.28362998E+004  0.28362777E+004  0.56745166E+004  0.56747146E+004
  1522.3058  0.29230433E+004  0.29264234E+004  0.91509701E-003  0.22913544E+000  0.22901819E+000  0.29224200E+004  0.29223972E+004  0.58468109E+004  0.58470150E+004
  1522.5564  0.30131476E+004  0.30166319E+004  0.94330640E-003  0.23619885E+000  0.23607798E+000  0.30125097E+004  0.30124862E+004  0.60270463E+004  0.60272568E+004
  1522.8070  0.31074687E+004  0.31110621E+004  0.97283601E-003  0.24359282E+000  0.24346817E+000  0.31068157E+004  0.31067914E+004  0.62157168E+004  0.62159340E+004
  1523.0576  0.32062729E+004  0.32099805E+004  0.10037692E-002  0.25133825E+000  0.25120963E+000  0.32056043E+004  0.32055793E+004  0.64133552E+004  0.64135793E+004
  1523.3083  0.33098479E+004  0.33136753E+004  0.10361961E-002  0.25945767E+000  0.25932490E+000  0.33091632E+004  0.33091374E+004  0.66205367E+004  0.66207682E+004
  1523.5589  0.34185046E+004  0.34224576E+004  0.10702140E-002  0.26797547E+000  0.26783833E+000  0.34178032E+004  0.34177766E+004  0.68378835E+004  0.68381227E+004
  1523.8095  0.35325795E+004  0.35366645E+004  0.11059284E-002  0.27691804E+000  0.27677632E+000  0.35318611E+004  0.35318335E+004  0.70660688E+004  0.70663161E+004
  1524.0602  0.36524377E+004  0.36566612E+004  0.11434533E-002  0.28631396E+000  0.28616744E+000  0.36517015E+004  0.36516730E+004  0.73058225E+004  0.73060783E+004
  1524.3108  0.37784748E+004  0.37828441E+004  0.11829129E-002  0.29619430E+000  0.29604272E+000  0.37777204E+004  0.37776909E+004  0.75579366E+004  0.75582014E+004
  1524.5614  0.39111213E+004  0.39156440E+004  0.12244418E-002  0.30659277E+000  0.30643586E+000  0.39103480E+004  0.39103176E+004  0.78232719E+004  0.78235460E+004
  1524.8120  0.40508453E+004  0.40555295E+004  0.12681866E-002  0.31754608E+000  0.31738356E+000  0.40500526E+004  0.40500210E+004  0.81027647E+004  0.81030488E+004
  1525.0627  0.41981569E+004  0.42030115E+004  0.13143071E-002  0.32909422E+000  0.32892579E+000  0.41973442E+004  0.41973115E+004  0.83974357E+004  0.83977303E+004
  1525.3133  0.43536130E+004  0.43586473E+004  0.13629775E-002  0.34128084E+000  0.34110618E+000  0.43527795E+004  0.43527456E+004  0.87083987E+004  0.87087044E+004
  1525.5639  0.45178219E+004  0.45230461E+004  0.14143885E-002  0.35415366E+000  0.35397241E+000  0.45169672E+004  0.45169320E+004  0.90368708E+004  0.90371882E+004
  1525.8145  0.46914498E+004  0.46968748E+004  0.14687485E-002  0.36776488E+000  0.36757666E+000  0.46905732E+004  0.46905366E+004  0.93841847E+004  0.93845145E+004
  1526.0652  0.48752270E+004  0.48808645E+004  0.15262862E-002  0.38217176E+000  0.38197617E+000  0.48743279E+004  0.48742899E+004  0.97518011E+004  0.97521440E+004
  1526.3158  0.50699556E+004  0.50758183E+004  0.15872528E-002  0.39743719E+000  0.39723378E+000  0.50690333E+004  0.50689938E+004  0.10141325E+005  0.10141682E+005
  1526.5664  0.52765180E+004  0.52826195E+004  0.16519245E-002  0.41363034E+000  0.41341864E+000  0.52755718E+004  0.52755307E+004  0.10554521E+005  0.10554892E+005
  1526.8170  0.54958866E+004  0.55022418E+004  0.17206060E-002  0.43082746E+000  0.43060696E+000  0.54949160E+004  0.54948732E+004  0.10993334E+005  0.10993722E+005
  1527.0677  0.57291354E+004  0.57357603E+004  0.17936333E-002  0.44911273E+000  0.44888287E+000  0.57281397E+004  0.57280951E+004  0.11459914E+005  0.11460318E+005
  1527.3183  0.59774521E+004  0.59843642E+004  0.18713784E-002  0.46857930E+000  0.46833947E+000  0.59764309E+004  0.59763843E+004  0.11956636E+005  0.11957058E+005
  1527.5689  0.62421539E+004  0.62493720E+004  0.19542538E-002  0.48933039E+000  0.48907994E+000  0.62411065E+004  0.62410579E+004  0.12486135E+005  0.12486576E+005
  1527.8195  0.65247034E+004  0.65322482E+004  0.20427175E-002  0.51148071E+000  0.51121892E+000  0.65236294E+004  0.65235786E+004  0.13051338E+005  0.13051799E+005
  1528.0702  0.68267291E+004  0.68346232E+004  0.21372793E-002  0.53515792E+000  0.53488401E+000  0.68256282E+004  0.68255749E+004  0.13655501E+005  0.13655984E+005
  1528.3208  0.71500479E+004  0.71583158E+004  0.22385081E-002  0.56050446E+000  0.56021758E+000  0.71489197E+004  0.71488640E+004  0.14302260E+005  0.14302766E+005
  1528.5714  0.74966916E+004  0.75053604E+004  0.23470403E-002  0.58767964E+000  0.58737884E+000  0.74955360E+004  0.74954775E+004  0.14995680E+005  0.14996211E+005
  1528.8221  0.78689380E+004  0.78780372E+004  0.24635890E-002  0.61686203E+000  0.61654629E+000  0.78677549E+004  0.78676936E+004  0.15740316E+005  0.15740874E+005
  1529.0727  0.82693470E+004  0.82789092E+004  0.25889558E-002  0.64825234E+000  0.64792054E+000  0.82681367E+004  0.82680722E+004  0.16541291E+005  0.16541878E+005
  1529.3233  0.87008031E+004  0.87108643E+004  0.27240439E-002  0.68207673E+000  0.68172761E+000  0.86995661E+004  0.86994983E+004  0.17404375E+005  0.17404993E+005
  1529.5739  0.91665658E+004  0.91771656E+004  0.28698741E-002  0.71859074E+000  0.71822292E+000  0.91653028E+004  0.91652314E+004  0.18336088E+005  0.18336741E+005
  1529.8246  0.96703285E+004  0.96815108E+004  0.30276028E-002  0.75808394E+000  0.75769591E+000  0.96690407E+004  0.96689653E+004  0.19343820E+005  0.19344509E+005
  1530.0752  0.10216289E+005  0.10228102E+005  0.31985445E-002  0.80088545E+000  0.80047551E+000  0.10214978E+005  0.10214898E+005  0.20435969E+005  0.20436697E+005
  1530.3258  0.10809233E+005  0.10821732E+005  0.33841979E-002  0.84737051E+000  0.84693677E+000  0.10807901E+005  0.10807817E+005  0.21622108E+005  0.21622880E+005
  1530.5764  0.11454634E+005  0.11467879E+005  0.35862771E-002  0.89796830E+000  0.89750865E+000  0.11453284E+005  0.11453195E+005  0.22913189E+005  0.22914008E+005
  1530.8271  0.12158775E+005  0.12172835E+005  0.38067495E-002  0.95317140E+000  0.95268350E+000  0.12157412E+005  0.12157317E+005  0.24321781E+005  0.24322652E+005
  1531.0777  0.12928893E+005  0.12943843E+005  0.40478812E-002  0.10135472E+001  0.10130284E+001  0.12927521E+005  0.12927420E+005  0.25862362E+005  0.25863289E+005
  1531.3283  0.13773353E+005  0.13789280E+005  0.43122918E-002  0.10797516E+001  0.10791989E+001  0.13771979E+005  0.13771871E+005  0.27551667E+005  0.27552656E+005
  1531.5789  0.14701864E+005  0.14718864E+005  0.46030218E-002  0.11525458E+001  0.11519559E+001  0.14700496E+005  0.14700381E+005  0.29409121E+005  0.29410179E+005
  1531.8296  0.15725739E+005  0.15743923E+005  0.49236141E-002  0.12328170E+001  0.12321859E+001  0.15724388E+005  0.15724265E+005  0.31457358E+005  0.31458492E+005
  1532.0802  0.16858218E+005  0.16877712E+005  0.52782149E-002  0.13216032E+001  0.13209266E+001  0.16856898E+005  0.16856766E+005  0.33722867E+005  0.33724084E+005
  1532.3308  0.18114862E+005  0.18135809E+005  0.56716975E-002  0.14201245E+001  0.14193975E+001  0.18113590E+005  0.18113449E+005  0.36236781E+005  0.36238091E+005
  1532.5815  0.19514048E+005  0.19536613E+005  0.61098167E-002  0.15298218E+001  0.15290387E+001  0.19512846E+005  0.19512694E+005  0.39035864E+005  0.39037278E+005
  1532.8321  0.21077578E+005  0.21101951E+005  0.65994006E-002  0.16524047E+001  0.16515589E+001  0.21076474E+005  0.21076309E+005  0.42163738E+005  0.42165270E+005
  1533.0827  0.22831450E+005  0.22857851E+005  0.71485911E-002  0.17899117E+001  0.17889955E+001  0.22830478E+005  0.22830300E+005  0.45672419E+005  0.45674081E+005
  1533.3333  0.24806824E+005  0.24835509E+005  0.77671468E-002  0.19447861E+001  0.19437905E+001  0.24806027E+005  0.24805834E+005  0.49624247E+005  0.49626058E+005
  1533.5840  0.27041242E+005  0.27072511E+005  0.84668258E-002  0.21199717E+001  0.21188864E+001  0.27040678E+005  0.27040467E+005  0.54094340E+005  0.54096320E+005
  1533.8346  0.29580185E+005  0.29614389E+005  0.92618719E-002  0.23190348E+001  0.23178476E+001  0.29579924E+005  0.29579694E+005  0.59173692E+005  0.59175863E+005
  1534.0852  0.32479043E+005  0.32516600E+005  0.10169633E-001  0.25463187E+001  0.25450151E+001  0.32479176E+005  0.32478923E+005  0.64973130E+005  0.64975521E+005
  1534.3358  0.35805643E+005  0.35847047E+005  0.11211353E-001  0.28071421E+001  0.28057050E+001  0.35806286E+005  0.35806007E+005  0.71628363E+005  0.71631008E+005
  1534.5865  0.39643468E+005  0.39689309E+005  0.12413178E-001  0.31080513E+001  0.31064602E+001  0.39644768E+005  0.39644459E+005  0.79306425E+005  0.79309364E+005
  1534.8371  0.44095756E+005  0.44146745E+005  0.13807444E-001  0.34571420E+001  0.34553721E+001  0.44097903E+005  0.44097559E+005  0.88213884E+005  0.88217166E+005
  1535.0877  0.49290690E+005  0.49347686E+005  0.15434298E-001  0.38644659E+001  0.38624875E+001  0.49293926E+005  0.49293542E+005  0.98607217E+005  0.98610900E+005
  1535.3383  0.55387859E+005  0.55451905E+005  0.17343725E-001  0.43425373E+001  0.43403141E+001  0.55392491E+005  0.55392060E+005  0.11080574E+006  0.11080989E+006
  1535.5890  0.62586078E+005  0.62658447E+005  0.19597996E-001  0.49069469E+001  0.49044347E+001  0.62592499E+005  0.62592011E+005  0.12520725E+006  0.12521197E+006
  1535.8396  0.71132382E+005  0.71214633E+005  0.22274484E-001  0.55770662E+001  0.55742108E+001  0.71141082E+005  0.71140528E+005  0.14230604E+006  0.14231143E+006
  1536.0902  0.81331231E+005  0.81425275E+005  0.25468545E-001  0.63767693E+001  0.63735044E+001  0.81342810E+005  0.81342176E+005  0.16271128E+006  0.16271746E+006
  1536.3409  0.93551415E+005  0.93659590E+005  0.29295676E-001  0.73349733E+001  0.73312178E+001  0.93566575E+005  0.93565846E+005  0.18716081E+006  0.18716795E+006
  1536.5915  0.10822484E+006  0.10834998E+006  0.33891125E-001  0.84855415E+001  0.84811968E+001  0.10824434E+006  0.10824350E+006  0.21651869E+006  0.21652700E+006
  1536.8421  0.12582508E+006  0.12597057E+006  0.39403153E-001  0.98655979E+001  0.98605465E+001  0.12584959E+006  0.12584861E+006  0.25173222E+006  0.25174191E+006
  1537.0927  0.14680270E+006  0.14697245E+006  0.45972746E-001  0.11510448E+002  0.11504555E+002  0.14683249E+006  0.14683135E+006  0.29370233E+006  0.29371365E+006
  1537.3434  0.17143864E+006  0.17163688E+006  0.53687626E-001  0.13442072E+002  0.13435189E+002  0.17147295E+006  0.17147161E+006  0.34299000E+006  0.34300321E+006
  1537.5940  0.19956406E+006  0.19979482E+006  0.62494441E-001  0.15647140E+002  0.15639128E+002  0.19960003E+006  0.19959848E+006  0.39925540E+006  0.39927071E+006
  1537.8446  0.23011475E+006  0.23038083E+006  0.72059143E-001  0.18042062E+002  0.18032824E+002  0.23014598E+006  0.23014418E+006  0.46036609E+006  0.46038357E+006
  1538.0952  0.26060680E+006  0.26090815E+006  0.81602909E-001  0.20431898E+002  0.20421438E+002  0.26062224E+006  0.26062021E+006  0.52134855E+006  0.52136799E+006
  1538.3459  0.28689934E+006  0.28723109E+006  0.89828294E-001  0.22491843E+002  0.22480329E+002  0.28688416E+006  0.28688193E+006  0.57391535E+006  0.57393619E+006
  1538.5965  0.30388743E+006  0.30423883E+006  0.95137124E-001  0.23821723E+002  0.23809529E+002  0.30382786E+006  0.30382549E+006  0.60785534E+006  0.60787665E+006
  1538.8471  0.30744202E+006  0.30779754E+006  0.96238545E-001  0.24098206E+002  0.24085872E+002  0.30733288E+006  0.30733048E+006  0.61491702E+006  0.61493773E+006
  1539.0977  0.29661235E+006  0.29695535E+006  0.92837931E-001  0.23247335E+002  0.23235438E+002  0.29646161E+006  0.29645930E+006  0.59321148E+006  0.59323066E+006
  1539.3484  0.27420052E+006  0.27451760E+006  0.85814953E-001  0.21489226E+002  0.21478230E+002  0.27402600E+006  0.27402386E+006  0.54835395E+006  0.54837107E+006
  1539.5990  0.24513812E+006  0.24542160E+006  0.76714111E-001  0.19210578E+002  0.19200749E+002  0.24495917E+006  0.24495726E+006  0.49021141E+006  0.49022631E+006
  1539.8496  0.21420137E+006  0.21444908E+006  0.67029738E-001  0.16785619E+002  0.16777030E+002  0.21403235E+006  0.21403068E+006  0.42833356E+006  0.42834636E+006
  1540.1003  0.18468995E+006  0.18490353E+006  0.57793445E-001  0.14472742E+002  0.14465338E+002  0.18453853E+006  0.18453710E+006  0.36931461E+006  0.36932555E+006
  1540.3509  0.15829648E+006  0.15847954E+006  0.49533987E-001  0.12404416E+002  0.12398070E+002  0.15816509E+006  0.15816386E+006  0.31653541E+006  0.31654476E+006
  1540.6015  0.13555932E+006  0.13571608E+006  0.42419207E-001  0.10622710E+002  0.10617275E+002  0.13544728E+006  0.13544623E+006  0.27106983E+006  0.27107784E+006
  1540.8521  0.11637063E+006  0.11650521E+006  0.36415010E-001  0.91191062E+001  0.91144406E+001  0.11627585E+006  0.11627494E+006  0.23270074E+006  0.23270765E+006
  1541.1028  0.10033686E+006  0.10045290E+006  0.31398072E-001  0.78627325E+001  0.78587097E+001  0.10025681E+006  0.10025603E+006  0.20064045E+006  0.20064643E+006
  1541.3534  0.86983566E+005  0.87084156E+005  0.27219858E-001  0.68163969E+001  0.68129094E+001  0.86915832E+005  0.86915154E+005  0.17393993E+006  0.17394515E+006
  1541.6040  0.75853964E+005  0.75941683E+005  0.23737413E-001  0.59443017E+001  0.59412603E+001  0.75796411E+005  0.75795820E+005  0.15168571E+006  0.15169028E+006
  1541.8546  0.66547620E+005  0.66624578E+005  0.20825436E-001  0.52150681E+001  0.52123998E+001  0.66498455E+005  0.66497936E+005  0.13307706E+006  0.13308110E+006
  1542.1053  0.58729409E+005  0.58797325E+005  0.18379067E-001  0.46024367E+001  0.46000818E+001  0.58687155E+005  0.58686698E+005  0.11744390E+006  0.11744748E+006
  1542.3559  0.52125523E+005  0.52185802E+005  0.16312639E-001  0.40849538E+001  0.40828637E+001  0.52088983E+005  0.52088577E+005  0.10423876E+006  0.10424196E+006
  1542.6065  0.46514917E+005  0.46568708E+005  0.14556994E-001  0.36452999E+001  0.36434347E+001  0.46483122E+005  0.46482760E+005  0.93019676E+005  0.93022542E+005
  1542.8571  0.41720027E+005  0.41768272E+005  0.13056577E-001  0.32695622E+001  0.32678893E+001  0.41692193E+005  0.41691868E+005  0.83431620E+005  0.83434202E+005
  1543.1078  0.37598320E+005  0.37641800E+005  0.11766795E-001  0.29465732E+001  0.29450655E+001  0.37573813E+005  0.37573520E+005  0.75189612E+005  0.75191949E+005
  1543.3584  0.34035177E+005  0.34074536E+005  0.10651785E-001  0.26673520E+001  0.26659871E+001  0.34013480E+005  0.34013215E+005  0.68064475E+005  0.68066599E+005
  1543.6090  0.30938102E+005  0.30973879E+005  0.96826083E-002  0.24246511E+001  0.24234104E+001  0.30918792E+005  0.30918551E+005  0.61871269E+005  0.61873207E+005
  1543.8596  0.28232122E+005  0.28264770E+005  0.88358077E-002  0.22125963E+001  0.22114641E+001  0.28214853E+005  0.28214633E+005  0.56460090E+005  0.56461864E+005
  1544.1103  0.25856168E+005  0.25886068E+005  0.80922752E-002  0.20264022E+001  0.20253653E+001  0.25840651E+005  0.25840450E+005  0.51708827E+005  0.51710458E+005
  1544.3609  0.23760225E+005  0.23787702E+005  0.74363626E-002  0.18621503E+001  0.18611974E+001  0.23746225E+005  0.23746040E+005  0.47517483E+005  0.47518986E+005
  1544.6115  0.21903119E+005  0.21928448E+005  0.68551861E-002  0.17166139E+001  0.17157355E+001  0.21890435E+005  0.21890264E+005  0.43803722E+005  0.43805111E+005
  1544.8622  0.20250762E+005  0.20274180E+005  0.63380801E-002  0.15871222E+001  0.15863100E+001  0.20239226E+005  0.20239069E+005  0.40499388E+005  0.40500676E+005
  1545.1128  0.18774787E+005  0.18796498E+005  0.58761685E-002  0.14714523E+001  0.14706993E+001  0.18764259E+005  0.18764112E+005  0.37547758E+005  0.37548955E+005
  1545.3634  0.17451462E+005  0.17471643E+005  0.54620257E-002  0.13677447E+001  0.13670448E+001  0.17441821E+005  0.17441685E+005  0.34901380E+005  0.34902495E+005
  1545.6140  0.16260833E+005  0.16279637E+005  0.50894079E-002  0.12744358E+001  0.12737836E+001  0.16251977E+005  0.16251851E+005  0.32520355E+005  0.32521396E+005
  1545.8647  0.15186043E+005  0.15203604E+005  0.47530399E-002  0.11902045E+001  0.11895954E+001  0.15177884E+005  0.15177765E+005  0.30370971E+005  0.30371945E+005
  1546.1153  0.14212778E+005  0.14229214E+005  0.44484433E-002  0.11139293E+001  0.11133593E+001  0.14205240E+005  0.14205130E+005  0.28424610E+005  0.28425524E+005
  1546.3659  0.13328836E+005  0.13344249E+005  0.41717994E-002  0.10446540E+001  0.10441195E+001  0.13321854E+005  0.13321750E+005  0.26656871E+005  0.26657729E+005
  1546.6165  0.12523764E+005  0.12538246E+005  0.39198377E-002  0.98155961E+000  0.98105733E+000  0.12517281E+005  0.12517184E+005  0.25046853E+005  0.25047660E+005
  1546.8672  0.11788575E+005  0.11802207E+005  0.36897455E-002  0.92394168E+000  0.92346889E+000  0.11782542E+005  0.11782450E+005  0.23576583E+005  0.23577344E+005
  1547.1178  0.11115509E+005  0.11128363E+005  0.34790946E-002  0.87119215E+000  0.87074635E+000  0.11109881E+005  0.11109795E+005  0.22230543E+005  0.22231262E+005
  1547.3684  0.10497839E+005  0.10509979E+005  0.32857802E-002  0.82278398E+000  0.82236295E+000  0.10492580E+005  0.10492498E+005  0.20995285E+005  0.20995965E+005
  1547.6190  0.99297169E+004  0.99411995E+004  0.31079718E-002  0.77825874E+000  0.77786049E+000  0.99247912E+004  0.99247138E+004  0.19859111E+005  0.19859755E+005
  1547.8697  0.94060353E+004  0.94169124E+004  0.29440714E-002  0.73721628E+000  0.73683903E+000  0.94014138E+004  0.94013406E+004  0.18811809E+005  0.18812420E+005
  1548.1203  0.89223229E+004  0.89326407E+004  0.27926797E-002  0.69930617E+000  0.69894833E+000  0.89179792E+004  0.89179097E+004  0.17844437E+005  0.17845017E+005
  1548.3709  0.84746512E+004  0.84844512E+004  0.26525673E-002  0.66422056E+000  0.66388067E+000  0.84705616E+004  0.84704956E+004  0.16949140E+005  0.16949692E+005
  1548.6216  0.80595580E+004  0.80688780E+004  0.25226508E-002  0.63168814E+000  0.63136489E+000  0.80557016E+004  0.80556388E+004  0.16118994E+005  0.16119519E+005
  1548.8722  0.76739838E+004  0.76828579E+004  0.24019726E-002  0.60146913E+000  0.60116135E+000  0.76703418E+004  0.76702820E+004  0.15347881E+005  0.15348382E+005
  1549.1228  0.73152168E+004  0.73236760E+004  0.22896841E-002  0.57335102E+000  0.57305763E+000  0.73117722E+004  0.73117152E+004  0.14630378E+005  0.14630856E+005
  1549.3734  0.69808472E+004  0.69889198E+004  0.21850313E-002  0.54714497E+000  0.54686499E+000  0.69775849E+004  0.69775306E+004  0.13961666E+005  0.13962122E+005
  1549.6241  0.66687281E+004  0.66764398E+004  0.20873422E-002  0.52268271E+000  0.52241525E+000  0.66656344E+004  0.66655824E+004  0.13337452E+005  0.13337888E+005
  1549.8747  0.63769418E+004  0.63843160E+004  0.19960166E-002  0.49981397E+000  0.49955821E+000  0.63740042E+004  0.63739545E+004  0.12753900E+005  0.12754317E+005
  1550.1253  0.61037715E+004  0.61108298E+004  0.19105173E-002  0.47840420E+000  0.47815940E+000  0.61009787E+004  0.61009312E+004  0.12207577E+005  0.12207977E+005
  1550.3759  0.58476766E+004  0.58544388E+004  0.18303621E-002  0.45833267E+000  0.45809814E+000  0.58450185E+004  0.58449730E+004  0.11695403E+005  0.11695787E+005
  1550.6266  0.56072717E+004  0.56137559E+004  0.17551176E-002  0.43949080E+000  0.43926591E+000  0.56047391E+004  0.56046954E+004  0.11214608E+005  0.11214976E+005
  1550.8772  0.53813083E+004  0.53875312E+004  0.16843928E-002  0.42178075E+000  0.42156493E+000  0.53788926E+004  0.53788506E+004  0.10762693E+005  0.10763046E+005
  1551.1278  0.51686589E+004  0.51746358E+004  0.16178351E-002  0.40511416E+000  0.40490686E+000  0.51663523E+004  0.51663120E+004  0.10337405E+005  0.10337744E+005
  1551.3784  0.49683032E+004  0.49740485E+004  0.15551250E-002  0.38941106E+000  0.38921180E+000  0.49660988E+004  0.49660600E+004  0.99367025E+004  0.99370294E+004
  1551.6291  0.47793165E+004  0.47848432E+004  0.14959731E-002  0.37459900E+000  0.37440731E+000  0.47772077E+004  0.47771704E+004  0.95587371E+004  0.95590517E+004
  1551.8797  0.46008588E+004  0.46061792E+004  0.14401167E-002  0.36061213E+000  0.36042760E+000  0.45988397E+004  0.45988038E+004  0.92018287E+004  0.92021318E+004
  1552.1303  0.44321661E+004  0.44372914E+004  0.13873165E-002  0.34739057E+000  0.34721281E+000  0.44302311E+004  0.44301966E+004  0.88644492E+004  0.88647414E+004
  1552.3810  0.42725420E+004  0.42774827E+004  0.13373546E-002  0.33487975E+000  0.33470840E+000  0.42706861E+004  0.42706528E+004  0.85452060E+004  0.85454879E+004
  1552.6316  0.41213507E+004  0.41261166E+004  0.12900321E-002  0.32302986E+000  0.32286457E+000  0.41195692E+004  0.41195371E+004  0.82428279E+004  0.82430999E+004
  1552.8822  0.39780111E+004  0.39826112E+004  0.12451670E-002  0.31179533E+000  0.31163579E+000  0.39762998E+004  0.39762688E+004  0.79561524E+004  0.79564151E+004
  1553.1328  0.38419911E+004  0.38464339E+004  0.12025928E-002  0.30113448E+000  0.30098039E+000  0.38403459E+004  0.38403160E+004  0.76841155E+004  0.76843693E+004
  1553.3835  0.37128026E+004  0.37170960E+004  0.11621568E-002  0.29100904E+000  0.29086013E+000  0.37112199E+004  0.37111909E+004  0.74257411E+004  0.74259865E+004
  1553.6341  0.35899974E+004  0.35941488E+004  0.11237187E-002  0.28138389E+000  0.28123991E+000  0.35884737E+004  0.35884458E+004  0.71801329E+004  0.71803703E+004
  1553.8847  0.34731635E+004  0.34771798E+004  0.10871496E-002  0.27222674E+000  0.27208745E+000  0.34716956E+004  0.34716686E+004  0.69464666E+004  0.69466964E+004
  1554.1353  0.33619212E+004  0.33658088E+004  0.10523305E-002  0.26350783E+000  0.26337300E+000  0.33605062E+004  0.33604800E+004  0.67239834E+004  0.67242059E+004
  1554.3860  0.32559205E+004  0.32596856E+004  0.10191521E-002  0.25519975E+000  0.25506917E+000  0.32545557E+004  0.32545303E+004  0.65119831E+004  0.65121988E+004
  1554.6366  0.31548385E+004  0.31584867E+004  0.98751309E-003  0.24727716E+000  0.24715063E+000  0.31535212E+004  0.31534966E+004  0.63098198E+004  0.63100288E+004
  1554.8872  0.30583764E+004  0.30619131E+004  0.95732011E-003  0.23971666E+000  0.23959400E+000  0.30571042E+004  0.30570804E+004  0.61168960E+004  0.61170988E+004
  1555.1378  0.29662578E+004  0.29696880E+004  0.92848661E-003  0.23249658E+000  0.23237762E+000  0.29650285E+004  0.29650054E+004  0.59326591E+004  0.59328558E+004
  1555.3885  0.28782266E+004  0.28815550E+004  0.90093244E-003  0.22559686E+000  0.22548143E+000  0.28770381E+004  0.28770157E+004  0.57565967E+004  0.57567876E+004
  1555.6391  0.27940453E+004  0.27972763E+004  0.87458324E-003  0.21899887E+000  0.21888682E+000  0.27928956E+004  0.27928738E+004  0.55882338E+004  0.55884192E+004
  1555.8897  0.27134932E+004  0.27166310E+004  0.84936998E-003  0.21268533E+000  0.21257651E+000  0.27123804E+004  0.27123593E+004  0.54271292E+004  0.54273094E+004
  1556.1404  0.26363652E+004  0.26394138E+004  0.82522845E-003  0.20664017E+000  0.20653444E+000  0.26352877E+004  0.26352672E+004  0.52728728E+004  0.52730479E+004
  1556.3910  0.25624706E+004  0.25654338E+004  0.80209895E-003  0.20084842E+000  0.20074565E+000  0.25614267E+004  0.25614067E+004  0.51250830E+004  0.51252532E+004
  1556.6416  0.24916315E+004  0.24945128E+004  0.77992583E-003  0.19529615E+000  0.19519623E+000  0.24906198E+004  0.24906003E+004  0.49834042E+004  0.49835698E+004
  1556.8922  0.24236824E+004  0.24264851E+004  0.75865723E-003  0.18997038E+000  0.18987319E+000  0.24227012E+004  0.24226823E+004  0.48475050E+004  0.48476661E+004
  1557.1429  0.23584683E+004  0.23611956E+004  0.73824472E-003  0.18485899E+000  0.18476441E+000  0.23575165E+004  0.23574981E+004  0.47170760E+004  0.47172329E+004
  1557.3935  0.22958450E+004  0.22984998E+004  0.71864309E-003  0.17995064E+000  0.17985857E+000  0.22949211E+004  0.22949033E+004  0.45918283E+004  0.45919811E+004
  1557.6441  0.22356772E+004  0.22382625E+004  0.69981005E-003  0.17523476E+000  0.17514510E+000  0.22347802E+004  0.22347628E+004  0.44714918E+004  0.44716405E+004
  1557.8947  0.21778386E+004  0.21803570E+004  0.68170603E-003  0.17070143E+000  0.17061409E+000  0.21769672E+004  0.21769503E+004  0.43558134E+004  0.43559584E+004
  1558.1454  0.21222107E+004  0.21246648E+004  0.66429397E-003  0.16634136E+000  0.16625626E+000  0.21213640E+004  0.21213474E+004  0.42445565E+004  0.42446978E+004
  1558.3960  0.20686826E+004  0.20710747E+004  0.64753913E-003  0.16214587E+000  0.16206292E+000  0.20678594E+004  0.20678433E+004  0.41374990E+004  0.41376368E+004
  1558.6466  0.20171500E+004  0.20194826E+004  0.63140892E-003  0.15810679E+000  0.15802590E+000  0.20163495E+004  0.20163338E+004  0.40344327E+004  0.40345671E+004
  1558.8972  0.19675153E+004  0.19697905E+004  0.61587273E-003  0.15421646E+000  0.15413756E+000  0.19667365E+004  0.19667212E+004  0.39351620E+004  0.39352931E+004
  1559.1479  0.19196866E+004  0.19219065E+004  0.60090181E-003  0.15046768E+000  0.15039070E+000  0.19189286E+004  0.19189137E+004  0.38395033E+004  0.38396312E+004
  1559.3985  0.18735774E+004  0.18757440E+004  0.58646912E-003  0.14685367E+000  0.14677854E+000  0.18728395E+004  0.18728249E+004  0.37472836E+004  0.37474086E+004
  1559.6491  0.18291066E+004  0.18312217E+004  0.57254922E-003  0.14336806E+000  0.14329472E+000  0.18283879E+004  0.18283736E+004  0.36583406E+004  0.36584626E+004
  1559.8997  0.17861974E+004  0.17882629E+004  0.55911815E-003  0.14000487E+000  0.13993324E+000  0.17854973E+004  0.17854834E+004  0.35725210E+004  0.35726401E+004
  1560.1504  0.17447779E+004  0.17467955E+004  0.54615332E-003  0.13675842E+000  0.13668846E+000  0.17440956E+004  0.17440820E+004  0.34896805E+004  0.34897969E+004
  1560.4010  0.17047799E+004  0.17067513E+004  0.53363344E-003  0.13362339E+000  0.13355503E+000  0.17041147E+004  0.17041014E+004  0.34096832E+004  0.34097969E+004
  1560.6516  0.16661392E+004  0.16680659E+004  0.52153842E-003  0.13059475E+000  0.13052794E+000  0.16654906E+004  0.16654776E+004  0.33324005E+004  0.33325118E+004
  1560.9023  0.16287953E+004  0.16306789E+004  0.50984929E-003  0.12766774E+000  0.12760243E+000  0.16281626E+004  0.16281499E+004  0.32577114E+004  0.32578201E+004
  1561.1529  0.15926909E+004  0.15945327E+004  0.49854810E-003  0.12483788E+000  0.12477402E+000  0.15920735E+004  0.15920611E+004  0.31855011E+004  0.31856075E+004
  1561.4035  0.15577717E+004  0.15595731E+004  0.48761793E-003  0.12210092E+000  0.12203846E+000  0.15571692E+004  0.15571570E+004  0.31156615E+004  0.31157655E+004
  1561.6541  0.15239866E+004  0.15257490E+004  0.47704271E-003  0.11945285E+000  0.11939174E+000  0.15233984E+004  0.15233865E+004  0.30480899E+004  0.30481917E+004
  1561.9048  0.14912871E+004  0.14930116E+004  0.46680729E-003  0.11688986E+000  0.11683006E+000  0.14907126E+004  0.14907010E+004  0.29826895E+004  0.29827891E+004
  1562.1554  0.14596272E+004  0.14613151E+004  0.45689727E-003  0.11440835E+000  0.11434983E+000  0.14590660E+004  0.14590546E+004  0.29193683E+004  0.29194658E+004
  1562.4060  0.14289633E+004  0.14306158E+004  0.44729902E-003  0.11200492E+000  0.11194762E+000  0.14284150E+004  0.14284039E+004  0.28580392E+004  0.28581348E+004
  1562.6566  0.13992543E+004  0.14008723E+004  0.43799964E-003  0.10967632E+000  0.10962021E+000  0.13987184E+004  0.13987075E+004  0.27986198E+004  0.27987133E+004
  1562.9073  0.13704608E+004  0.13720456E+004  0.42898684E-003  0.10741948E+000  0.10736453E+000  0.13699369E+004  0.13699262E+004  0.27410316E+004  0.27411232E+004
  1563.1579  0.13425458E+004  0.13440983E+004  0.42024900E-003  0.10523149E+000  0.10517766E+000  0.13420335E+004  0.13420230E+004  0.26852002E+004  0.26852900E+004
  1563.4085  0.13154739E+004  0.13169950E+004  0.41177506E-003  0.10310959E+000  0.10305685E+000  0.13149728E+004  0.13149626E+004  0.26310550E+004  0.26311430E+004
  1563.6591  0.12892115E+004  0.12907023E+004  0.40355451E-003  0.10105113E+000  0.10099944E+000  0.12887213E+004  0.12887112E+004  0.25785290E+004  0.25786153E+004
  1563.9098  0.12637267E+004  0.12651881E+004  0.39557736E-003  0.99053629E-001  0.99002962E-001  0.12632471E+004  0.12632372E+004  0.25275582E+004  0.25276428E+004
  1564.1604  0.12389892E+004  0.12404220E+004  0.38783411E-003  0.97114694E-001  0.97065019E-001  0.12385197E+004  0.12385101E+004  0.24780819E+004  0.24781649E+004
  1564.4110  0.12149701E+004  0.12163750E+004  0.38031572E-003  0.95232063E-001  0.95183352E-001  0.12145105E+004  0.12145010E+004  0.24300424E+004  0.24301238E+004
  1564.6617  0.11916418E+004  0.11930198E+004  0.37301357E-003  0.93403582E-001  0.93355806E-001  0.11911918E+004  0.11911825E+004  0.23833847E+004  0.23834645E+004
  1564.9123  0.11689782E+004  0.11703300E+004  0.36591947E-003  0.91627195E-001  0.91580328E-001  0.11685374E+004  0.11685283E+004  0.23380562E+004  0.23381345E+004
  1565.1629  0.11469542E+004  0.11482805E+004  0.35902558E-003  0.89900944E-001  0.89854961E-001  0.11465225E+004  0.11465135E+004  0.22940071E+004  0.22940839E+004
  1565.4135  0.11255461E+004  0.11268477E+004  0.35232447E-003  0.88222964E-001  0.88177839E-001  0.11251231E+004  0.11251143E+004  0.22511897E+004  0.22512651E+004
  1565.6642  0.11047311E+004  0.11060086E+004  0.34580900E-003  0.86591472E-001  0.86547182E-001  0.11043166E+004  0.11043079E+004  0.22095586E+004  0.22096326E+004
  1565.9148  0.10844876E+004  0.10857417E+004  0.33947241E-003  0.85004769E-001  0.84961292E-001  0.10840812E+004  0.10840728E+004  0.21690703E+004  0.21691430E+004
  1566.1654  0.10647948E+004  0.10660261E+004  0.33330820E-003  0.83461233E-001  0.83418546E-001  0.10643964E+004  0.10643881E+004  0.21296836E+004  0.21297549E+004
  1566.4160  0.10456330E+004  0.10468421E+004  0.32731019E-003  0.81959313E-001  0.81917395E-001  0.10452423E+004  0.10452342E+004  0.20913588E+004  0.20914289E+004
  1566.6667  0.10269832E+004  0.10281708E+004  0.32147247E-003  0.80497529E-001  0.80456359E-001  0.10266001E+004  0.10265920E+004  0.20540581E+004  0.20541270E+004
  1566.9173  0.10088274E+004  0.10099940E+004  0.31578937E-003  0.79074465E-001  0.79034023E-001  0.10084516E+004  0.10084437E+004  0.20177455E+004  0.20178131E+004
  1567.1679  0.99114837E+003  0.99229452E+003  0.31025549E-003  0.77688766E-001  0.77649033E-001  0.99077964E+003  0.99077192E+003  0.19823863E+004  0.19824528E+004
  1567.4185  0.97392953E+003  0.97505576E+003  0.30486566E-003  0.76339137E-001  0.76300095E-001  0.97356770E+003  0.97356011E+003  0.19479476E+004  0.19480129E+004
  1567.6692  0.95715506E+003  0.95826190E+003  0.29961493E-003  0.75024339E-001  0.74985969E-001  0.95679994E+003  0.95679249E+003  0.19143976E+004  0.19144618E+004
  1567.9198  0.94080983E+003  0.94189776E+003  0.29449855E-003  0.73743184E-001  0.73705470E-001  0.94046124E+003  0.94045391E+003  0.18817061E+004  0.18817692E+004
  1568.1704  0.92487933E+003  0.92594884E+003  0.28951199E-003  0.72494535E-001  0.72457460E-001  0.92453709E+003  0.92452988E+003  0.18498441E+004  0.18499061E+004
  1568.4211  0.90934965E+003  0.91040120E+003  0.28465089E-003  0.71277303E-001  0.71240851E-001  0.90901359E+003  0.90900650E+003  0.18187837E+004  0.18188447E+004
  1568.6717  0.89420749E+003  0.89524153E+003  0.27991109E-003  0.70090443E-001  0.70054599E-001  0.89387744E+003  0.89387047E+003  0.17884984E+004  0.17885584E+004
  1568.9223  0.87944005E+003  0.88045701E+003  0.27528859E-003  0.68932955E-001  0.68897704E-001  0.87911586E+003  0.87910900E+003  0.17589625E+004  0.17590216E+004
  1569.1729  0.86503510E+003  0.86603540E+003  0.27077954E-003  0.67803879E-001  0.67769205E-001  0.86471660E+003  0.86470986E+003  0.17301517E+004  0.17302097E+004
  1569.4236  0.85098087E+003  0.85196492E+003  0.26638028E-003  0.66702292E-001  0.66668182E-001  0.85066793E+003  0.85066129E+003  0.17020423E+004  0.17020994E+004
  1569.6742  0.83726608E+003  0.83823427E+003  0.26208727E-003  0.65627310E-001  0.65593750E-001  0.83695855E+003  0.83695202E+003  0.16746117E+004  0.16746680E+004
  1569.9248  0.82387989E+003  0.82483261E+003  0.25789711E-003  0.64578085E-001  0.64545062E-001  0.82357763E+003  0.82357122E+003  0.16478385E+004  0.16478938E+004
  1570.1754  0.81081191E+003  0.81174952E+003  0.25380656E-003  0.63553800E-001  0.63521302E-001  0.81051479E+003  0.81050847E+003  0.16217016E+004  0.16217560E+004
  1570.4261  0.79805213E+003  0.79897498E+003  0.24981248E-003  0.62553673E-001  0.62521686E-001  0.79776002E+003  0.79775380E+003  0.15961811E+004  0.15962347E+004
  1570.6767  0.78559095E+003  0.78649939E+003  0.24591186E-003  0.61576949E-001  0.61545462E-001  0.78530372E+003  0.78529760E+003  0.15712579E+004  0.15713107E+004
  1570.9273  0.77341913E+003  0.77431349E+003  0.24210182E-003  0.60622905E-001  0.60591906E-001  0.77313666E+003  0.77313064E+003  0.15469134E+004  0.15469653E+004
  1571.1779  0.76152778E+003  0.76240839E+003  0.23837957E-003  0.59690845E-001  0.59660324E-001  0.76124996E+003  0.76124403E+003  0.15231298E+004  0.15231810E+004
  1571.4286  0.74990837E+003  0.75077554E+003  0.23474244E-003  0.58780100E-001  0.58750044E-001  0.74963508E+003  0.74962924E+003  0.14998902E+004  0.14999405E+004
  1571.6792  0.73855266E+003  0.73940671E+003  0.23118786E-003  0.57890023E-001  0.57860423E-001  0.73828380E+003  0.73827804E+003  0.14771779E+004  0.14772275E+004
  1571.9298  0.72745275E+003  0.72829396E+003  0.22771334E-003  0.57019996E-001  0.56990842E-001  0.72718821E+003  0.72718254E+003  0.14549773E+004  0.14550262E+004
  1572.1805  0.71660102E+003  0.71742968E+003  0.22431651E-003  0.56169422E-001  0.56140702E-001  0.71634069E+003  0.71633510E+003  0.14332730E+004  0.14333212E+004
  1572.4311  0.70599012E+003  0.70680651E+003  0.22099506E-003  0.55337724E-001  0.55309430E-001  0.70573391E+003  0.70572841E+003  0.14120504E+004  0.14120979E+004
  1572.6817  0.69561299E+003  0.69641739E+003  0.21774679E-003  0.54524349E-001  0.54496471E-001  0.69536080E+003  0.69535538E+003  0.13912954E+004  0.13913421E+004
  1572.9323  0.68546283E+003  0.68625548E+003  0.21456956E-003  0.53728763E-001  0.53701293E-001  0.68521456E+003  0.68520922E+003  0.13709943E+004  0.13710404E+004
  1573.1830  0.67553305E+003  0.67631422E+003  0.21146132E-003  0.52950452E-001  0.52923380E-001  0.67528861E+003  0.67528335E+003  0.13511340E+004  0.13511794E+004
  1573.4336  0.66581733E+003  0.66658727E+003  0.20842008E-003  0.52188918E-001  0.52162236E-001  0.66557664E+003  0.66557146E+003  0.13317018E+004  0.13317466E+004
  1573.6842  0.65630957E+003  0.65706851E+003  0.20544393E-003  0.51443685E-001  0.51417384E-001  0.65607255E+003  0.65606743E+003  0.13126855E+004  0.13127297E+004
  1573.9348  0.64700388E+003  0.64775206E+003  0.20253103E-003  0.50714290E-001  0.50688362E-001  0.64677044E+003  0.64676540E+003  0.12940734E+004  0.12941169E+004
  1574.1855  0.63789458E+003  0.63863222E+003  0.19967961E-003  0.50000287E-001  0.49974725E-001  0.63766463E+003  0.63765966E+003  0.12758541E+004  0.12758970E+004
  1574.4361  0.62897617E+003  0.62970351E+003  0.19688794E-003  0.49301248E-001  0.49276044E-001  0.62874965E+003  0.62874475E+003  0.12580166E+004  0.12580589E+004
  1574.6867  0.62024338E+003  0.62096062E+003  0.19415438E-003  0.48616757E-001  0.48591903E-001  0.62002021E+003  0.62001537E+003  0.12405503E+004  0.12405920E+004
  1574.9373  0.61169109E+003  0.61239843E+003  0.19147731E-003  0.47946413E-001  0.47921902E-001  0.61147118E+003  0.61146642E+003  0.12234450E+004  0.12234862E+004
  1575.1880  0.60331435E+003  0.60401201E+003  0.18885519E-003  0.47289830E-001  0.47265655E-001  0.60309765E+003  0.60309295E+003  0.12066909E+004  0.12067315E+004
  1575.4386  0.59510841E+003  0.59579658E+003  0.18628654E-003  0.46646634E-001  0.46622788E-001  0.59489484E+003  0.59489020E+003  0.11902784E+004  0.11903184E+004
  1575.6892  0.58706865E+003  0.58774752E+003  0.18376990E-003  0.46016463E-001  0.45992940E-001  0.58685814E+003  0.58685357E+003  0.11741982E+004  0.11742377E+004
  1575.9398  0.57919061E+003  0.57986037E+003  0.18130389E-003  0.45398969E-001  0.45375761E-001  0.57898311E+003  0.57897860E+003  0.11584415E+004  0.11584804E+004
  1576.1905  0.57147000E+003  0.57213083E+003  0.17888715E-003  0.44793813E-001  0.44770915E-001  0.57126543E+003  0.57126098E+003  0.11429996E+004  0.11430381E+004
  1576.4411  0.56390265E+003  0.56455473E+003  0.17651839E-003  0.44200670E-001  0.44178076E-001  0.56370095E+003  0.56369656E+003  0.11278643E+004  0.11279022E+004
  1576.6917  0.55648452E+003  0.55712803E+003  0.17419634E-003  0.43619224E-001  0.43596927E-001  0.55628565E+003  0.55628131E+003  0.11130274E+004  0.11130649E+004
  1576.9424  0.54921173E+003  0.54984683E+003  0.17191978E-003  0.43049169E-001  0.43027164E-001  0.54901561E+003  0.54901133E+003  0.10984812E+004  0.10985182E+004
  1577.1930  0.54208051E+003  0.54270736E+003  0.16968753E-003  0.42490210E-001  0.42468491E-001  0.54188709E+003  0.54188287E+003  0.10842182E+004  0.10842547E+004
  1577.4436  0.53508720E+003  0.53570596E+003  0.16749845E-003  0.41942061E-001  0.41920623E-001  0.53489643E+003  0.53489226E+003  0.10702310E+004  0.10702670E+004
  1577.6942  0.52822828E+003  0.52883911E+003  0.16535144E-003  0.41404446E-001  0.41383283E-001  0.52804010E+003  0.52803598E+003  0.10565126E+004  0.10565481E+004
  1577.9449  0.52150033E+003  0.52210338E+003  0.16324542E-003  0.40877095E-001  0.40856202E-001  0.52131468E+003  0.52131062E+003  0.10430561E+004  0.10430912E+004
  1578.1955  0.51490002E+003  0.51549544E+003  0.16117937E-003  0.40359751E-001  0.40339122E-001  0.51471687E+003  0.51471286E+003  0.10298549E+004  0.10298896E+004
  1578.4461  0.50842417E+003  0.50901210E+003  0.15915226E-003  0.39852160E-001  0.39831792E-001  0.50824345E+003  0.50823949E+003  0.10169026E+004  0.10169369E+004
  1578.6967  0.50206966E+003  0.50265024E+003  0.15716314E-003  0.39354081E-001  0.39333967E-001  0.50189133E+003  0.50188742E+003  0.10041931E+004  0.10042269E+004
  1578.9474  0.49583347E+003  0.49640684E+003  0.15521106E-003  0.38865276E-001  0.38845412E-001  0.49565749E+003  0.49565363E+003  0.99172016E+003  0.99175356E+003
  1579.1980  0.48971270E+003  0.49027899E+003  0.15329510E-003  0.38385517E-001  0.38365899E-001  0.48953901E+003  0.48953520E+003  0.97947808E+003  0.97951106E+003
  1579.4486  0.48370450E+003  0.48426385E+003  0.15141439E-003  0.37914582E-001  0.37895206E-001  0.48353307E+003  0.48352930E+003  0.96746117E+003  0.96749375E+003
  1579.6992  0.47780615E+003  0.47835867E+003  0.14956805E-003  0.37452257E-001  0.37433117E-001  0.47763693E+003  0.47763321E+003  0.95566394E+003  0.95569613E+003
  1579.9499  0.47201498E+003  0.47256080E+003  0.14775527E-003  0.36998333E-001  0.36979425E-001  0.47184792E+003  0.47184424E+003  0.94408108E+003  0.94411288E+003
  1580.2005  0.46632840E+003  0.46686765E+003  0.14597523E-003  0.36552607E-001  0.36533927E-001  0.46616347E+003  0.46615984E+003  0.93270743E+003  0.93273885E+003
  1580.4511  0.46074392E+003  0.46127672E+003  0.14422714E-003  0.36114884E-001  0.36096428E-001  0.46058108E+003  0.46057749E+003  0.92153798E+003  0.92156902E+003
  1580.7018  0.45525911E+003  0.45578556E+003  0.14251025E-003  0.35684973E-001  0.35666737E-001  0.45509832E+003  0.45509477E+003  0.91056787E+003  0.91059854E+003
  1580.9524  0.44987161E+003  0.45039183E+003  0.14082383E-003  0.35262689E-001  0.35244669E-001  0.44971283E+003  0.44970932E+003  0.89979239E+003  0.89982270E+003
  1581.2030  0.44457914E+003  0.44509324E+003  0.13916715E-003  0.34847853E-001  0.34830046E-001  0.44442233E+003  0.44441886E+003  0.88920697E+003  0.88923693E+003
  1581.4536  0.43937947E+003  0.43988756E+003  0.13753952E-003  0.34440292E-001  0.34422693E-001  0.43922459E+003  0.43922117E+003  0.87880716E+003  0.87883677E+003
  1581.7043  0.43427045E+003  0.43477263E+003  0.13594026E-003  0.34039835E-001  0.34022441E-001  0.43411747E+003  0.43411408E+003  0.86858865E+003  0.86861792E+003
  1581.9549  0.42924998E+003  0.42974635E+003  0.13436872E-003  0.33646320E-001  0.33629127E-001  0.42909887E+003  0.42909552E+003  0.85854726E+003  0.85857619E+003
  1582.2055  0.42431603E+003  0.42480670E+003  0.13282427E-003  0.33259586E-001  0.33242591E-001  0.42416675E+003  0.42416344E+003  0.84867891E+003  0.84870751E+003
  1582.4561  0.41946663E+003  0.41995169E+003  0.13130628E-003  0.32879479E-001  0.32862679E-001  0.41931914E+003  0.41931587E+003  0.83897966E+003  0.83900793E+003
  1582.7068  0.41469985E+003  0.41517940E+003  0.12981415E-003  0.32505848E-001  0.32489239E-001  0.41455413E+003  0.41455090E+003  0.82944566E+003  0.82947362E+003
  1582.9574  0.41001383E+003  0.41048796E+003  0.12834730E-003  0.32138547E-001  0.32122126E-001  0.40986984E+003  0.40986665E+003  0.82007319E+003  0.82010083E+003
  1583.2080  0.40540675E+003  0.40587555E+003  0.12690516E-003  0.31777433E-001  0.31761197E-001  0.40526447E+003  0.40526131E+003  0.81085861E+003  0.81088594E+003
  1583.4586  0.40087686E+003  0.40134042E+003  0.12548719E-003  0.31422370E-001  0.31406316E-001  0.40073625E+003  0.40073313E+003  0.80179840E+003  0.80182543E+003
  1583.7093  0.39642244E+003  0.39688085E+003  0.12409284E-003  0.31073222E-001  0.31057346E-001  0.39628347E+003  0.39628039E+003  0.79288914E+003  0.79291587E+003
  1583.9599  0.39204182E+003  0.39249516E+003  0.12272158E-003  0.30729859E-001  0.30714159E-001  0.39190447E+003  0.39190142E+003  0.78412749E+003  0.78415393E+003
  1584.2105  0.38773338E+003  0.38818174E+003  0.12137293E-003  0.30392153E-001  0.30376626E-001  0.38759762E+003  0.38759460E+003  0.77551021E+003  0.77553636E+003
  1584.4612  0.38349555E+003  0.38393901E+003  0.12004637E-003  0.30059982E-001  0.30044625E-001  0.38336135E+003  0.38335836E+003  0.76703415E+003  0.76706001E+003
  1584.7118  0.37932678E+003  0.37976543E+003  0.11874144E-003  0.29733224E-001  0.29718034E-001  0.37919412E+003  0.37919116E+003  0.75869623E+003  0.75872181E+003
  1584.9624  0.37522560E+003  0.37565950E+003  0.11745766E-003  0.29411764E-001  0.29396738E-001  0.37509445E+003  0.37509152E+003  0.75049348E+003  0.75051879E+003
  1585.2130  0.37119055E+003  0.37161978E+003  0.11619458E-003  0.29095487E-001  0.29080623E-001  0.37106087E+003  0.37105798E+003  0.74242299E+003  0.74244802E+003
  1585.4637  0.36722021E+003  0.36764485E+003  0.11495175E-003  0.28784282E-001  0.28769577E-001  0.36709199E+003  0.36708913E+003  0.73448193E+003  0.73450670E+003
  1585.7143  0.36331320E+003  0.36373333E+003  0.11372875E-003  0.28478041E-001  0.28463494E-001  0.36318642E+003  0.36318359E+003  0.72666755E+003  0.72669205E+003
  1585.9649  0.35946820E+003  0.35988388E+003  0.11252516E-003  0.28176660E-001  0.28162267E-001  0.35934282E+003  0.35934002E+003  0.71897717E+003  0.71900142E+003
  1586.2155  0.35568389E+003  0.35609519E+003  0.11134057E-003  0.27880037E-001  0.27865795E-001  0.35555990E+003  0.35555713E+003  0.71140818E+003  0.71143218E+003
  1586.4662  0.35195900E+003  0.35236599E+003  0.11017458E-003  0.27588071E-001  0.27573979E-001  0.35183637E+003  0.35183363E+003  0.70395805E+003  0.70398179E+003
  1586.7168  0.34829230E+003  0.34869505E+003  0.10902680E-003  0.27300665E-001  0.27286720E-001  0.34817101E+003  0.34816830E+003  0.69662429E+003  0.69664779E+003
  1586.9674  0.34468258E+003  0.34508116E+003  0.10789686E-003  0.27017726E-001  0.27003926E-001  0.34456261E+003  0.34455993E+003  0.68940450E+003  0.68942775E+003
  1587.2180  0.34112866E+003  0.34152314E+003  0.10678438E-003  0.26739162E-001  0.26725504E-001  0.34101000E+003  0.34100734E+003  0.68229633E+003  0.68231934E+003
  1587.4687  0.33762941E+003  0.33801984E+003  0.10568902E-003  0.26464882E-001  0.26451365E-001  0.33751202E+003  0.33750939E+003  0.67529749E+003  0.67532027E+003
  1587.7193  0.33418371E+003  0.33457015E+003  0.10461042E-003  0.26194799E-001  0.26181420E-001  0.33406758E+003  0.33406497E+003  0.66840574E+003  0.66842830E+003
  1587.9699  0.33079047E+003  0.33117299E+003  0.10354824E-003  0.25928828E-001  0.25915585E-001  0.33067557E+003  0.33067300E+003  0.66161893E+003  0.66164125E+003
  1588.2206  0.32744863E+003  0.32782728E+003  0.10250216E-003  0.25666886E-001  0.25653777E-001  0.32733495E+003  0.32733240E+003  0.65493492E+003  0.65495702E+003
  1588.4712  0.32415716E+003  0.32453201E+003  0.10147183E-003  0.25408892E-001  0.25395916E-001  0.32404468E+003  0.32404215E+003  0.64835166E+003  0.64837354E+003
  1588.7218  0.32091506E+003  0.32128615E+003  0.10045696E-003  0.25154768E-001  0.25141921E-001  0.32080375E+003  0.32080125E+003  0.64186713E+003  0.64188879E+003
  1588.9724  0.31772133E+003  0.31808874E+003  0.99457239E-004  0.24904435E-001  0.24891717E-001  0.31761119E+003  0.31760871E+003  0.63547936E+003  0.63550081E+003
  1589.2231  0.31457503E+003  0.31493880E+003  0.98472358E-004  0.24657820E-001  0.24645227E-001  0.31446603E+003  0.31446358E+003  0.62918645E+003  0.62920768E+003
  1589.4737  0.31147522E+003  0.31183540E+003  0.97502030E-004  0.24414848E-001  0.24402380E-001  0.31136734E+003  0.31136491E+003  0.62298651E+003  0.62300754E+003
  1589.7243  0.30842098E+003  0.30877763E+003  0.96545968E-004  0.24175449E-001  0.24163104E-001  0.30831421E+003  0.30831181E+003  0.61687774E+003  0.61689856E+003
  1589.9749  0.30541144E+003  0.30576461E+003  0.95603896E-004  0.23939553E-001  0.23927329E-001  0.30530576E+003  0.30530338E+003  0.61085835E+003  0.61087897E+003
  1590.2256  0.30244571E+003  0.30279545E+003  0.94675541E-004  0.23707092E-001  0.23694986E-001  0.30234111E+003  0.30233875E+003  0.60492661E+003  0.60494703E+003
  1590.4762  0.29952297E+003  0.29986933E+003  0.93760638E-004  0.23477999E-001  0.23466011E-001  0.29941942E+003  0.29941709E+003  0.59908082E+003  0.59910104E+003
  1590.7268  0.29664237E+003  0.29698540E+003  0.92858929E-004  0.23252210E-001  0.23240337E-001  0.29653987E+003  0.29653755E+003  0.59331933E+003  0.59333936E+003
  1590.9774  0.29380312E+003  0.29414286E+003  0.91970162E-004  0.23029662E-001  0.23017903E-001  0.29370164E+003  0.29369935E+003  0.58764054E+003  0.58766038E+003
  1591.2281  0.29100442E+003  0.29134093E+003  0.91094090E-004  0.22810293E-001  0.22798646E-001  0.29090395E+003  0.29090168E+003  0.58204286E+003  0.58206251E+003
  1591.4787  0.28824551E+003  0.28857883E+003  0.90230472E-004  0.22594042E-001  0.22582505E-001  0.28814604E+003  0.28814379E+003  0.57652476E+003  0.57654422E+003
  1591.7293  0.28552563E+003  0.28585581E+003  0.89379074E-004  0.22380851E-001  0.22369423E-001  0.28542714E+003  0.28542492E+003  0.57108474E+003  0.57110402E+003
  1591.9799  0.28284406E+003  0.28317114E+003  0.88539666E-004  0.22170662E-001  0.22159342E-001  0.28274654E+003  0.28274434E+003  0.56572132E+003  0.56574042E+003
  1592.2306  0.28020008E+003  0.28052410E+003  0.87712024E-004  0.21963419E-001  0.21952206E-001  0.28010351E+003  0.28010133E+003  0.56043309E+003  0.56045202E+003
  1592.4812  0.27759299E+003  0.27791399E+003  0.86895930E-004  0.21759068E-001  0.21747960E-001  0.27749736E+003  0.27749520E+003  0.55521865E+003  0.55523739E+003
  1592.7318  0.27502211E+003  0.27534014E+003  0.86091169E-004  0.21557555E-001  0.21546550E-001  0.27492740E+003  0.27492526E+003  0.55007662E+003  0.55009519E+003
  1592.9825  0.27248676E+003  0.27280186E+003  0.85297533E-004  0.21358828E-001  0.21347924E-001  0.27239297E+003  0.27239085E+003  0.54500567E+003  0.54502407E+003
  1593.2331  0.26998631E+003  0.27029851E+003  0.84514818E-004  0.21162835E-001  0.21152032E-001  0.26989341E+003  0.26989131E+003  0.54000450E+003  0.54002273E+003
  1593.4837  0.26752010E+003  0.26782946E+003  0.83742824E-004  0.20969527E-001  0.20958823E-001  0.26742809E+003  0.26742601E+003  0.53507183E+003  0.53508990E+003
  1593.7343  0.26508752E+003  0.26539406E+003  0.82981357E-004  0.20778855E-001  0.20768248E-001  0.26499639E+003  0.26499432E+003  0.53020642E+003  0.53022433E+003
  1593.9850  0.26268797E+003  0.26299173E+003  0.82230225E-004  0.20590771E-001  0.20580260E-001  0.26259769E+003  0.26259565E+003  0.52540706E+003  0.52542480E+003
  1594.2356  0.26032083E+003  0.26062186E+003  0.81489244E-004  0.20405228E-001  0.20394812E-001  0.26023141E+003  0.26022938E+003  0.52067255E+003  0.52069013E+003
  1594.4862  0.25798554E+003  0.25828387E+003  0.80758230E-004  0.20222182E-001  0.20211860E-001  0.25789696E+003  0.25789495E+003  0.51600173E+003  0.51601916E+003
  1594.7368  0.25568153E+003  0.25597719E+003  0.80037007E-004  0.20041587E-001  0.20031357E-001  0.25559377E+003  0.25559178E+003  0.51139346E+003  0.51141073E+003
  1594.9875  0.25340824E+003  0.25370127E+003  0.79325399E-004  0.19863399E-001  0.19853261E-001  0.25332129E+003  0.25331931E+003  0.50684664E+003  0.50686375E+003
  1595.2381  0.25116512E+003  0.25145556E+003  0.78623237E-004  0.19687577E-001  0.19677529E-001  0.25107897E+003  0.25107701E+003  0.50236016E+003  0.50237713E+003
  1595.4887  0.24895164E+003  0.24923952E+003  0.77930355E-004  0.19514079E-001  0.19504119E-001  0.24886629E+003  0.24886435E+003  0.49793298E+003  0.49794980E+003
  1595.7393  0.24676729E+003  0.24705265E+003  0.77246589E-004  0.19342863E-001  0.19332991E-001  0.24668272E+003  0.24668080E+003  0.49356405E+003  0.49358073E+003
  1595.9900  0.24461156E+003  0.24489442E+003  0.76571781E-004  0.19173891E-001  0.19164105E-001  0.24452775E+003  0.24452585E+003  0.48925236E+003  0.48926888E+003
  1596.2406  0.24248394E+003  0.24276434E+003  0.75905774E-004  0.19007122E-001  0.18997421E-001  0.24240090E+003  0.24239901E+003  0.48499690E+003  0.48501328E+003
  1596.4912  0.24038396E+003  0.24066193E+003  0.75248417E-004  0.18842519E-001  0.18832903E-001  0.24030166E+003  0.24029979E+003  0.48079671E+003  0.48081295E+003
  1596.7419  0.23831113E+003  0.23858670E+003  0.74599560E-004  0.18680044E-001  0.18670511E-001  0.23822957E+003  0.23822771E+003  0.47665083E+003  0.47666693E+003
  1596.9925  0.23626499E+003  0.23653820E+003  0.73959057E-004  0.18519662E-001  0.18510211E-001  0.23618416E+003  0.23618232E+003  0.47255833E+003  0.47257430E+003
  1597.2431  0.23424508E+003  0.23451595E+003  0.73326766E-004  0.18361336E-001  0.18351966E-001  0.23416497E+003  0.23416315E+003  0.46851830E+003  0.46853413E+003
  1597.4937  0.23225096E+003  0.23251953E+003  0.72702547E-004  0.18205030E-001  0.18195740E-001  0.23217156E+003  0.23216975E+003  0.46452985E+003  0.46454554E+003
  1597.7444  0.23028218E+003  0.23054848E+003  0.72086262E-004  0.18050712E-001  0.18041501E-001  0.23020349E+003  0.23020169E+003  0.46059209E+003  0.46060766E+003
  1597.9950  0.22833833E+003  0.22860238E+003  0.71477780E-004  0.17898348E-001  0.17889215E-001  0.22826033E+003  0.22825855E+003  0.45670419E+003  0.45671962E+003
  1598.2456  0.22641899E+003  0.22668081E+003  0.70876967E-004  0.17747904E-001  0.17738847E-001  0.22634167E+003  0.22633990E+003  0.45286529E+003  0.45288059E+003
  1598.4962  0.22452373E+003  0.22478337E+003  0.70283696E-004  0.17599348E-001  0.17590368E-001  0.22444709E+003  0.22444534E+003  0.44907458E+003  0.44908975E+003
  1598.7469  0.22265217E+003  0.22290964E+003  0.69697841E-004  0.17452649E-001  0.17443744E-001  0.22257619E+003  0.22257445E+003  0.44533125E+003  0.44534630E+003
  1598.9975  0.22080391E+003  0.22105924E+003  0.69119279E-004  0.17307777E-001  0.17298946E-001  0.22072858E+003  0.22072686E+003  0.44163453E+003  0.44164945E+003
  1599.2481  0.21897856E+003  0.21923178E+003  0.68547889E-004  0.17164700E-001  0.17155943E-001  0.21890388E+003  0.21890217E+003  0.43798363E+003  0.43799843E+003
  1599.4987  0.21717574E+003  0.21742688E+003  0.67983555E-004  0.17023390E-001  0.17014705E-001  0.21710170E+003  0.21710001E+003  0.43437781E+003  0.43439249E+003
  1599.7494  0.21539510E+003  0.21564417E+003  0.67426158E-004  0.16883818E-001  0.16875204E-001  0.21532169E+003  0.21532001E+003  0.43081632E+003  0.43083088E+003
  1600.0000  0.21363625E+003  0.21388330E+003  0.66875588E-004  0.16745955E-001  0.16737411E-001  0.21356347E+003  0.21356181E+003  0.42729845E+003  0.42731289E+003
