#Raman spectra
#Laser energy   2.33 eV
#Raman shift (cm-1), Raman Spectra (XX,YY,ZZ,s+s+,s-s-,XY,YX,s+s-,s-s+)
  1500.0000  0.64057143E+003  0.63952548E+003  0.10761745E-003  0.28166636E-001  0.28180382E-001  0.64062004E+003  0.64062193E+003  0.12806222E+004  0.12806603E+004
  1500.2506  0.64880016E+003  0.64774078E+003  0.10899987E-003  0.28528442E-001  0.28542365E-001  0.64884957E+003  0.64885148E+003  0.12970732E+004  0.12971118E+004
  1500.5013  0.65718838E+003  0.65611530E+003  0.11040909E-003  0.28897261E-001  0.28911363E-001  0.65723861E+003  0.65724055E+003  0.13138430E+004  0.13138821E+004
  1500.7519  0.66574024E+003  0.66465320E+003  0.11184580E-003  0.29273275E-001  0.29287560E-001  0.66579131E+003  0.66579328E+003  0.13309399E+004  0.13309795E+004
  1501.0025  0.67446002E+003  0.67335873E+003  0.11331072E-003  0.29656672E-001  0.29671144E-001  0.67451195E+003  0.67451394E+003  0.13483726E+004  0.13484127E+004
  1501.2531  0.68335214E+003  0.68223633E+003  0.11480459E-003  0.30047647E-001  0.30062309E-001  0.68340495E+003  0.68340696E+003  0.13661498E+004  0.13661905E+004
  1501.5038  0.69242116E+003  0.69129055E+003  0.11632819E-003  0.30446401E-001  0.30461257E-001  0.69247488E+003  0.69247692E+003  0.13842807E+004  0.13843219E+004
  1501.7544  0.70167182E+003  0.70052610E+003  0.11788230E-003  0.30853140E-001  0.30868194E-001  0.70172646E+003  0.70172853E+003  0.14027747E+004  0.14028165E+004
  1502.0050  0.71110899E+003  0.70994786E+003  0.11946774E-003  0.31268081E-001  0.31283337E-001  0.71116458E+003  0.71116667E+003  0.14216416E+004  0.14216839E+004
  1502.2556  0.72073771E+003  0.71956086E+003  0.12108536E-003  0.31691444E-001  0.31706906E-001  0.72079427E+003  0.72079639E+003  0.14408915E+004  0.14409344E+004
  1502.5063  0.73056320E+003  0.72937031E+003  0.12273605E-003  0.32123459E-001  0.32139131E-001  0.73062076E+003  0.73062291E+003  0.14605347E+004  0.14605782E+004
  1502.7569  0.74059086E+003  0.73938160E+003  0.12442069E-003  0.32564363E-001  0.32580250E-001  0.74064944E+003  0.74065162E+003  0.14805821E+004  0.14806262E+004
  1503.0075  0.75082627E+003  0.74960029E+003  0.12614024E-003  0.33014401E-001  0.33030507E-001  0.75088589E+003  0.75088811E+003  0.15010449E+004  0.15010896E+004
  1503.2581  0.76127520E+003  0.76003216E+003  0.12789567E-003  0.33473828E-001  0.33490158E-001  0.76133589E+003  0.76133814E+003  0.15219345E+004  0.15219799E+004
  1503.5088  0.77194362E+003  0.77068316E+003  0.12968796E-003  0.33942907E-001  0.33959465E-001  0.77200542E+003  0.77200770E+003  0.15432630E+004  0.15433090E+004
  1503.7594  0.78283773E+003  0.78155949E+003  0.13151818E-003  0.34421908E-001  0.34438699E-001  0.78290066E+003  0.78290297E+003  0.15650427E+004  0.15650893E+004
  1504.0100  0.79396394E+003  0.79266752E+003  0.13338738E-003  0.34911114E-001  0.34928144E-001  0.79402802E+003  0.79403036E+003  0.15872863E+004  0.15873337E+004
  1504.2607  0.80532886E+003  0.80401389E+003  0.13529670E-003  0.35410818E-001  0.35428090E-001  0.80539414E+003  0.80539652E+003  0.16100073E+004  0.16100553E+004
  1504.5113  0.81693939E+003  0.81560546E+003  0.13724727E-003  0.35921320E-001  0.35938841E-001  0.81700589E+003  0.81700830E+003  0.16332192E+004  0.16332679E+004
  1504.7619  0.82880264E+003  0.82744934E+003  0.13924030E-003  0.36442934E-001  0.36460709E-001  0.82887040E+003  0.82887284E+003  0.16569365E+004  0.16569859E+004
  1505.0125  0.84092600E+003  0.83955290E+003  0.14127703E-003  0.36975985E-001  0.36994019E-001  0.84099504E+003  0.84099752E+003  0.16811737E+004  0.16812238E+004
  1505.2632  0.85331711E+003  0.85192378E+003  0.14335875E-003  0.37520809E-001  0.37539109E-001  0.85338748E+003  0.85339000E+003  0.17059462E+004  0.17059971E+004
  1505.5138  0.86598393E+003  0.86456991E+003  0.14548678E-003  0.38077755E-001  0.38096326E-001  0.86605565E+003  0.86605821E+003  0.17312700E+004  0.17313216E+004
  1505.7644  0.87893467E+003  0.87749951E+003  0.14766252E-003  0.38647186E-001  0.38666034E-001  0.87900779E+003  0.87901038E+003  0.17571613E+004  0.17572137E+004
  1506.0150  0.89217789E+003  0.89072110E+003  0.14988739E-003  0.39229477E-001  0.39248609E-001  0.89225245E+003  0.89225508E+003  0.17836374E+004  0.17836906E+004
  1506.2657  0.90572244E+003  0.90424354E+003  0.15216289E-003  0.39825018E-001  0.39844439E-001  0.90579848E+003  0.90580115E+003  0.18107160E+004  0.18107700E+004
  1506.5163  0.91957754E+003  0.91807602E+003  0.15449056E-003  0.40434213E-001  0.40453931E-001  0.91965510E+003  0.91965781E+003  0.18384154E+004  0.18384702E+004
  1506.7669  0.93375275E+003  0.93222808E+003  0.15687201E-003  0.41057483E-001  0.41077504E-001  0.93383186E+003  0.93383462E+003  0.18667547E+004  0.18668104E+004
  1507.0175  0.94825798E+003  0.94670963E+003  0.15930891E-003  0.41695265E-001  0.41715596E-001  0.94833871E+003  0.94834150E+003  0.18957539E+004  0.18958105E+004
  1507.2682  0.96310357E+003  0.96153097E+003  0.16180298E-003  0.42348011E-001  0.42368661E-001  0.96318594E+003  0.96318878E+003  0.19254336E+004  0.19254910E+004
  1507.5188  0.97830022E+003  0.97670281E+003  0.16435604E-003  0.43016194E-001  0.43037169E-001  0.97838430E+003  0.97838719E+003  0.19558151E+004  0.19558734E+004
  1507.7694  0.99385909E+003  0.99223628E+003  0.16696995E-003  0.43700304E-001  0.43721612E-001  0.99394493E+003  0.99394786E+003  0.19869207E+004  0.19869800E+004
  1508.0201  0.10097918E+004  0.10081430E+004  0.16964667E-003  0.44400850E-001  0.44422499E-001  0.10098794E+004  0.10098824E+004  0.20187737E+004  0.20188340E+004
  1508.2707  0.10261103E+004  0.10244349E+004  0.17238821E-003  0.45118363E-001  0.45140362E-001  0.10261998E+004  0.10262029E+004  0.20513982E+004  0.20514594E+004
  1508.5213  0.10428273E+004  0.10411245E+004  0.17519669E-003  0.45853395E-001  0.45875751E-001  0.10429187E+004  0.10429218E+004  0.20848192E+004  0.20848814E+004
  1508.7719  0.10599558E+004  0.10582250E+004  0.17807430E-003  0.46606520E-001  0.46629242E-001  0.10600492E+004  0.10600523E+004  0.21190629E+004  0.21191262E+004
  1509.0226  0.10775093E+004  0.10757499E+004  0.18102333E-003  0.47378336E-001  0.47401434E-001  0.10776048E+004  0.10776079E+004  0.21541564E+004  0.21542208E+004
  1509.2732  0.10955022E+004  0.10937134E+004  0.18404616E-003  0.48169466E-001  0.48192949E-001  0.10955997E+004  0.10956029E+004  0.21901282E+004  0.21901936E+004
  1509.5238  0.11139490E+004  0.11121301E+004  0.18714526E-003  0.48980560E-001  0.49004438E-001  0.11140487E+004  0.11140520E+004  0.22270076E+004  0.22270741E+004
  1509.7744  0.11328653E+004  0.11310155E+004  0.19032323E-003  0.49812293E-001  0.49836577E-001  0.11329672E+004  0.11329705E+004  0.22648255E+004  0.22648932E+004
  1510.0251  0.11522670E+004  0.11503855E+004  0.19358276E-003  0.50665373E-001  0.50690071E-001  0.11523712E+004  0.11523746E+004  0.23036140E+004  0.23036828E+004
  1510.2757  0.11721709E+004  0.11702569E+004  0.19692666E-003  0.51540534E-001  0.51565659E-001  0.11722775E+004  0.11722809E+004  0.23434066E+004  0.23434766E+004
  1510.5263  0.11925945E+004  0.11906471E+004  0.20035787E-003  0.52438545E-001  0.52464107E-001  0.11927035E+004  0.11927070E+004  0.23842380E+004  0.23843092E+004
  1510.7769  0.12135559E+004  0.12115744E+004  0.20387945E-003  0.53360208E-001  0.53386218E-001  0.12136675E+004  0.12136711E+004  0.24261448E+004  0.24262173E+004
  1511.0276  0.12350743E+004  0.12330577E+004  0.20749459E-003  0.54306358E-001  0.54332829E-001  0.12351885E+004  0.12351922E+004  0.24691651E+004  0.24692389E+004
  1511.2782  0.12571695E+004  0.12551168E+004  0.21120664E-003  0.55277871E-001  0.55304814E-001  0.12572864E+004  0.12572901E+004  0.25133386E+004  0.25134137E+004
  1511.5288  0.12798623E+004  0.12777725E+004  0.21501909E-003  0.56275660E-001  0.56303089E-001  0.12799820E+004  0.12799858E+004  0.25587068E+004  0.25587833E+004
  1511.7794  0.13031744E+004  0.13010466E+004  0.21893559E-003  0.57300680E-001  0.57328608E-001  0.13032970E+004  0.13033009E+004  0.26053132E+004  0.26053911E+004
  1512.0301  0.13271286E+004  0.13249616E+004  0.22295995E-003  0.58353930E-001  0.58382371E-001  0.13272541E+004  0.13272581E+004  0.26532031E+004  0.26532825E+004
  1512.2807  0.13517485E+004  0.13495413E+004  0.22709617E-003  0.59436455E-001  0.59465423E-001  0.13518771E+004  0.13518811E+004  0.27024242E+004  0.27025050E+004
  1512.5313  0.13770591E+004  0.13748105E+004  0.23134843E-003  0.60549348E-001  0.60578858E-001  0.13771909E+004  0.13771950E+004  0.27530260E+004  0.27531084E+004
  1512.7820  0.14030863E+004  0.14007953E+004  0.23572110E-003  0.61693756E-001  0.61723823E-001  0.14032215E+004  0.14032257E+004  0.28050608E+004  0.28051447E+004
  1513.0326  0.14298576E+004  0.14275229E+004  0.24021876E-003  0.62870877E-001  0.62901517E-001  0.14299962E+004  0.14300005E+004  0.28585830E+004  0.28586685E+004
  1513.2832  0.14574015E+004  0.14550218E+004  0.24484622E-003  0.64081969E-001  0.64113199E-001  0.14575437E+004  0.14575479E+004  0.29136497E+004  0.29137369E+004
  1513.5338  0.14857479E+004  0.14833219E+004  0.24960852E-003  0.65328350E-001  0.65360186E-001  0.14858938E+004  0.14858981E+004  0.29703211E+004  0.29704099E+004
  1513.7845  0.15149283E+004  0.15124547E+004  0.25451093E-003  0.66611402E-001  0.66643863E-001  0.15150780E+004  0.15150825E+004  0.30286598E+004  0.30287504E+004
  1514.0351  0.15449757E+004  0.15424530E+004  0.25955901E-003  0.67932576E-001  0.67965680E-001  0.15451294E+004  0.15451339E+004  0.30887318E+004  0.30888243E+004
  1514.2857  0.15759247E+004  0.15733515E+004  0.26475857E-003  0.69293396E-001  0.69327163E-001  0.15760825E+004  0.15760872E+004  0.31506065E+004  0.31507008E+004
  1514.5363  0.16078118E+004  0.16051865E+004  0.27011572E-003  0.70695461E-001  0.70729910E-001  0.16079739E+004  0.16079786E+004  0.32143566E+004  0.32144528E+004
  1514.7870  0.16406751E+004  0.16379962E+004  0.27563689E-003  0.72140453E-001  0.72175606E-001  0.16408416E+004  0.16408465E+004  0.32800584E+004  0.32801566E+004
  1515.0376  0.16745549E+004  0.16718206E+004  0.28132884E-003  0.73630140E-001  0.73666018E-001  0.16747260E+004  0.16747309E+004  0.33477925E+004  0.33478927E+004
  1515.2882  0.17094935E+004  0.17067021E+004  0.28719867E-003  0.75166381E-001  0.75203006E-001  0.17096693E+004  0.17096744E+004  0.34176433E+004  0.34177456E+004
  1515.5388  0.17455353E+004  0.17426851E+004  0.29325385E-003  0.76751133E-001  0.76788530E-001  0.17457161E+004  0.17457213E+004  0.34896998E+004  0.34898044E+004
  1515.7895  0.17827272E+004  0.17798163E+004  0.29950227E-003  0.78386457E-001  0.78424651E-001  0.17829132E+004  0.17829185E+004  0.35640558E+004  0.35641626E+004
  1516.0401  0.18211186E+004  0.18181450E+004  0.30595221E-003  0.80074525E-001  0.80113540E-001  0.18213101E+004  0.18213154E+004  0.36408100E+004  0.36409190E+004
  1516.2907  0.18607617E+004  0.18577233E+004  0.31261244E-003  0.81817626E-001  0.81857490E-001  0.18609587E+004  0.18609642E+004  0.37200664E+004  0.37201778E+004
  1516.5414  0.19017111E+004  0.18986060E+004  0.31949216E-003  0.83618174E-001  0.83658914E-001  0.19019140E+004  0.19019196E+004  0.38019348E+004  0.38020487E+004
  1516.7920  0.19440251E+004  0.19408508E+004  0.32660111E-003  0.85478717E-001  0.85520362E-001  0.19442340E+004  0.19442398E+004  0.38865311E+004  0.38866476E+004
  1517.0426  0.19877646E+004  0.19845189E+004  0.33394959E-003  0.87401945E-001  0.87444527E-001  0.19879799E+004  0.19879858E+004  0.39739776E+004  0.39740967E+004
  1517.2932  0.20329944E+004  0.20296748E+004  0.34154844E-003  0.89390701E-001  0.89434251E-001  0.20332163E+004  0.20332223E+004  0.40644035E+004  0.40645254E+004
  1517.5439  0.20797827E+004  0.20763868E+004  0.34940915E-003  0.91447991E-001  0.91492543E-001  0.20800116E+004  0.20800177E+004  0.41579456E+004  0.41580703E+004
  1517.7945  0.21282020E+004  0.21247270E+004  0.35754387E-003  0.93576994E-001  0.93622582E-001  0.21284381E+004  0.21284444E+004  0.42547483E+004  0.42548760E+004
  1518.0451  0.21783288E+004  0.21747719E+004  0.36596546E-003  0.95781076E-001  0.95827737E-001  0.21785724E+004  0.21785788E+004  0.43549648E+004  0.43550955E+004
  1518.2957  0.22302441E+004  0.22266024E+004  0.37468755E-003  0.98063802E-001  0.98111574E-001  0.22304955E+004  0.22305021E+004  0.44587571E+004  0.44588909E+004
  1518.5464  0.22840338E+004  0.22803043E+004  0.38372456E-003  0.10042895E+000  0.10047787E+000  0.22842935E+004  0.22843002E+004  0.45662969E+004  0.45664340E+004
  1518.7970  0.23397891E+004  0.23359686E+004  0.39309182E-003  0.10288053E+000  0.10293065E+000  0.23400575E+004  0.23400644E+004  0.46777667E+004  0.46779071E+004
  1519.0476  0.23976068E+004  0.23936919E+004  0.40280557E-003  0.10542279E+000  0.10547415E+000  0.23978842E+004  0.23978912E+004  0.47933596E+004  0.47935036E+004
  1519.2982  0.24575896E+004  0.24535768E+004  0.41288309E-003  0.10806026E+000  0.10811290E+000  0.24578764E+004  0.24578836E+004  0.49132813E+004  0.49134289E+004
  1519.5489  0.25198467E+004  0.25157322E+004  0.42334272E-003  0.11079773E+000  0.11085170E+000  0.25201434E+004  0.25201508E+004  0.50377501E+004  0.50379015E+004
  1519.7995  0.25844944E+004  0.25802743E+004  0.43420398E-003  0.11364031E+000  0.11369567E+000  0.25848014E+004  0.25848090E+004  0.51669982E+004  0.51671535E+004
  1520.0501  0.26516561E+004  0.26473264E+004  0.44548766E-003  0.11659345E+000  0.11665025E+000  0.26519741E+004  0.26519819E+004  0.53012730E+004  0.53014323E+004
  1520.3008  0.27214639E+004  0.27170202E+004  0.45721589E-003  0.11966294E+000  0.11972122E+000  0.27217933E+004  0.27218013E+004  0.54408378E+004  0.54410014E+004
  1520.5514  0.27940580E+004  0.27894958E+004  0.46941227E-003  0.12285495E+000  0.12291479E+000  0.27943994E+004  0.27944077E+004  0.55859736E+004  0.55861416E+004
  1520.8020  0.28695885E+004  0.28649029E+004  0.48210199E-003  0.12617607E+000  0.12623753E+000  0.28699425E+004  0.28699510E+004  0.57369800E+004  0.57371525E+004
  1521.0526  0.29482154E+004  0.29434014E+004  0.49531196E-003  0.12963335E+000  0.12969649E+000  0.29485827E+004  0.29485914E+004  0.58941771E+004  0.58943545E+004
  1521.3033  0.30301098E+004  0.30251621E+004  0.50907091E-003  0.13323431E+000  0.13329920E+000  0.30304911E+004  0.30305001E+004  0.60579071E+004  0.60580895E+004
  1521.5539  0.31154549E+004  0.31103678E+004  0.52340962E-003  0.13698700E+000  0.13705372E+000  0.31158509E+004  0.31158601E+004  0.62285361E+004  0.62287236E+004
  1521.8045  0.32044466E+004  0.31992142E+004  0.53836102E-003  0.14090004E+000  0.14096867E+000  0.32048582E+004  0.32048677E+004  0.64064560E+004  0.64066489E+004
  1522.0551  0.32972951E+004  0.32919112E+004  0.55396042E-003  0.14498268E+000  0.14505329E+000  0.32977232E+004  0.32977329E+004  0.65920869E+004  0.65922855E+004
  1522.3058  0.33942259E+004  0.33886837E+004  0.57024570E-003  0.14924481E+000  0.14931750E+000  0.33946713E+004  0.33946813E+004  0.67858795E+004  0.67860840E+004
  1522.5564  0.34954810E+004  0.34897734E+004  0.58725753E-003  0.15369711E+000  0.15377196E+000  0.34959447E+004  0.34959550E+004  0.69883180E+004  0.69885287E+004
  1522.8070  0.36013207E+004  0.35954403E+004  0.60503965E-003  0.15835099E+000  0.15842811E+000  0.36018038E+004  0.36018144E+004  0.71999227E+004  0.72001398E+004
  1523.0576  0.37120251E+004  0.37059639E+004  0.62363911E-003  0.16321879E+000  0.16329828E+000  0.37125287E+004  0.37125396E+004  0.74212534E+004  0.74214773E+004
  1523.3083  0.38278958E+004  0.38216455E+004  0.64310660E-003  0.16831377E+000  0.16839574E+000  0.38284211E+004  0.38284324E+004  0.76529136E+004  0.76531445E+004
  1523.5589  0.39492583E+004  0.39428098E+004  0.66349680E-003  0.17365023E+000  0.17373480E+000  0.39498067E+004  0.39498183E+004  0.78955537E+004  0.78957920E+004
  1523.8095  0.40764638E+004  0.40698076E+004  0.68486873E-003  0.17924363E+000  0.17933092E+000  0.40770367E+004  0.40770487E+004  0.81498761E+004  0.81501222E+004
  1524.0602  0.42098921E+004  0.42030181E+004  0.70728620E-003  0.18511066E+000  0.18520081E+000  0.42104910E+004  0.42105034E+004  0.84166400E+004  0.84168943E+004
  1524.3108  0.43499543E+004  0.43428515E+004  0.73081826E-003  0.19126940E+000  0.19136254E+000  0.43505808E+004  0.43505936E+004  0.86966673E+004  0.86969301E+004
  1524.5614  0.44970955E+004  0.44897524E+004  0.75553974E-003  0.19773943E+000  0.19783572E+000  0.44977515E+004  0.44977647E+004  0.89908483E+004  0.89911201E+004
  1524.8120  0.46517989E+004  0.46442033E+004  0.78153182E-003  0.20454199E+000  0.20464160E+000  0.46524863E+004  0.46525001E+004  0.93001491E+004  0.93004304E+004
  1525.0627  0.48145896E+004  0.48067282E+004  0.80888271E-003  0.21170018E+000  0.21180327E+000  0.48153105E+004  0.48153247E+004  0.96256192E+004  0.96259104E+004
  1525.3133  0.49860386E+004  0.49778971E+004  0.83768836E-003  0.21923910E+000  0.21934586E+000  0.49867953E+004  0.49868100E+004  0.99684003E+004  0.99687021E+004
  1525.5639  0.51667679E+004  0.51583314E+004  0.86805330E-003  0.22718610E+000  0.22729673E+000  0.51675629E+004  0.51675781E+004  0.10329737E+005  0.10330049E+005
  1525.8145  0.53574564E+004  0.53487085E+004  0.90009157E-003  0.23557105E+000  0.23568576E+000  0.53582924E+004  0.53583082E+004  0.10710985E+005  0.10711309E+005
  1526.0652  0.55588455E+004  0.55497688E+004  0.93392780E-003  0.24442655E+000  0.24454557E+000  0.55597255E+004  0.55597419E+004  0.11113628E+005  0.11113965E+005
  1526.3158  0.57717470E+004  0.57623226E+004  0.96969834E-003  0.25378828E+000  0.25391186E+000  0.57726742E+004  0.57726912E+004  0.11539289E+005  0.11539639E+005
  1526.5664  0.59970504E+004  0.59872581E+004  0.10075527E-002  0.26369538E+000  0.26382378E+000  0.59980283E+004  0.59980460E+004  0.11989746E+005  0.11990110E+005
  1526.8170  0.62357322E+004  0.62255502E+004  0.10476549E-002  0.27419078E+000  0.27432429E+000  0.62367648E+004  0.62367832E+004  0.12466952E+005  0.12467330E+005
  1527.0677  0.64888667E+004  0.64782714E+004  0.10901855E-002  0.28532173E+000  0.28546066E+000  0.64899582E+004  0.64899773E+004  0.12973054E+005  0.12973448E+005
  1527.3183  0.67576373E+004  0.67466031E+004  0.11353433E-002  0.29714026E+000  0.29728494E+000  0.67587924E+004  0.67588123E+004  0.13510420E+005  0.13510831E+005
  1527.5689  0.70433503E+004  0.70318495E+004  0.11833479E-002  0.30970382E+000  0.30985462E+000  0.70445741E+004  0.70445948E+004  0.14081660E+005  0.14082089E+005
  1527.8195  0.73474501E+004  0.73354529E+004  0.12344420E-002  0.32307594E+000  0.32323325E+000  0.73487484E+004  0.73487701E+004  0.14689664E+005  0.14690111E+005
  1528.0702  0.76715377E+004  0.76590113E+004  0.12888944E-002  0.33732701E+000  0.33749126E+000  0.76729168E+004  0.76729394E+004  0.15337632E+005  0.15338099E+005
  1528.3208  0.80173905E+004  0.80042993E+004  0.13470041E-002  0.35253521E+000  0.35270687E+000  0.80188574E+004  0.80188811E+004  0.16029117E+005  0.16029606E+005
  1528.5714  0.83869865E+004  0.83732918E+004  0.14091032E-002  0.36878752E+000  0.36896708E+000  0.83885490E+004  0.83885738E+004  0.16768076E+005  0.16768587E+005
  1528.8221  0.87825315E+004  0.87681909E+004  0.14755625E-002  0.38618094E+000  0.38636898E+000  0.87841984E+004  0.87842243E+004  0.17558918E+005  0.17559454E+005
  1529.0727  0.92064914E+004  0.91914586E+004  0.15467963E-002  0.40482393E+000  0.40502103E+000  0.92082723E+004  0.92082995E+004  0.18406575E+005  0.18407137E+005
  1529.3233  0.96616293E+004  0.96458533E+004  0.16232690E-002  0.42483798E+000  0.42504483E+000  0.96635351E+004  0.96635636E+004  0.19316570E+005  0.19317161E+005
  1529.5739  0.10151049E+005  0.10134474E+005  0.17055020E-002  0.44635960E+000  0.44657693E+000  0.10153092E+005  0.10153122E+005  0.20295111E+005  0.20295732E+005
  1529.8246  0.10678246E+005  0.10660810E+005  0.17940829E-002  0.46954254E+000  0.46977115E+000  0.10680440E+005  0.10680472E+005  0.21349187E+005  0.21349841E+005
  1530.0752  0.11247169E+005  0.11228804E+005  0.18896750E-002  0.49456041E+000  0.49480120E+000  0.11249529E+005  0.11249562E+005  0.22486693E+005  0.22487382E+005
  1530.3258  0.11862289E+005  0.11842920E+005  0.19930298E-002  0.52160986E+000  0.52186382E+000  0.11864833E+005  0.11864868E+005  0.23716569E+005  0.23717297E+005
  1530.5764  0.12528685E+005  0.12508227E+005  0.21050007E-002  0.55091427E+000  0.55118249E+000  0.12531433E+005  0.12531470E+005  0.25048972E+005  0.25049741E+005
  1530.8271  0.13252144E+005  0.13230505E+005  0.22265602E-002  0.58272814E+000  0.58301186E+000  0.13255118E+005  0.13255157E+005  0.26495472E+005  0.26496287E+005
  1531.0777  0.14039282E+005  0.14016358E+005  0.23588202E-002  0.61734244E+000  0.61764301E+000  0.14042509E+005  0.14042550E+005  0.28069300E+005  0.28070164E+005
  1531.3283  0.14897687E+005  0.14873362E+005  0.25030557E-002  0.65509089E+000  0.65540983E+000  0.14901196E+005  0.14901240E+005  0.29785628E+005  0.29786546E+005
  1531.5789  0.15836093E+005  0.15810235E+005  0.26607345E-002  0.69635759E+000  0.69669662E+000  0.15839918E+005  0.15839965E+005  0.31661920E+005  0.31662897E+005
  1531.8296  0.16864590E+005  0.16837053E+005  0.28335522E-002  0.74158632E+000  0.74194737E+000  0.16868770E+005  0.16868820E+005  0.33718354E+005  0.33719396E+005
  1532.0802  0.17994880E+005  0.17965497E+005  0.30234753E-002  0.79129174E+000  0.79167698E+000  0.17999461E+005  0.17999514E+005  0.35978328E+005  0.35979441E+005
  1532.3308  0.19240588E+005  0.19209171E+005  0.32327937E-002  0.84607312E+000  0.84648504E+000  0.19245624E+005  0.19245681E+005  0.38469089E+005  0.38470281E+005
  1532.5815  0.20617647E+005  0.20583981E+005  0.34641851E-002  0.90663121E+000  0.90707261E+000  0.20623200E+005  0.20623261E+005  0.41222498E+005  0.41223778E+005
  1532.8321  0.22144769E+005  0.22108610E+005  0.37207939E-002  0.97378900E+000  0.97426308E+000  0.22150913E+005  0.22150978E+005  0.44275973E+005  0.44277350E+005
  1533.0827  0.23844032E+005  0.23805098E+005  0.40063306E-002  0.10485175E+001  0.10490279E+001  0.23850852E+005  0.23850922E+005  0.47673660E+005  0.47675145E+005
  1533.3333  0.25741605E+005  0.25699572E+005  0.43251933E-002  0.11319677E+001  0.11325188E+001  0.25749204E+005  0.25749280E+005  0.51467895E+005  0.51469501E+005
  1533.5840  0.27868666E+005  0.27823160E+005  0.46826220E-002  0.12255110E+001  0.12261076E+001  0.27877166E+005  0.27877248E+005  0.55721023E+005  0.55722766E+005
  1533.8346  0.30262548E+005  0.30213134E+005  0.50848909E-002  0.13307894E+001  0.13314373E+001  0.30272096E+005  0.30272185E+005  0.60507702E+005  0.60509598E+005
  1534.0852  0.32968189E+005  0.32914356E+005  0.55395525E-002  0.14497794E+001  0.14504852E+001  0.32978960E+005  0.32979057E+005  0.65917795E+005  0.65919866E+005
  1534.3358  0.36039970E+005  0.35981122E+005  0.60557469E-002  0.15848730E+001  0.15856446E+001  0.36052178E+005  0.36052284E+005  0.72060057E+005  0.72062326E+005
  1534.5865  0.39544062E+005  0.39479492E+005  0.66445954E-002  0.17389808E+001  0.17398274E+001  0.39557966E+005  0.39558083E+005  0.79066813E+005  0.79069310E+005
  1534.8371  0.43561410E+005  0.43490281E+005  0.73197029E-002  0.19156632E+001  0.19165958E+001  0.43577329E+005  0.43577457E+005  0.87099943E+005  0.87102702E+005
  1535.0877  0.48191554E+005  0.48112864E+005  0.80977996E-002  0.21192986E+001  0.21203303E+001  0.48209879E+005  0.48210021E+005  0.96358508E+005  0.96361569E+005
  1535.3383  0.53557489E+005  0.53470037E+005  0.89995582E-002  0.23552971E+001  0.23564437E+001  0.53578703E+005  0.53578861E+005  0.10708848E+006  0.10709190E+006
  1535.5890  0.59811827E+005  0.59714162E+005  0.10050630E-001  0.26303717E+001  0.26316522E+001  0.59836532E+005  0.59836708E+005  0.11959507E+006  0.11959890E+006
  1535.8396  0.67144499E+005  0.67034861E+005  0.11282938E-001  0.29528770E+001  0.29543145E+001  0.67173442E+005  0.67173640E+005  0.13425811E+006  0.13426242E+006
  1536.0902  0.75792147E+005  0.75668388E+005  0.12736258E-001  0.33332221E+001  0.33348448E+001  0.75826256E+005  0.75826480E+005  0.15155086E+006  0.15155574E+006
  1536.3409  0.86049037E+005  0.85908530E+005  0.14460049E-001  0.37843511E+001  0.37861934E+001  0.86089467E+005  0.86089721E+005  0.17206181E+006  0.17206738E+006
  1536.5915  0.98278582E+005  0.98118105E+005  0.16515392E-001  0.43222488E+001  0.43243529E+001  0.98326747E+005  0.98327037E+005  0.19651772E+006  0.19652410E+006
  1536.8421  0.11292279E+006  0.11273840E+006  0.18976573E-001  0.49663565E+001  0.49687742E+001  0.11298039E+006  0.11298073E+006  0.22580250E+006  0.22580987E+006
  1537.0927  0.13050341E+006  0.13029031E+006  0.21931273E-001  0.57396211E+001  0.57424152E+001  0.13057242E+006  0.13057281E+006  0.26095946E+006  0.26096801E+006
  1537.3434  0.15160159E+006  0.15135405E+006  0.25477135E-001  0.66675972E+001  0.66708431E+001  0.15168413E+006  0.15168458E+006  0.30315053E+006  0.30316049E+006
  1537.5940  0.17679047E+006  0.17650179E+006  0.29710411E-001  0.77754775E+001  0.77792627E+001  0.17688844E+006  0.17688896E+006  0.35352124E+006  0.35353288E+006
  1537.8446  0.20647654E+006  0.20613939E+006  0.34699275E-001  0.90811073E+001  0.90855281E+001  0.20659088E+006  0.20659149E+006  0.41288327E+006  0.41289686E+006
  1538.0952  0.24058749E+006  0.24019464E+006  0.40431294E-001  0.10581242E+002  0.10586394E+002  0.24071677E+006  0.24071748E+006  0.48108973E+006  0.48110550E+006
  1538.3459  0.27805631E+006  0.27760228E+006  0.46726688E-001  0.12228847E+002  0.12234801E+002  0.27819464E+006  0.27819546E+006  0.55600306E+006  0.55602115E+006
  1538.5965  0.31616846E+006  0.31565220E+006  0.53128656E-001  0.13904393E+002  0.13911162E+002  0.31630332E+006  0.31630425E+006  0.63219007E+006  0.63221035E+006
  1538.8471  0.35014952E+006  0.34957778E+006  0.58834322E-001  0.15397776E+002  0.15405272E+002  0.35026148E+006  0.35026251E+006  0.70009927E+006  0.70012123E+006
  1539.0977  0.37375496E+006  0.37314467E+006  0.62794397E-001  0.16434383E+002  0.16442384E+002  0.37382222E+006  0.37382332E+006  0.74724477E+006  0.74726753E+006
  1539.3484  0.38142435E+006  0.38080154E+006  0.64075649E-001  0.16769942E+002  0.16778106E+002  0.38143223E+006  0.38143336E+006  0.76251775E+006  0.76254018E+006
  1539.5990  0.37112237E+006  0.37051640E+006  0.62338012E-001  0.16315389E+002  0.16323332E+002  0.37107158E+006  0.37107267E+006  0.74186466E+006  0.74188571E+006
  1539.8496  0.34555669E+006  0.34499246E+006  0.58038104E-001  0.15190177E+002  0.15197572E+002  0.34546265E+006  0.34546367E+006  0.69071304E+006  0.69073203E+006
  1540.1003  0.31057748E+006  0.31007037E+006  0.52159395E-001  0.13651676E+002  0.13658322E+002  0.31046155E+006  0.31046246E+006  0.62076395E+006  0.62078060E+006
  1540.3509  0.27230811E+006  0.27186348E+006  0.45730169E-001  0.11969024E+002  0.11974851E+002  0.27218857E+006  0.27218937E+006  0.54425561E+006  0.54426998E+006
  1540.6015  0.23521729E+006  0.23483323E+006  0.39500302E-001  0.10338504E+002  0.10343537E+002  0.23510563E+006  0.23510632E+006  0.47011475E+006  0.47012705E+006
  1540.8521  0.20173327E+006  0.20140388E+006  0.33876968E-001  0.88667065E+001  0.88710230E+001  0.20163478E+006  0.20163538E+006  0.40318953E+006  0.40320004E+006
  1541.1028  0.17273341E+006  0.17245137E+006  0.29007066E-001  0.75920938E+001  0.75957899E+001  0.17264934E+006  0.17264985E+006  0.34522988E+006  0.34523889E+006
  1541.3534  0.14819051E+006  0.14794854E+006  0.24885778E-001  0.65134123E+001  0.65165832E+001  0.14811999E+006  0.14812042E+006  0.29617934E+006  0.29618709E+006
  1541.6040  0.12765770E+006  0.12744926E+006  0.21437932E-001  0.56109920E+001  0.56137236E+001  0.12759903E+006  0.12759940E+006  0.25514374E+006  0.25515043E+006
  1541.8546  0.11055342E+006  0.11037291E+006  0.18565812E-001  0.48592584E+001  0.48616240E+001  0.11050471E+006  0.11050503E+006  0.22096026E+006  0.22096609E+006
  1542.1053  0.96302667E+005  0.96145424E+005  0.16172841E-001  0.42329351E+001  0.42349958E+001  0.96262166E+005  0.96262450E+005  0.19247957E+006  0.19248467E+006
  1542.3559  0.84395085E+005  0.84257285E+005  0.14173315E-001  0.37095905E+001  0.37113965E+001  0.84361297E+005  0.84361546E+005  0.16868165E+006  0.16868614E+006
  1542.6065  0.74400837E+005  0.74279355E+005  0.12495056E-001  0.32703333E+001  0.32719254E+001  0.74372514E+005  0.74372734E+005  0.14870746E+006  0.14871144E+006
  1542.8571  0.65967578E+005  0.65859866E+005  0.11078903E-001  0.28996788E+001  0.29010904E+001  0.65943708E+005  0.65943903E+005  0.13185285E+006  0.13185640E+006
  1543.1078  0.58810419E+005  0.58714393E+005  0.98770224E-002  0.25851069E+001  0.25863654E+001  0.58790188E+005  0.58790361E+005  0.11754851E+006  0.11755168E+006
  1543.3584  0.52700387E+005  0.52614337E+005  0.88509681E-002  0.23165551E+001  0.23176828E+001  0.52683141E+005  0.52683296E+005  0.10533683E+006  0.10533969E+006
  1543.6090  0.47453704E+005  0.47376221E+005  0.79698833E-002  0.20859469E+001  0.20869624E+001  0.47438919E+005  0.47439059E+005  0.94850573E+005  0.94853156E+005
  1543.8596  0.42922648E+005  0.42852563E+005  0.72089649E-002  0.18867904E+001  0.18877090E+001  0.42909904E+005  0.42910030E+005  0.85794513E+005  0.85796858E+005
  1544.1103  0.38988100E+005  0.38924440E+005  0.65482119E-002  0.17138507E+001  0.17146850E+001  0.38977056E+005  0.38977171E+005  0.77930601E+005  0.77932738E+005
  1544.3609  0.35553590E+005  0.35495537E+005  0.59714263E-002  0.15628880E+001  0.15636489E+001  0.35543972E+005  0.35544077E+005  0.71066048E+005  0.71068002E+005
  1544.6115  0.32540608E+005  0.32487475E+005  0.54654256E-002  0.14304522E+001  0.14311486E+001  0.32532192E+005  0.32532288E+005  0.65043954E+005  0.65045748E+005
  1544.8622  0.29884925E+005  0.29836129E+005  0.50194248E-002  0.13137204E+001  0.13143599E+001  0.29877528E+005  0.29877616E+005  0.59735959E+005  0.59737610E+005
  1545.1128  0.27533710E+005  0.27488753E+005  0.46245530E-002  0.12103706E+001  0.12109599E+001  0.27527181E+005  0.27527262E+005  0.55036479E+005  0.55038005E+005
  1545.3634  0.25443274E+005  0.25401729E+005  0.42734737E-002  0.11184828E+001  0.11190273E+001  0.25437486E+005  0.25437561E+005  0.50858200E+005  0.50859613E+005
  1545.6140  0.23577289E+005  0.23538792E+005  0.39600872E-002  0.10364604E+001  0.10369650E+001  0.23572140E+005  0.23572210E+005  0.47128523E+005  0.47129835E+005
  1545.8647  0.21905397E+005  0.21869629E+005  0.36792955E-002  0.96296907E+000  0.96343789E+000  0.21900800E+005  0.21900864E+005  0.43786771E+005  0.43787993E+005
  1546.1153  0.20402093E+005  0.20368780E+005  0.34268159E-002  0.89688790E+000  0.89732456E+000  0.20397974E+005  0.20398034E+005  0.40781974E+005  0.40783114E+005
  1546.3659  0.19045848E+005  0.19014749E+005  0.31990330E-002  0.83727063E+000  0.83767826E+000  0.19042146E+005  0.19042202E+005  0.38071102E+005  0.38072168E+005
  1546.6165  0.17818400E+005  0.17789306E+005  0.29928802E-002  0.78331464E+000  0.78369601E+000  0.17815063E+005  0.17815116E+005  0.35617659E+005  0.35618658E+005
  1546.8672  0.16704191E+005  0.16676916E+005  0.28057449E-002  0.73433608E+000  0.73469361E+000  0.16701174E+005  0.16701224E+005  0.33390549E+005  0.33391487E+005
  1547.1178  0.15689906E+005  0.15664287E+005  0.26353910E-002  0.68974974E+000  0.69008556E+000  0.15687171E+005  0.15687218E+005  0.31363160E+005  0.31364043E+005
  1547.3684  0.14764103E+005  0.14739996E+005  0.24798971E-002  0.64905270E+000  0.64936871E+000  0.14761618E+005  0.14761661E+005  0.29512624E+005  0.29513456E+005
  1547.6190  0.13916911E+005  0.13894187E+005  0.23376054E-002  0.61181108E+000  0.61210895E+000  0.13914646E+005  0.13914687E+005  0.27819212E+005  0.27819996E+005
  1547.8697  0.13139779E+005  0.13118324E+005  0.22070802E-002  0.57764907E+000  0.57793032E+000  0.13137711E+005  0.13137750E+005  0.26265833E+005  0.26266575E+005
  1548.1203  0.12425276E+005  0.12404988E+005  0.20870733E-002  0.54624003E+000  0.54650598E+000  0.12423384E+005  0.12423420E+005  0.24837636E+005  0.24838339E+005
  1548.3709  0.11766919E+005  0.11747706E+005  0.19764960E-002  0.51729898E+000  0.51755085E+000  0.11765184E+005  0.11765218E+005  0.23521663E+005  0.23522329E+005
  1548.6216  0.11159034E+005  0.11140813E+005  0.18743955E-002  0.49057655E+000  0.49081541E+000  0.11157439E+005  0.11157472E+005  0.22306572E+005  0.22307205E+005
  1548.8722  0.10596639E+005  0.10579336E+005  0.17799351E-002  0.46585374E+000  0.46608056E+000  0.10595171E+005  0.10595202E+005  0.21182407E+005  0.21183008E+005
  1549.1228  0.10075346E+005  0.10058895E+005  0.16923778E-002  0.44293769E+000  0.44315335E+000  0.10073992E+005  0.10074022E+005  0.20140398E+005  0.20140970E+005
  1549.3734  0.95912791E+004  0.95756182E+004  0.16110728E-002  0.42165802E+000  0.42186333E+000  0.95900283E+004  0.95900565E+004  0.19172797E+005  0.19173342E+005
  1549.6241  0.91410051E+004  0.91260795E+004  0.15354433E-002  0.40186382E+000  0.40205949E+000  0.91398476E+004  0.91398746E+004  0.18272742E+005  0.18273261E+005
  1549.8747  0.87214742E+004  0.87072336E+004  0.14649773E-002  0.38342104E+000  0.38360773E+000  0.87204015E+004  0.87204272E+004  0.17434137E+005  0.17434633E+005
  1550.1253  0.83299705E+004  0.83163692E+004  0.13992187E-002  0.36621029E+000  0.36638860E+000  0.83289748E+004  0.83289993E+004  0.16651553E+005  0.16652028E+005
  1550.3759  0.79640694E+004  0.79510655E+004  0.13377601E-002  0.35012499E+000  0.35029547E+000  0.79631438E+004  0.79631673E+004  0.15920146E+005  0.15920600E+005
  1550.6266  0.76216010E+004  0.76091563E+004  0.12802372E-002  0.33506977E+000  0.33523292E+000  0.76207395E+004  0.76207619E+004  0.15235577E+005  0.15236012E+005
  1550.8772  0.73006192E+004  0.72886986E+004  0.12263231E-002  0.32095907E+000  0.32111536E+000  0.72998162E+004  0.72998377E+004  0.14593956E+005  0.14594373E+005
  1551.1278  0.69993743E+004  0.69879456E+004  0.11757240E-002  0.30771600E+000  0.30786584E+000  0.69986249E+004  0.69986456E+004  0.13991788E+005  0.13992187E+005
  1551.3784  0.67162903E+004  0.67053238E+004  0.11281752E-002  0.29527127E+000  0.29541504E+000  0.67155901E+004  0.67156099E+004  0.13425920E+005  0.13426304E+005
  1551.6291  0.64499444E+004  0.64394127E+004  0.10834377E-002  0.28356233E+000  0.28370041E+000  0.64492894E+004  0.64493084E+004  0.12893509E+005  0.12893878E+005
  1551.8797  0.61990496E+004  0.61889276E+004  0.10412954E-002  0.27253262E+000  0.27266533E+000  0.61984361E+004  0.61984544E+004  0.12391984E+005  0.12392339E+005
  1552.1303  0.59624397E+004  0.59527040E+004  0.10015523E-002  0.26213088E+000  0.26225852E+000  0.59618646E+004  0.59618822E+004  0.11919012E+005  0.11919354E+005
  1552.3810  0.57390559E+004  0.57296850E+004  0.96403080E-003  0.25231055E+000  0.25243341E+000  0.57385162E+004  0.57385332E+004  0.11472478E+005  0.11472807E+005
  1552.6316  0.55279353E+004  0.55189092E+004  0.92856900E-003  0.24302931E+000  0.24314765E+000  0.55274284E+004  0.55274446E+004  0.11050457E+005  0.11050774E+005
  1552.8822  0.53282006E+004  0.53195006E+004  0.89501959E-003  0.23424859E+000  0.23436266E+000  0.53277239E+004  0.53277396E+004  0.10651195E+005  0.10651501E+005
  1553.1328  0.51390511E+004  0.51306599E+004  0.86324811E-003  0.22593321E+000  0.22604323E+000  0.51386025E+004  0.51386176E+004  0.10273092E+005  0.10273387E+005
  1553.3835  0.49597551E+004  0.49516567E+004  0.83313166E-003  0.21805099E+000  0.21815717E+000  0.49593325E+004  0.49593471E+004  0.99146853E+004  0.99149700E+004
  1553.6341  0.47896428E+004  0.47818221E+004  0.80455773E-003  0.21057248E+000  0.21067503E+000  0.47892443E+004  0.47892584E+004  0.95746357E+004  0.95749108E+004
  1553.8847  0.46280999E+004  0.46205431E+004  0.77742317E-003  0.20347070E+000  0.20356979E+000  0.46277240E+004  0.46277376E+004  0.92517158E+004  0.92519817E+004
  1554.1353  0.44745628E+004  0.44672566E+004  0.75163328E-003  0.19672085E+000  0.19681665E+000  0.44742077E+004  0.44742209E+004  0.89447986E+004  0.89450558E+004
  1554.3860  0.43285129E+004  0.43214451E+004  0.72710098E-003  0.19030015E+000  0.19039282E+000  0.43281773E+004  0.43281901E+004  0.86528479E+004  0.86530968E+004
  1554.6366  0.41894730E+004  0.41826323E+004  0.70374613E-003  0.18418762E+000  0.18427731E+000  0.41891556E+004  0.41891680E+004  0.83749097E+004  0.83751507E+004
  1554.8872  0.40570031E+004  0.40503787E+004  0.68149482E-003  0.17836391E+000  0.17845077E+000  0.40567027E+004  0.40567147E+004  0.81101045E+004  0.81103380E+004
  1555.1378  0.39306972E+004  0.39242790E+004  0.66027885E-003  0.17281117E+000  0.17289533E+000  0.39304127E+004  0.39304243E+004  0.78576206E+004  0.78578469E+004
  1555.3885  0.38101799E+004  0.38039585E+004  0.64003518E-003  0.16751291E+000  0.16759449E+000  0.38099103E+004  0.38099215E+004  0.76167078E+004  0.76169273E+004
  1555.6391  0.36951039E+004  0.36890705E+004  0.62070547E-003  0.16245386E+000  0.16253297E+000  0.36948483E+004  0.36948592E+004  0.73866720E+004  0.73868849E+004
  1555.8897  0.35851477E+004  0.35792938E+004  0.60223570E-003  0.15761987E+000  0.15769664E+000  0.35849051E+004  0.35849156E+004  0.71668701E+004  0.71670767E+004
  1556.1404  0.34800128E+004  0.34743305E+004  0.58457577E-003  0.15299784E+000  0.15307236E+000  0.34797824E+004  0.34797927E+004  0.69567058E+004  0.69569064E+004
  1556.3910  0.33794222E+004  0.33739042E+004  0.56767914E-003  0.14857559E+000  0.14864795E+000  0.33792033E+004  0.33792133E+004  0.67556254E+004  0.67558203E+004
  1556.6416  0.32831185E+004  0.32777578E+004  0.55150258E-003  0.14434179E+000  0.14441209E+000  0.32829105E+004  0.32829201E+004  0.65631144E+004  0.65633038E+004
  1556.8922  0.31908623E+004  0.31856522E+004  0.53600585E-003  0.14028593E+000  0.14035425E+000  0.31906644E+004  0.31906738E+004  0.63786939E+004  0.63788781E+004
  1557.1429  0.31024304E+004  0.30973647E+004  0.52115150E-003  0.13639819E+000  0.13646462E+000  0.31022421E+004  0.31022512E+004  0.62019182E+004  0.62020973E+004
  1557.3935  0.30176149E+004  0.30126876E+004  0.50690460E-003  0.13266944E+000  0.13273405E+000  0.30174356E+004  0.30174445E+004  0.60323715E+004  0.60325457E+004
  1557.6441  0.29362218E+004  0.29314274E+004  0.49323255E-003  0.12909114E+000  0.12915401E+000  0.29360510E+004  0.29360596E+004  0.58696660E+004  0.58698356E+004
  1557.8947  0.28580698E+004  0.28534031E+004  0.48010492E-003  0.12565532E+000  0.12571652E+000  0.28579070E+004  0.28579154E+004  0.57134394E+004  0.57136045E+004
  1558.1454  0.27829896E+004  0.27784454E+004  0.46749325E-003  0.12235455E+000  0.12241414E+000  0.27828343E+004  0.27828425E+004  0.55633531E+004  0.55635140E+004
  1558.3960  0.27108226E+004  0.27063962E+004  0.45537091E-003  0.11918185E+000  0.11923990E+000  0.27106745E+004  0.27106825E+004  0.54190903E+004  0.54192470E+004
  1558.6466  0.26414203E+004  0.26371073E+004  0.44371298E-003  0.11613069E+000  0.11618725E+000  0.26412790E+004  0.26412868E+004  0.52803541E+004  0.52805069E+004
  1558.8972  0.25746437E+004  0.25704397E+004  0.43249608E-003  0.11319496E+000  0.11325009E+000  0.25745087E+004  0.25745163E+004  0.51468666E+004  0.51470155E+004
  1559.1479  0.25103622E+004  0.25062632E+004  0.42169828E-003  0.11036892E+000  0.11042268E+000  0.25102333E+004  0.25102407E+004  0.50183667E+004  0.50185119E+004
  1559.3985  0.24484533E+004  0.24444554E+004  0.41129902E-003  0.10764719E+000  0.10769963E+000  0.24483302E+004  0.24483374E+004  0.48946097E+004  0.48947513E+004
  1559.6491  0.23888020E+004  0.23849015E+004  0.40127896E-003  0.10502470E+000  0.10507586E+000  0.23886842E+004  0.23886913E+004  0.47753653E+004  0.47755036E+004
  1559.8997  0.23312999E+004  0.23274933E+004  0.39161993E-003  0.10249671E+000  0.10254664E+000  0.23311873E+004  0.23311942E+004  0.46604174E+004  0.46605524E+004
  1560.1504  0.22758453E+004  0.22721293E+004  0.38230481E-003  0.10005872E+000  0.10010746E+000  0.22757376E+004  0.22757443E+004  0.45495623E+004  0.45496941E+004
  1560.4010  0.22223424E+004  0.22187136E+004  0.37331750E-003  0.97706533E-001  0.97754130E-001  0.22222393E+004  0.22222458E+004  0.44426085E+004  0.44427372E+004
  1560.6516  0.21707006E+004  0.21671562E+004  0.36464284E-003  0.95436170E-001  0.95482661E-001  0.21706019E+004  0.21706083E+004  0.43393752E+004  0.43395010E+004
  1560.9023  0.21208349E+004  0.21173720E+004  0.35626650E-003  0.93243888E-001  0.93289312E-001  0.21207404E+004  0.21207467E+004  0.42396923E+004  0.42398152E+004
  1561.1529  0.20726650E+004  0.20692807E+004  0.34817500E-003  0.91126153E-001  0.91170546E-001  0.20725744E+004  0.20725805E+004  0.41433991E+004  0.41435192E+004
  1561.4035  0.20261148E+004  0.20228065E+004  0.34035558E-003  0.89079629E-001  0.89123026E-001  0.20260280E+004  0.20260340E+004  0.40503439E+004  0.40504613E+004
  1561.6541  0.19811127E+004  0.19778779E+004  0.33279621E-003  0.87101165E-001  0.87143598E-001  0.19810296E+004  0.19810354E+004  0.39603833E+004  0.39604981E+004
  1561.9048  0.19375910E+004  0.19344272E+004  0.32548549E-003  0.85187780E-001  0.85229282E-001  0.19375113E+004  0.19375170E+004  0.38733819E+004  0.38734942E+004
  1562.1554  0.18954855E+004  0.18923905E+004  0.31841266E-003  0.83336656E-001  0.83377257E-001  0.18954090E+004  0.18954146E+004  0.37892115E+004  0.37893214E+004
  1562.4060  0.18547355E+004  0.18517071E+004  0.31156753E-003  0.81545126E-001  0.81584854E-001  0.18546622E+004  0.18546676E+004  0.37077508E+004  0.37078584E+004
  1562.6566  0.18152836E+004  0.18123195E+004  0.30494043E-003  0.79810661E-001  0.79849545E-001  0.18152132E+004  0.18152186E+004  0.36288850E+004  0.36289903E+004
  1562.9073  0.17770753E+004  0.17741736E+004  0.29852223E-003  0.78130869E-001  0.78168935E-001  0.17770077E+004  0.17770129E+004  0.35525050E+004  0.35526081E+004
  1563.1579  0.17400589E+004  0.17372176E+004  0.29230424E-003  0.76503478E-001  0.76540752E-001  0.17399940E+004  0.17399991E+004  0.34785078E+004  0.34786088E+004
  1563.4085  0.17041854E+004  0.17014028E+004  0.28627824E-003  0.74926334E-001  0.74962841E-001  0.17041231E+004  0.17041282E+004  0.34067953E+004  0.34068943E+004
  1563.6591  0.16694084E+004  0.16666826E+004  0.28043642E-003  0.73397394E-001  0.73433156E-001  0.16693486E+004  0.16693535E+004  0.33372747E+004  0.33373716E+004
  1563.9098  0.16356837E+004  0.16330129E+004  0.27477135E-003  0.71914715E-001  0.71949755E-001  0.16356262E+004  0.16356310E+004  0.32698575E+004  0.32699525E+004
  1564.1604  0.16029693E+004  0.16003519E+004  0.26927599E-003  0.70476452E-001  0.70510792E-001  0.16029140E+004  0.16029187E+004  0.32044599E+004  0.32045530E+004
  1564.4110  0.15712252E+004  0.15686597E+004  0.26394363E-003  0.69080851E-001  0.69114511E-001  0.15711721E+004  0.15711768E+004  0.31410022E+004  0.31410935E+004
  1564.6617  0.15404137E+004  0.15378984E+004  0.25876790E-003  0.67726244E-001  0.67759245E-001  0.15403626E+004  0.15403672E+004  0.30794085E+004  0.30794979E+004
  1564.9123  0.15104984E+004  0.15080320E+004  0.25374274E-003  0.66411042E-001  0.66443403E-001  0.15104494E+004  0.15104538E+004  0.30196065E+004  0.30196943E+004
  1565.1629  0.14814451E+004  0.14790262E+004  0.24886236E-003  0.65133735E-001  0.65165474E-001  0.14813979E+004  0.14814023E+004  0.29615276E+004  0.29616137E+004
  1565.4135  0.14532210E+004  0.14508482E+004  0.24412126E-003  0.63892881E-001  0.63924016E-001  0.14531756E+004  0.14531799E+004  0.29051062E+004  0.29051907E+004
  1565.6642  0.14257949E+004  0.14234668E+004  0.23951421E-003  0.62687109E-001  0.62717657E-001  0.14257512E+004  0.14257554E+004  0.28502800E+004  0.28503629E+004
  1565.9148  0.13991370E+004  0.13968524E+004  0.23503619E-003  0.61515110E-001  0.61545087E-001  0.13990949E+004  0.13990991E+004  0.27969895E+004  0.27970708E+004
  1566.1654  0.13732189E+004  0.13709766E+004  0.23068245E-003  0.60375636E-001  0.60405059E-001  0.13731784E+004  0.13731825E+004  0.27451779E+004  0.27452577E+004
  1566.4160  0.13480135E+004  0.13458124E+004  0.22644843E-003  0.59267496E-001  0.59296379E-001  0.13479745E+004  0.13479785E+004  0.26947910E+004  0.26948694E+004
  1566.6667  0.13234949E+004  0.13213339E+004  0.22232978E-003  0.58189552E-001  0.58217911E-001  0.13234575E+004  0.13234614E+004  0.26457772E+004  0.26458541E+004
  1566.9173  0.12996386E+004  0.12975165E+004  0.21832237E-003  0.57140720E-001  0.57168568E-001  0.12996025E+004  0.12996063E+004  0.25980870E+004  0.25981626E+004
  1567.1679  0.12764207E+004  0.12743366E+004  0.21442221E-003  0.56119960E-001  0.56147311E-001  0.12763860E+004  0.12763898E+004  0.25516733E+004  0.25517475E+004
  1567.4185  0.12538189E+004  0.12517716E+004  0.21062553E-003  0.55126282E-001  0.55153149E-001  0.12537855E+004  0.12537892E+004  0.25064910E+004  0.25065639E+004
  1567.6692  0.12318115E+004  0.12298002E+004  0.20692870E-003  0.54158736E-001  0.54185132E-001  0.12317793E+004  0.12317829E+004  0.24624969E+004  0.24625686E+004
  1567.9198  0.12103779E+004  0.12084015E+004  0.20332824E-003  0.53216416E-001  0.53242353E-001  0.12103468E+004  0.12103504E+004  0.24196499E+004  0.24197203E+004
  1568.1704  0.11894982E+004  0.11875560E+004  0.19982085E-003  0.52298452E-001  0.52323942E-001  0.11894683E+004  0.11894719E+004  0.23779103E+004  0.23779795E+004
  1568.4211  0.11691537E+004  0.11672447E+004  0.19640335E-003  0.51404013E-001  0.51429068E-001  0.11691249E+004  0.11691284E+004  0.23372404E+004  0.23373085E+004
  1568.6717  0.11493262E+004  0.11474495E+004  0.19307269E-003  0.50532304E-001  0.50556934E-001  0.11492985E+004  0.11493018E+004  0.22976040E+004  0.22976709E+004
  1568.9223  0.11299983E+004  0.11281532E+004  0.18982596E-003  0.49682561E-001  0.49706778E-001  0.11299716E+004  0.11299749E+004  0.22589665E+004  0.22590322E+004
  1569.1729  0.11111535E+004  0.11093391E+004  0.18666036E-003  0.48854053E-001  0.48877866E-001  0.11111277E+004  0.11111310E+004  0.22212944E+004  0.22213591E+004
  1569.4236  0.10927757E+004  0.10909913E+004  0.18357323E-003  0.48046079E-001  0.48069499E-001  0.10927508E+004  0.10927541E+004  0.21845561E+004  0.21846197E+004
  1569.6742  0.10748496E+004  0.10730946E+004  0.18056198E-003  0.47257966E-001  0.47281003E-001  0.10748257E+004  0.10748289E+004  0.21487209E+004  0.21487834E+004
  1569.9248  0.10573607E+004  0.10556342E+004  0.17762415E-003  0.46489070E-001  0.46511733E-001  0.10573377E+004  0.10573408E+004  0.21137594E+004  0.21138210E+004
  1570.1754  0.10402948E+004  0.10385962E+004  0.17475738E-003  0.45738772E-001  0.45761069E-001  0.10402726E+004  0.10402756E+004  0.20796436E+004  0.20797041E+004
  1570.4261  0.10236384E+004  0.10219670E+004  0.17195940E-003  0.45006476E-001  0.45028417E-001  0.10236170E+004  0.10236200E+004  0.20463463E+004  0.20464059E+004
  1570.6767  0.10073785E+004  0.10057336E+004  0.16922802E-003  0.44291613E-001  0.44313205E-001  0.10073578E+004  0.10073608E+004  0.20138417E+004  0.20139004E+004
  1570.9273  0.99150259E+003  0.98988364E+003  0.16656115E-003  0.43593633E-001  0.43614886E-001  0.99148269E+003  0.99148561E+003  0.19821048E+004  0.19821625E+004
  1571.1779  0.97599876E+003  0.97440512E+003  0.16395678E-003  0.42912010E-001  0.42932931E-001  0.97597957E+003  0.97598245E+003  0.19511116E+004  0.19511685E+004
  1571.4286  0.96085545E+003  0.95928653E+003  0.16141297E-003  0.42246237E-001  0.42266834E-001  0.96083695E+003  0.96083978E+003  0.19208391E+004  0.19208951E+004
  1571.6792  0.94606157E+003  0.94451681E+003  0.15892785E-003  0.41595826E-001  0.41616106E-001  0.94604374E+003  0.94604653E+003  0.18912652E+004  0.18913203E+004
  1571.9298  0.93160647E+003  0.93008531E+003  0.15649964E-003  0.40960310E-001  0.40980280E-001  0.93158928E+003  0.93159203E+003  0.18623684E+004  0.18624227E+004
  1572.1805  0.91747988E+003  0.91598179E+003  0.15412662E-003  0.40339236E-001  0.40358904E-001  0.91746332E+003  0.91746602E+003  0.18341284E+004  0.18341819E+004
  1572.4311  0.90367195E+003  0.90219640E+003  0.15180713E-003  0.39732172E-001  0.39751544E-001  0.90365598E+003  0.90365864E+003  0.18065254E+004  0.18065781E+004
  1572.6817  0.89017315E+003  0.88871965E+003  0.14953956E-003  0.39138698E-001  0.39157782E-001  0.89015776E+003  0.89016039E+003  0.17795404E+004  0.17795923E+004
  1572.9323  0.87697435E+003  0.87554240E+003  0.14732238E-003  0.38558414E-001  0.38577215E-001  0.87695952E+003  0.87696210E+003  0.17531550E+004  0.17532062E+004
  1573.1830  0.86406672E+003  0.86265584E+003  0.14515412E-003  0.37990930E-001  0.38009455E-001  0.86405242E+003  0.86405497E+003  0.17273518E+004  0.17274022E+004
  1573.4336  0.85144176E+003  0.85005150E+003  0.14303334E-003  0.37435874E-001  0.37454129E-001  0.85142798E+003  0.85143049E+003  0.17021136E+004  0.17021632E+004
  1573.6842  0.83909129E+003  0.83772120E+003  0.14095867E-003  0.36892886E-001  0.36910877E-001  0.83907801E+003  0.83908049E+003  0.16774241E+004  0.16774731E+004
  1573.9348  0.82700742E+003  0.82565706E+003  0.13892878E-003  0.36361619E-001  0.36379350E-001  0.82699462E+003  0.82699706E+003  0.16532676E+004  0.16533158E+004
  1574.1855  0.81518253E+003  0.81385147E+003  0.13694240E-003  0.35841737E-001  0.35859216E-001  0.81517020E+003  0.81517260E+003  0.16296288E+004  0.16296763E+004
  1574.4361  0.80360927E+003  0.80229712E+003  0.13499828E-003  0.35332919E-001  0.35350150E-001  0.80359739E+003  0.80359976E+003  0.16064930E+004  0.16065399E+004
  1574.6867  0.79228057E+003  0.79098691E+003  0.13309525E-003  0.34834852E-001  0.34851840E-001  0.79226913E+003  0.79227146E+003  0.15838461E+004  0.15838923E+004
  1574.9373  0.78118959E+003  0.77991404E+003  0.13123215E-003  0.34347236E-001  0.34363987E-001  0.78117857E+003  0.78118087E+003  0.15616744E+004  0.15617200E+004
  1575.1880  0.77032972E+003  0.76907190E+003  0.12940787E-003  0.33869781E-001  0.33886300E-001  0.77031911E+003  0.77032138E+003  0.15399647E+004  0.15400096E+004
  1575.4386  0.75969460E+003  0.75845415E+003  0.12762134E-003  0.33402207E-001  0.33418498E-001  0.75968437E+003  0.75968661E+003  0.15187043E+004  0.15187486E+004
  1575.6892  0.74927806E+003  0.74805462E+003  0.12587153E-003  0.32944243E-001  0.32960311E-001  0.74926822E+003  0.74927043E+003  0.14978809E+004  0.14979246E+004
  1575.9398  0.73907417E+003  0.73786739E+003  0.12415744E-003  0.32495628E-001  0.32511477E-001  0.73906469E+003  0.73906687E+003  0.14774825E+004  0.14775256E+004
  1576.1905  0.72907718E+003  0.72788672E+003  0.12247811E-003  0.32056109E-001  0.32071744E-001  0.72906805E+003  0.72907020E+003  0.14574977E+004  0.14575403E+004
  1576.4411  0.71928153E+003  0.71810706E+003  0.12083260E-003  0.31625441E-001  0.31640867E-001  0.71927275E+003  0.71927487E+003  0.14379155E+004  0.14379575E+004
  1576.6917  0.70968185E+003  0.70852306E+003  0.11922001E-003  0.31203390E-001  0.31218611E-001  0.70967341E+003  0.70967550E+003  0.14187250E+004  0.14187664E+004
  1576.9424  0.70027297E+003  0.69912954E+003  0.11763947E-003  0.30789727E-001  0.30804746E-001  0.70026484E+003  0.70026691E+003  0.13999159E+004  0.13999568E+004
  1577.1930  0.69104985E+003  0.68992149E+003  0.11609013E-003  0.30384231E-001  0.30399053E-001  0.69104204E+003  0.69104408E+003  0.13814782E+004  0.13815185E+004
  1577.4436  0.68200765E+003  0.68089405E+003  0.11457118E-003  0.29986689E-001  0.30001317E-001  0.68200014E+003  0.68200215E+003  0.13634021E+004  0.13634419E+004
  1577.6942  0.67314166E+003  0.67204254E+003  0.11308184E-003  0.29596894E-001  0.29611332E-001  0.67313444E+003  0.67313642E+003  0.13456783E+004  0.13457176E+004
  1577.9449  0.66444734E+003  0.66336241E+003  0.11162133E-003  0.29214646E-001  0.29228898E-001  0.66444040E+003  0.66444236E+003  0.13282976E+004  0.13283364E+004
  1578.1955  0.65592029E+003  0.65484928E+003  0.11018892E-003  0.28839752E-001  0.28853822E-001  0.65591362E+003  0.65591556E+003  0.13112514E+004  0.13112897E+004
  1578.4461  0.64755625E+003  0.64649889E+003  0.10878389E-003  0.28472025E-001  0.28485915E-001  0.64754984E+003  0.64755175E+003  0.12945310E+004  0.12945688E+004
  1578.6967  0.63935108E+003  0.63830713E+003  0.10740555E-003  0.28111282E-001  0.28124998E-001  0.63934493E+003  0.63934681E+003  0.12781282E+004  0.12781655E+004
  1578.9474  0.63130080E+003  0.63026999E+003  0.10605323E-003  0.27757350E-001  0.27770892E-001  0.63129490E+003  0.63129676E+003  0.12620350E+004  0.12620719E+004
  1579.1980  0.62340153E+003  0.62238362E+003  0.10472627E-003  0.27410056E-001  0.27423430E-001  0.62339586E+003  0.62339770E+003  0.12462437E+004  0.12462801E+004
  1579.4486  0.61564952E+003  0.61464426E+003  0.10342406E-003  0.27069236E-001  0.27082444E-001  0.61564409E+003  0.61564590E+003  0.12307468E+004  0.12307828E+004
  1579.6992  0.60804113E+003  0.60704830E+003  0.10214597E-003  0.26734731E-001  0.26747776E-001  0.60803593E+003  0.60803772E+003  0.12155370E+004  0.12155726E+004
  1579.9499  0.60057285E+003  0.59959221E+003  0.10089141E-003  0.26406386E-001  0.26419271E-001  0.60056786E+003  0.60056963E+003  0.12006073E+004  0.12006424E+004
  1580.2005  0.59324125E+003  0.59227258E+003  0.99659812E-004  0.26084050E-001  0.26096778E-001  0.59323647E+003  0.59323822E+003  0.11859508E+004  0.11859855E+004
  1580.4511  0.58604301E+003  0.58508610E+003  0.98450619E-004  0.25767577E-001  0.25780151E-001  0.58603844E+003  0.58604017E+003  0.11715610E+004  0.11715952E+004
  1580.7018  0.57897494E+003  0.57802957E+003  0.97263291E-004  0.25456826E-001  0.25469249E-001  0.57897057E+003  0.57897227E+003  0.11574313E+004  0.11574651E+004
  1580.9524  0.57203390E+003  0.57109987E+003  0.96097302E-004  0.25151661E-001  0.25163935E-001  0.57202972E+003  0.57203141E+003  0.11435556E+004  0.11435890E+004
  1581.2030  0.56521688E+003  0.56429397E+003  0.94952145E-004  0.24851948E-001  0.24864076E-001  0.56521288E+003  0.56521455E+003  0.11299278E+004  0.11299608E+004
  1581.4536  0.55852093E+003  0.55760896E+003  0.93827328E-004  0.24557558E-001  0.24569543E-001  0.55851712E+003  0.55851877E+003  0.11165420E+004  0.11165746E+004
  1581.7043  0.55194322E+003  0.55104199E+003  0.92722371E-004  0.24268366E-001  0.24280210E-001  0.55193958E+003  0.55194121E+003  0.11033926E+004  0.11034248E+004
  1581.9549  0.54548097E+003  0.54459029E+003  0.91636809E-004  0.23984251E-001  0.23995956E-001  0.54547750E+003  0.54547910E+003  0.10904740E+004  0.10905059E+004
  1582.2055  0.53913149E+003  0.53825118E+003  0.90570193E-004  0.23705093E-001  0.23716663E-001  0.53912819E+003  0.53912978E+003  0.10777809E+004  0.10778124E+004
  1582.4561  0.53289219E+003  0.53202207E+003  0.89522083E-004  0.23430780E-001  0.23442216E-001  0.53288904E+003  0.53289061E+003  0.10653079E+004  0.10653391E+004
  1582.7068  0.52676052E+003  0.52590041E+003  0.88492055E-004  0.23161198E-001  0.23172503E-001  0.52675753E+003  0.52675908E+003  0.10530502E+004  0.10530810E+004
  1582.9574  0.52073403E+003  0.51988376E+003  0.87479694E-004  0.22896241E-001  0.22907417E-001  0.52073119E+003  0.52073273E+003  0.10410027E+004  0.10410332E+004
  1583.2080  0.51481033E+003  0.51396973E+003  0.86484599E-004  0.22635802E-001  0.22646852E-001  0.51480763E+003  0.51480915E+003  0.10291607E+004  0.10291908E+004
  1583.4586  0.50898709E+003  0.50815600E+003  0.85506381E-004  0.22379781E-001  0.22390705E-001  0.50898453E+003  0.50898603E+003  0.10175196E+004  0.10175493E+004
  1583.7093  0.50326205E+003  0.50244031E+003  0.84544659E-004  0.22128077E-001  0.22138879E-001  0.50325963E+003  0.50326112E+003  0.10060747E+004  0.10061041E+004
  1583.9599  0.49763303E+003  0.49682048E+003  0.83599065E-004  0.21880594E-001  0.21891275E-001  0.49763074E+003  0.49763221E+003  0.99482179E+003  0.99485089E+003
  1584.2105  0.49209788E+003  0.49129436E+003  0.82669241E-004  0.21637238E-001  0.21647801E-001  0.49209572E+003  0.49209717E+003  0.98375654E+003  0.98378531E+003
  1584.4612  0.48665453E+003  0.48585990E+003  0.81754838E-004  0.21397918E-001  0.21408365E-001  0.48665250E+003  0.48665393E+003  0.97287480E+003  0.97290325E+003
  1584.7118  0.48130096E+003  0.48051508E+003  0.80855517E-004  0.21162546E-001  0.21172878E-001  0.48129905E+003  0.48130047E+003  0.96217254E+003  0.96220068E+003
  1584.9624  0.47603522E+003  0.47525793E+003  0.79970948E-004  0.20931035E-001  0.20941254E-001  0.47603342E+003  0.47603483E+003  0.95164584E+003  0.95167368E+003
  1585.2130  0.47085538E+003  0.47008655E+003  0.79100810E-004  0.20703300E-001  0.20713409E-001  0.47085370E+003  0.47085509E+003  0.94129089E+003  0.94131842E+003
  1585.4637  0.46575960E+003  0.46499909E+003  0.78244792E-004  0.20479261E-001  0.20489261E-001  0.46575803E+003  0.46575940E+003  0.93110395E+003  0.93113119E+003
  1585.7143  0.46074606E+003  0.45999374E+003  0.77402590E-004  0.20258838E-001  0.20268730E-001  0.46074460E+003  0.46074595E+003  0.92108144E+003  0.92110838E+003
  1585.9649  0.45581300E+003  0.45506874E+003  0.76573908E-004  0.20041954E-001  0.20051740E-001  0.45581165E+003  0.45581299E+003  0.91121981E+003  0.91124647E+003
  1586.2155  0.45095872E+003  0.45022238E+003  0.75758458E-004  0.19828532E-001  0.19838215E-001  0.45095747E+003  0.45095880E+003  0.90151566E+003  0.90154204E+003
  1586.4662  0.44618154E+003  0.44545300E+003  0.74955961E-004  0.19618501E-001  0.19628081E-001  0.44618039E+003  0.44618170E+003  0.89196565E+003  0.89199174E+003
  1586.7168  0.44147985E+003  0.44075898E+003  0.74166142E-004  0.19411788E-001  0.19421267E-001  0.44147878E+003  0.44148009E+003  0.88256652E+003  0.88259235E+003
  1586.9674  0.43685205E+003  0.43613874E+003  0.73388738E-004  0.19208324E-001  0.19217704E-001  0.43685108E+003  0.43685237E+003  0.87331513E+003  0.87334068E+003
  1587.2180  0.43229661E+003  0.43159074E+003  0.72623489E-004  0.19008041E-001  0.19017324E-001  0.43229573E+003  0.43229700E+003  0.86420839E+003  0.86423368E+003
  1587.4687  0.42781203E+003  0.42711349E+003  0.71870143E-004  0.18810873E-001  0.18820061E-001  0.42781124E+003  0.42781250E+003  0.85524330E+003  0.85526833E+003
  1587.7193  0.42339685E+003  0.42270551E+003  0.71128455E-004  0.18616757E-001  0.18625850E-001  0.42339614E+003  0.42339739E+003  0.84641694E+003  0.84644171E+003
  1587.9699  0.41904964E+003  0.41836540E+003  0.70398185E-004  0.18425629E-001  0.18434629E-001  0.41904902E+003  0.41905025E+003  0.83772647E+003  0.83775098E+003
  1588.2206  0.41476902E+003  0.41409177E+003  0.69679101E-004  0.18237429E-001  0.18246337E-001  0.41476847E+003  0.41476970E+003  0.82916910E+003  0.82919337E+003
  1588.4712  0.41055363E+003  0.40988327E+003  0.68970975E-004  0.18052096E-001  0.18060914E-001  0.41055316E+003  0.41055437E+003  0.82074215E+003  0.82076617E+003
  1588.7218  0.40640216E+003  0.40573857E+003  0.68273585E-004  0.17869574E-001  0.17878303E-001  0.40640176E+003  0.40640296E+003  0.81244296E+003  0.81246674E+003
  1588.9724  0.40231331E+003  0.40165640E+003  0.67586716E-004  0.17689805E-001  0.17698446E-001  0.40231299E+003  0.40231418E+003  0.80426898E+003  0.80429252E+003
  1589.2231  0.39828585E+003  0.39763551E+003  0.66910158E-004  0.17512735E-001  0.17521290E-001  0.39828560E+003  0.39828677E+003  0.79621770E+003  0.79624100E+003
  1589.4737  0.39431854E+003  0.39367468E+003  0.66243705E-004  0.17338309E-001  0.17346779E-001  0.39431836E+003  0.39431952E+003  0.78828667E+003  0.78830974E+003
  1589.7243  0.39041019E+003  0.38977271E+003  0.65587156E-004  0.17166476E-001  0.17174862E-001  0.39041008E+003  0.39041123E+003  0.78047351E+003  0.78049636E+003
  1589.9749  0.38655964E+003  0.38592846E+003  0.64940318E-004  0.16997184E-001  0.17005488E-001  0.38655959E+003  0.38656073E+003  0.77277590E+003  0.77279852E+003
  1590.2256  0.38276576E+003  0.38214077E+003  0.64302998E-004  0.16830383E-001  0.16838606E-001  0.38276578E+003  0.38276691E+003  0.76519157E+003  0.76521397E+003
  1590.4762  0.37902745E+003  0.37840856E+003  0.63675012E-004  0.16666025E-001  0.16674168E-001  0.37902752E+003  0.37902864E+003  0.75771832E+003  0.75774050E+003
  1590.7268  0.37534361E+003  0.37473074E+003  0.63056178E-004  0.16504062E-001  0.16512126E-001  0.37534374E+003  0.37534485E+003  0.75035398E+003  0.75037595E+003
  1590.9774  0.37171320E+003  0.37110626E+003  0.62446319E-004  0.16344449E-001  0.16352435E-001  0.37171339E+003  0.37171449E+003  0.74309644E+003  0.74311820E+003
  1591.2281  0.36813519E+003  0.36753409E+003  0.61845263E-004  0.16187139E-001  0.16195049E-001  0.36813544E+003  0.36813653E+003  0.73594366E+003  0.73596521E+003
  1591.4787  0.36460859E+003  0.36401324E+003  0.61252840E-004  0.16032089E-001  0.16039923E-001  0.36460889E+003  0.36460996E+003  0.72889363E+003  0.72891497E+003
  1591.7293  0.36113239E+003  0.36054273E+003  0.60668887E-004  0.15879255E-001  0.15887015E-001  0.36113275E+003  0.36113381E+003  0.72194439E+003  0.72196553E+003
  1591.9799  0.35770567E+003  0.35712159E+003  0.60093243E-004  0.15728596E-001  0.15736283E-001  0.35770607E+003  0.35770713E+003  0.71509402E+003  0.71511496E+003
  1592.2306  0.35432746E+003  0.35374891E+003  0.59525751E-004  0.15580071E-001  0.15587685E-001  0.35432792E+003  0.35432896E+003  0.70834067E+003  0.70836141E+003
  1592.4812  0.35099688E+003  0.35042376E+003  0.58966258E-004  0.15433639E-001  0.15441182E-001  0.35099738E+003  0.35099842E+003  0.70168251E+003  0.70170306E+003
  1592.7318  0.34771302E+003  0.34714526E+003  0.58414614E-004  0.15289262E-001  0.15296734E-001  0.34771357E+003  0.34771460E+003  0.69511775E+003  0.69513811E+003
  1592.9825  0.34447502E+003  0.34391255E+003  0.57870673E-004  0.15146900E-001  0.15154303E-001  0.34447561E+003  0.34447663E+003  0.68864467E+003  0.68866484E+003
  1593.2331  0.34128202E+003  0.34072477E+003  0.57334292E-004  0.15006517E-001  0.15013852E-001  0.34128266E+003  0.34128367E+003  0.68226156E+003  0.68228154E+003
  1593.4837  0.33813320E+003  0.33758109E+003  0.56805333E-004  0.14868077E-001  0.14875344E-001  0.33813389E+003  0.33813488E+003  0.67596676E+003  0.67598656E+003
  1593.7343  0.33502775E+003  0.33448071E+003  0.56283658E-004  0.14731543E-001  0.14738744E-001  0.33502848E+003  0.33502946E+003  0.66975865E+003  0.66977827E+003
  1593.9850  0.33196487E+003  0.33142283E+003  0.55769135E-004  0.14596881E-001  0.14604016E-001  0.33196564E+003  0.33196661E+003  0.66363565E+003  0.66365509E+003
  1594.2356  0.32894379E+003  0.32840668E+003  0.55261633E-004  0.14464056E-001  0.14471127E-001  0.32894459E+003  0.32894556E+003  0.65759621E+003  0.65761548E+003
  1594.4862  0.32596375E+003  0.32543151E+003  0.54761026E-004  0.14333036E-001  0.14340043E-001  0.32596459E+003  0.32596555E+003  0.65163882E+003  0.65165791E+003
  1594.7368  0.32302401E+003  0.32249657E+003  0.54267189E-004  0.14203788E-001  0.14210732E-001  0.32302489E+003  0.32302585E+003  0.64576200E+003  0.64578091E+003
  1594.9875  0.32012386E+003  0.31960115E+003  0.53780001E-004  0.14076280E-001  0.14083162E-001  0.32012477E+003  0.32012571E+003  0.63996429E+003  0.63998304E+003
  1595.2381  0.31726257E+003  0.31674453E+003  0.53299342E-004  0.13950481E-001  0.13957302E-001  0.31726352E+003  0.31726445E+003  0.63424429E+003  0.63426287E+003
  1595.4887  0.31443946E+003  0.31392604E+003  0.52825098E-004  0.13826361E-001  0.13833121E-001  0.31444045E+003  0.31444137E+003  0.62860062E+003  0.62861904E+003
  1595.7393  0.31165386E+003  0.31114498E+003  0.52357153E-004  0.13703889E-001  0.13710589E-001  0.31165488E+003  0.31165580E+003  0.62303193E+003  0.62305018E+003
  1595.9900  0.30890510E+003  0.30840071E+003  0.51895398E-004  0.13583037E-001  0.13589679E-001  0.30890615E+003  0.30890706E+003  0.61753688E+003  0.61755497E+003
  1596.2406  0.30619254E+003  0.30569258E+003  0.51439722E-004  0.13463777E-001  0.13470360E-001  0.30619362E+003  0.30619452E+003  0.61211420E+003  0.61213213E+003
  1596.4912  0.30351554E+003  0.30301995E+003  0.50990021E-004  0.13346080E-001  0.13352606E-001  0.30351665E+003  0.30351754E+003  0.60676261E+003  0.60678038E+003
  1596.7419  0.30087349E+003  0.30038221E+003  0.50546191E-004  0.13229920E-001  0.13236389E-001  0.30087463E+003  0.30087551E+003  0.60148087E+003  0.60149850E+003
  1596.9925  0.29826577E+003  0.29777875E+003  0.50108128E-004  0.13115269E-001  0.13121683E-001  0.29826694E+003  0.29826782E+003  0.59626779E+003  0.59628526E+003
  1597.2431  0.29569181E+003  0.29520899E+003  0.49675735E-004  0.13002102E-001  0.13008461E-001  0.29569300E+003  0.29569387E+003  0.59112217E+003  0.59113949E+003
  1597.4937  0.29315101E+003  0.29267234E+003  0.49248914E-004  0.12890393E-001  0.12896698E-001  0.29315223E+003  0.29315309E+003  0.58604285E+003  0.58606002E+003
  1597.7444  0.29064281E+003  0.29016824E+003  0.48827569E-004  0.12780118E-001  0.12786368E-001  0.29064405E+003  0.29064491E+003  0.58102871E+003  0.58104573E+003
  1597.9950  0.28816665E+003  0.28769612E+003  0.48411606E-004  0.12671251E-001  0.12677449E-001  0.28816792E+003  0.28816877E+003  0.57607862E+003  0.57609550E+003
  1598.2456  0.28572200E+003  0.28525546E+003  0.48000936E-004  0.12563770E-001  0.12569915E-001  0.28572329E+003  0.28572414E+003  0.57119151E+003  0.57120825E+003
  1598.4962  0.28330832E+003  0.28284572E+003  0.47595468E-004  0.12457650E-001  0.12463743E-001  0.28330963E+003  0.28331047E+003  0.56636631E+003  0.56638291E+003
  1598.7469  0.28092508E+003  0.28046638E+003  0.47195115E-004  0.12352868E-001  0.12358911E-001  0.28092642E+003  0.28092725E+003  0.56160198E+003  0.56161844E+003
  1598.9975  0.27857179E+003  0.27811693E+003  0.46799792E-004  0.12249403E-001  0.12255395E-001  0.27857315E+003  0.27857397E+003  0.55689750E+003  0.55691382E+003
  1599.2481  0.27624793E+003  0.27579686E+003  0.46409413E-004  0.12147232E-001  0.12153175E-001  0.27624931E+003  0.27625013E+003  0.55225188E+003  0.55226806E+003
  1599.4987  0.27395303E+003  0.27350571E+003  0.46023898E-004  0.12046335E-001  0.12052228E-001  0.27395443E+003  0.27395524E+003  0.54766412E+003  0.54768018E+003
  1599.7494  0.27168659E+003  0.27124297E+003  0.45643166E-004  0.11946688E-001  0.11952533E-001  0.27168802E+003  0.27168882E+003  0.54313329E+003  0.54314921E+003
  1600.0000  0.26944816E+003  0.26900820E+003  0.45267138E-004  0.11848274E-001  0.11854070E-001  0.26944961E+003  0.26945040E+003  0.53865844E+003  0.53867423E+003
