#Raman spectra
#Laser energy   2.78 eV
#Raman shift (cm-1), Raman Spectra (XX,YY,ZZ,s+s+,s-s-,XY,YX,s+s-,s-s+,nonpol)
   350.0000  0.19179283E+003  0.18436969E+003  0.39478274E+002  0.60786508E+002  0.61176583E+002  0.12036565E+003  0.12212622E+003  0.24821171E+003  0.24847960E+003  0.77659893E+002
   350.2506  0.19429092E+003  0.18677685E+003  0.39853914E+002  0.61365457E+002  0.61759014E+002  0.12220651E+003  0.12399409E+003  0.25193865E+003  0.25220524E+003  0.78663095E+002
   350.5013  0.19684146E+003  0.18923463E+003  0.40234940E+002  0.61952720E+002  0.62349802E+002  0.12408988E+003  0.12590510E+003  0.25575165E+003  0.25601691E+003  0.79688150E+002
   350.7519  0.19944599E+003  0.19174451E+003  0.40621454E+002  0.62548457E+002  0.62949109E+002  0.12601710E+003  0.12786060E+003  0.25965336E+003  0.25991728E+003  0.80735691E+002
   351.0025  0.20210607E+003  0.19430799E+003  0.41013563E+002  0.63152831E+002  0.63557099E+002  0.12798954E+003  0.12986197E+003  0.26364655E+003  0.26390910E+003  0.81806373E+002
   351.2531  0.20482335E+003  0.19692667E+003  0.41411375E+002  0.63766011E+002  0.64173941E+002  0.13000861E+003  0.13191067E+003  0.26773409E+003  0.26799525E+003  0.82900878E+002
   351.5038  0.20759952E+003  0.19960219E+003  0.41815001E+002  0.64388169E+002  0.64799806E+002  0.13207579E+003  0.13400819E+003  0.27191899E+003  0.27217873E+003  0.84019913E+002
   351.7544  0.21043634E+003  0.20233625E+003  0.42224555E+002  0.65019481E+002  0.65434874E+002  0.13419264E+003  0.13615610E+003  0.27620434E+003  0.27646263E+003  0.85164214E+002
   352.0050  0.21333564E+003  0.20513061E+003  0.42640154E+002  0.65660127E+002  0.66079323E+002  0.13636074E+003  0.13835603E+003  0.28059337E+003  0.28085020E+003  0.86334544E+002
   352.2556  0.21629933E+003  0.20798712E+003  0.43061917E+002  0.66310293E+002  0.66733341E+002  0.13858177E+003  0.14060966E+003  0.28508946E+003  0.28534478E+003  0.87531697E+002
   352.5063  0.21932939E+003  0.21090768E+003  0.43489966E+002  0.66970168E+002  0.67397118E+002  0.14085746E+003  0.14291875E+003  0.28969610E+003  0.28994989E+003  0.88756498E+002
   352.7569  0.22242786E+003  0.21389428E+003  0.43924428E+002  0.67639947E+002  0.68070849E+002  0.14318962E+003  0.14528514E+003  0.29441694E+003  0.29466917E+003  0.90009805E+002
   353.0075  0.22559688E+003  0.21694899E+003  0.44365430E+002  0.68319829E+002  0.68754734E+002  0.14558013E+003  0.14771074E+003  0.29925578E+003  0.29950641E+003  0.91292513E+002
   353.2581  0.22883869E+003  0.22007395E+003  0.44813105E+002  0.69010018E+002  0.69448978E+002  0.14803095E+003  0.15019754E+003  0.30421656E+003  0.30446558E+003  0.92605549E+002
   353.5088  0.23215558E+003  0.22327140E+003  0.45267588E+002  0.69710725E+002  0.70153792E+002  0.15054413E+003  0.15274761E+003  0.30930343E+003  0.30955078E+003  0.93949882E+002
   353.7594  0.23554997E+003  0.22654366E+003  0.45729017E+002  0.70422164E+002  0.70869391E+002  0.15312180E+003  0.15536312E+003  0.31452067E+003  0.31476632E+003  0.95326520E+002
   354.0100  0.23902436E+003  0.22989316E+003  0.46197536E+002  0.71144556E+002  0.71595997E+002  0.15576617E+003  0.15804632E+003  0.31987277E+003  0.32011669E+003  0.96736512E+002
   354.2607  0.24258136E+003  0.23332241E+003  0.46673289E+002  0.71878126E+002  0.72333837E+002  0.15847958E+003  0.16079956E+003  0.32536440E+003  0.32560655E+003  0.98180952E+002
   354.5113  0.24622370E+003  0.23683406E+003  0.47156426E+002  0.72623108E+002  0.73083143E+002  0.16126443E+003  0.16362531E+003  0.33100046E+003  0.33124079E+003  0.99660981E+002
   354.7619  0.24995421E+003  0.24043083E+003  0.47647102E+002  0.73379738E+002  0.73844154E+002  0.16412326E+003  0.16652612E+003  0.33678603E+003  0.33702450E+003  0.10117779E+003
   355.0125  0.25377585E+003  0.24411559E+003  0.48145473E+002  0.74148263E+002  0.74617116E+002  0.16705872E+003  0.16950467E+003  0.34272644E+003  0.34296301E+003  0.10273262E+003
   355.2632  0.25769170E+003  0.24789132E+003  0.48651702E+002  0.74928931E+002  0.75402281E+002  0.17007355E+003  0.17256378E+003  0.34882725E+003  0.34906188E+003  0.10432676E+003
   355.5138  0.26170498E+003  0.25176112E+003  0.49165953E+002  0.75722002E+002  0.76199906E+002  0.17317065E+003  0.17570635E+003  0.35509429E+003  0.35532691E+003  0.10596157E+003
   355.7644  0.26581906E+003  0.25572826E+003  0.49688398E+002  0.76527740E+002  0.77010257E+002  0.17635302E+003  0.17893547E+003  0.36153362E+003  0.36176420E+003  0.10763846E+003
   356.0150  0.27003744E+003  0.25979612E+003  0.50219212E+002  0.77346415E+002  0.77833607E+002  0.17962384E+003  0.18225432E+003  0.36815161E+003  0.36838009E+003  0.10935890E+003
   356.2657  0.27436379E+003  0.26396825E+003  0.50758574E+002  0.78178307E+002  0.78670234E+002  0.18298639E+003  0.18566626E+003  0.37495492E+003  0.37518125E+003  0.11112444E+003
   356.5163  0.27880196E+003  0.26824836E+003  0.51306669E+002  0.79023703E+002  0.79520426E+002  0.18644415E+003  0.18917480E+003  0.38195051E+003  0.38217463E+003  0.11293670E+003
   356.7669  0.28335593E+003  0.27264032E+003  0.51863686E+002  0.79882897E+002  0.80384479E+002  0.19000073E+003  0.19278362E+003  0.38914569E+003  0.38936754E+003  0.11479736E+003
   357.0175  0.28802992E+003  0.27714818E+003  0.52429819E+002  0.80756190E+002  0.81262695E+002  0.19365993E+003  0.19649657E+003  0.39654810E+003  0.39676761E+003  0.11670819E+003
   357.2682  0.29282831E+003  0.28177620E+003  0.53005270E+002  0.81643894E+002  0.82155385E+002  0.19742573E+003  0.20031769E+003  0.40416576E+003  0.40438288E+003  0.11867103E+003
   357.5188  0.29775571E+003  0.28652881E+003  0.53590242E+002  0.82546329E+002  0.83062871E+002  0.20130230E+003  0.20425121E+003  0.41200709E+003  0.41222174E+003  0.12068783E+003
   357.7694  0.30281691E+003  0.29141067E+003  0.54184948E+002  0.83463822E+002  0.83985480E+002  0.20529404E+003  0.20830159E+003  0.42008090E+003  0.42029301E+003  0.12276063E+003
   358.0201  0.30801699E+003  0.29642666E+003  0.54789604E+002  0.84396710E+002  0.84923552E+002  0.20940554E+003  0.21247349E+003  0.42839646E+003  0.42860596E+003  0.12489154E+003
   358.2707  0.31336122E+003  0.30158191E+003  0.55404434E+002  0.85345342E+002  0.85877433E+002  0.21364162E+003  0.21677182E+003  0.43696349E+003  0.43717030E+003  0.12708281E+003
   358.5213  0.31885516E+003  0.30688177E+003  0.56029666E+002  0.86310074E+002  0.86847482E+002  0.21800738E+003  0.22120172E+003  0.44579222E+003  0.44599625E+003  0.12933678E+003
   358.7719  0.32450464E+003  0.31233189E+003  0.56665537E+002  0.87291272E+002  0.87834067E+002  0.22250815E+003  0.22576862E+003  0.45489340E+003  0.45509457E+003  0.13165591E+003
   359.0226  0.33031578E+003  0.31793818E+003  0.57312290E+002  0.88289315E+002  0.88837564E+002  0.22714954E+003  0.23047822E+003  0.46427831E+003  0.46447653E+003  0.13404280E+003
   359.2732  0.33629501E+003  0.32370687E+003  0.57970174E+002  0.89304592E+002  0.89858365E+002  0.23193747E+003  0.23533651E+003  0.47395887E+003  0.47415404E+003  0.13650017E+003
   359.5238  0.34244910E+003  0.32964449E+003  0.58639446E+002  0.90337502E+002  0.90896869E+002  0.23687817E+003  0.24034981E+003  0.48394758E+003  0.48413960E+003  0.13903087E+003
   359.7744  0.34878515E+003  0.33575791E+003  0.59320370E+002  0.91388457E+002  0.91953489E+002  0.24197818E+003  0.24552477E+003  0.49425764E+003  0.49444641E+003  0.14163792E+003
   360.0251  0.35531065E+003  0.34205437E+003  0.60013218E+002  0.92457880E+002  0.93028649E+002  0.24724442E+003  0.25086841E+003  0.50490296E+003  0.50508837E+003  0.14432450E+003
   360.2757  0.36203348E+003  0.34854150E+003  0.60718269E+002  0.93546209E+002  0.94122785E+002  0.25268419E+003  0.25638812E+003  0.51589818E+003  0.51608012E+003  0.14709393E+003
   360.5263  0.36896194E+003  0.35522733E+003  0.61435813E+002  0.94653893E+002  0.95236348E+002  0.25830517E+003  0.26209173E+003  0.52725880E+003  0.52743713E+003  0.14994975E+003
   360.7769  0.37610479E+003  0.36212031E+003  0.62166146E+002  0.95781394E+002  0.96369801E+002  0.26411550E+003  0.26798746E+003  0.53900113E+003  0.53917573E+003  0.15289567E+003
   361.0276  0.38347125E+003  0.36922938E+003  0.62909573E+002  0.96929190E+002  0.97523620E+002  0.27012375E+003  0.27408404E+003  0.55114243E+003  0.55131317E+003  0.15593561E+003
   361.2782  0.39107107E+003  0.37656395E+003  0.63666410E+002  0.98097772E+002  0.98698299E+002  0.27633902E+003  0.28039066E+003  0.56370095E+003  0.56386768E+003  0.15907371E+003
   361.5288  0.39891455E+003  0.38413399E+003  0.64436979E+002  0.99287646E+002  0.99894342E+002  0.28277089E+003  0.28691709E+003  0.57669598E+003  0.57685855E+003  0.16231434E+003
   361.7794  0.40701255E+003  0.39195001E+003  0.65221617E+002  0.10049934E+003  0.10111227E+003  0.28942953E+003  0.29367362E+003  0.59014793E+003  0.59030618E+003  0.16566213E+003
   362.0301  0.41537658E+003  0.40002314E+003  0.66020666E+002  0.10173338E+003  0.10235263E+003  0.29632570E+003  0.30067119E+003  0.60407842E+003  0.60423218E+003  0.16912197E+003
   362.2807  0.42401881E+003  0.40836514E+003  0.66834482E+002  0.10299033E+003  0.10361597E+003  0.30347083E+003  0.30792137E+003  0.61851038E+003  0.61865948E+003  0.17269905E+003
   362.5313  0.43295213E+003  0.41698849E+003  0.67663430E+002  0.10427076E+003  0.10490286E+003  0.31087701E+003  0.31543644E+003  0.63346810E+003  0.63361235E+003  0.17639886E+003
   362.7820  0.44219018E+003  0.42590638E+003  0.68507889E+002  0.10557526E+003  0.10621389E+003  0.31855708E+003  0.32322945E+003  0.64897738E+003  0.64911657E+003  0.18022721E+003
   363.0326  0.45174746E+003  0.43513283E+003  0.69368247E+002  0.10690445E+003  0.10754968E+003  0.32652470E+003  0.33131423E+003  0.66506559E+003  0.66519952E+003  0.18419028E+003
   363.2832  0.46163933E+003  0.44468271E+003  0.70244906E+002  0.10825894E+003  0.10891084E+003  0.33479436E+003  0.33970550E+003  0.68176184E+003  0.68189028E+003  0.18829463E+003
   363.5338  0.47188210E+003  0.45457178E+003  0.71138280E+002  0.10963940E+003  0.11029804E+003  0.34338150E+003  0.34841892E+003  0.69909707E+003  0.69921979E+003  0.19254723E+003
   363.7845  0.48249312E+003  0.46481684E+003  0.72048795E+002  0.11104648E+003  0.11171193E+003  0.35230253E+003  0.35747115E+003  0.71710424E+003  0.71722099E+003  0.19695548E+003
   364.0351  0.49349084E+003  0.47543572E+003  0.72976895E+002  0.11248090E+003  0.11315322E+003  0.36157494E+003  0.36687995E+003  0.73581842E+003  0.73592892E+003  0.20152728E+003
   364.2857  0.50489488E+003  0.48644743E+003  0.73923033E+002  0.11394335E+003  0.11462261E+003  0.37121740E+003  0.37666423E+003  0.75527700E+003  0.75538099E+003  0.20627102E+003
   364.5363  0.51672617E+003  0.49787219E+003  0.74887680E+002  0.11543458E+003  0.11612084E+003  0.38124981E+003  0.38684421E+003  0.77551991E+003  0.77561706E+003  0.21119565E+003
   364.7870  0.52900702E+003  0.50973159E+003  0.75871321E+002  0.11695535E+003  0.11764867E+003  0.39169342E+003  0.39744144E+003  0.79658972E+003  0.79667973E+003  0.21631073E+003
   365.0376  0.54176121E+003  0.52204865E+003  0.76874460E+002  0.11850646E+003  0.11920690E+003  0.40257096E+003  0.40847899E+003  0.81853197E+003  0.81861449E+003  0.22162645E+003
   365.2882  0.55501418E+003  0.53484797E+003  0.77897613E+002  0.12008872E+003  0.12079633E+003  0.41390673E+003  0.41998152E+003  0.84139535E+003  0.84147001E+003  0.22715373E+003
   365.5388  0.56879311E+003  0.54815584E+003  0.78941316E+002  0.12170297E+003  0.12241780E+003  0.42572676E+003  0.43197545E+003  0.86523199E+003  0.86529841E+003  0.23290422E+003
   365.7895  0.58312708E+003  0.56200041E+003  0.80006123E+002  0.12335010E+003  0.12407220E+003  0.43805896E+003  0.44448909E+003  0.89009774E+003  0.89015550E+003  0.23889041E+003
   366.0401  0.59804724E+003  0.57641182E+003  0.81092607E+002  0.12503100E+003  0.12576041E+003  0.45093326E+003  0.45755280E+003  0.91605253E+003  0.91610118E+003  0.24512569E+003
   366.2907  0.61358700E+003  0.59142238E+003  0.82201360E+002  0.12674662E+003  0.12748337E+003  0.46438179E+003  0.47119921E+003  0.94316066E+003  0.94319973E+003  0.25162442E+003
   366.5414  0.62978219E+003  0.60706679E+003  0.83332994E+002  0.12849792E+003  0.12924205E+003  0.47843912E+003  0.48546339E+003  0.97149127E+003  0.97152024E+003  0.25840204E+003
   366.7920  0.64667135E+003  0.62338230E+003  0.84488142E+002  0.13028591E+003  0.13103744E+003  0.49314242E+003  0.50038305E+003  0.10011187E+004  0.10011371E+004  0.26547511E+003
   367.0426  0.66429589E+003  0.64040901E+003  0.85667461E+002  0.13211163E+003  0.13287058E+003  0.50853176E+003  0.51599885E+003  0.10321231E+004  0.10321302E+004  0.27286150E+003
   367.2932  0.68270042E+003  0.65819007E+003  0.86871628E+002  0.13397616E+003  0.13474254E+003  0.52465032E+003  0.53235463E+003  0.10645908E+004  0.10645860E+004  0.28058044E+003
   367.5439  0.70193301E+003  0.67677201E+003  0.88101346E+002  0.13588062E+003  0.13665443E+003  0.54154476E+003  0.54949770E+003  0.10986149E+004  0.10985976E+004  0.28865268E+003
   367.7945  0.72204556E+003  0.69620504E+003  0.89357343E+002  0.13782616E+003  0.13860739E+003  0.55926548E+003  0.56747923E+003  0.11342962E+004  0.11342656E+004  0.29710063E+003
   368.0451  0.74309412E+003  0.71654341E+003  0.90640373E+002  0.13981401E+003  0.14060263E+003  0.57786704E+003  0.58635458E+003  0.11717436E+004  0.11716989E+004  0.30594852E+003
   368.2957  0.76513936E+003  0.73784582E+003  0.91951216E+002  0.14184539E+003  0.14264137E+003  0.59740858E+003  0.60618375E+003  0.12110752E+004  0.12110156E+004  0.31522260E+003
   368.5464  0.78824696E+003  0.76017584E+003  0.93290681E+002  0.14392162E+003  0.14472491E+003  0.61795422E+003  0.62703182E+003  0.12524189E+004  0.12523434E+004  0.32495131E+003
   368.7970  0.81248820E+003  0.78360245E+003  0.94659607E+002  0.14604404E+003  0.14685457E+003  0.63957365E+003  0.64896950E+003  0.12959137E+004  0.12958215E+004  0.33516554E+003
   369.0476  0.83794048E+003  0.80820054E+003  0.96058864E+002  0.14821405E+003  0.14903174E+003  0.66234269E+003  0.67207372E+003  0.13417109E+004  0.13416007E+004  0.34589885E+003
   369.2982  0.86468797E+003  0.83405159E+003  0.97489355E+002  0.15043310E+003  0.15125785E+003  0.68634391E+003  0.69642829E+003  0.13899751E+004  0.13898457E+004  0.35718779E+003
   369.5489  0.89282237E+003  0.86124434E+003  0.98952013E+002  0.15270272E+003  0.15353439E+003  0.71166742E+003  0.72212462E+003  0.14408857E+004  0.14407360E+004  0.36907221E+003
   369.7995  0.92244371E+003  0.88987560E+003  0.10044781E+003  0.15502447E+003  0.15586292E+003  0.73841166E+003  0.74926262E+003  0.14946389E+004  0.14944673E+004  0.38159560E+003
   370.0501  0.95366127E+003  0.92005112E+003  0.10197776E+003  0.15739999E+003  0.15824504E+003  0.76668436E+003  0.77795159E+003  0.15514491E+004  0.15512542E+004  0.39480553E+003
   370.3008  0.98659463E+003  0.95188664E+003  0.10354290E+003  0.15983100E+003  0.16068244E+003  0.79660360E+003  0.80831137E+003  0.16115513E+004  0.16113315E+004  0.40875413E+003
   370.5514  0.10213749E+004  0.98550903E+003  0.10514432E+003  0.16231928E+003  0.16317685E+003  0.82829901E+003  0.84047350E+003  0.16752034E+004  0.16749568E+004  0.42349857E+003
   370.8020  0.10581459E+004  0.10210576E+004  0.10678315E+003  0.16486667E+003  0.16573010E+003  0.86191317E+003  0.87458264E+003  0.17426889E+004  0.17424135E+004  0.43910170E+003
   371.0526  0.10970659E+004  0.10586855E+004  0.10846057E+003  0.16747511E+003  0.16834407E+003  0.89760315E+003  0.91079821E+003  0.18143200E+004  0.18140136E+004  0.45563270E+003
   371.3033  0.11383095E+004  0.10985615E+004  0.11017779E+003  0.17014664E+003  0.17102074E+003  0.93554234E+003  0.94929612E+003  0.18904410E+004  0.18901012E+004  0.47316791E+003
   371.5539  0.11820691E+004  0.11408721E+004  0.11193608E+003  0.17288334E+003  0.17376216E+003  0.97592247E+003  0.99027094E+003  0.19714325E+004  0.19710567E+004  0.49179170E+003
   371.8045  0.12285578E+004  0.11858235E+004  0.11373677E+003  0.17568744E+003  0.17657048E+003  0.10189560E+004  0.10339383E+004  0.20577162E+004  0.20573014E+004  0.51159752E+003
   372.0551  0.12780116E+004  0.12336441E+004  0.11558121E+003  0.17856124E+003  0.17944792E+003  0.10648788E+004  0.10805375E+004  0.21497599E+004  0.21493028E+004  0.53268905E+003
   372.3058  0.13306928E+004  0.12845877E+004  0.11747085E+003  0.18150716E+003  0.18239683E+003  0.11139534E+004  0.11303349E+004  0.22480839E+004  0.22475810E+004  0.55518164E+003
   372.5564  0.13868933E+004  0.13389371E+004  0.11940717E+003  0.18452772E+003  0.18541966E+003  0.11664726E+004  0.11836277E+004  0.23532681E+004  0.23527153E+004  0.57920383E+003
   372.8070  0.14469390E+004  0.13970075E+004  0.12139172E+003  0.18762559E+003  0.18851894E+003  0.12227636E+004  0.12407479E+004  0.24659602E+004  0.24653532E+004  0.60489928E+003
   373.0576  0.15111941E+004  0.14591515E+004  0.12342611E+003  0.19080354E+003  0.19169736E+003  0.12831931E+004  0.13020676E+004  0.25868858E+004  0.25862195E+004  0.63242885E+003
   373.3083  0.15800671E+004  0.15257646E+004  0.12551202E+003  0.19406452E+003  0.19495772E+003  0.13481729E+004  0.13680046E+004  0.27168591E+004  0.27161279E+004  0.66197319E+003
   373.5589  0.16540172E+004  0.15972913E+004  0.12765121E+003  0.19741160E+003  0.19830294E+003  0.14181670E+004  0.14390299E+004  0.28567966E+004  0.28559942E+004  0.69373567E+003
   373.8095  0.17335620E+004  0.16742326E+004  0.12984550E+003  0.20084803E+003  0.20173611E+003  0.14936992E+004  0.15156749E+004  0.30077325E+004  0.30068519E+004  0.72794585E+003
   374.0602  0.18192864E+004  0.17571546E+004  0.13209681E+003  0.20437725E+003  0.20526047E+003  0.15753628E+004  0.15985416E+004  0.31708372E+004  0.31698705E+004  0.76486364E+003
   374.3108  0.19118535E+004  0.18466994E+004  0.13440711E+003  0.20800287E+003  0.20887940E+003  0.16638317E+004  0.16883141E+004  0.33474391E+004  0.33463773E+004  0.80478417E+003
   374.5614  0.20120173E+004  0.19435967E+004  0.13677850E+003  0.21172874E+003  0.21259651E+003  0.17598738E+004  0.17857713E+004  0.35390506E+004  0.35378834E+004  0.84804357E+003
   374.8120  0.21206378E+004  0.20486790E+004  0.13921314E+003  0.21555892E+003  0.21641555E+003  0.18643669E+004  0.18918041E+004  0.37473988E+004  0.37461145E+004  0.89502598E+003
   375.0627  0.22386991E+004  0.21628991E+004  0.14171330E+003  0.21949774E+003  0.22034052E+003  0.19783176E+004  0.20074339E+004  0.39744630E+004  0.39730483E+004  0.94617183E+003
   375.3133  0.23673313E+004  0.22873510E+004  0.14428134E+003  0.22354981E+003  0.22437564E+003  0.21028846E+004  0.21338365E+004  0.42225192E+004  0.42209588E+004  0.10019879E+004
   375.5639  0.25078372E+004  0.24232957E+004  0.14691975E+003  0.22772007E+003  0.22852537E+003  0.22394065E+004  0.22723703E+004  0.44941940E+004  0.44924702E+004  0.10630596E+004
   375.8145  0.26617235E+004  0.25721919E+004  0.14963112E+003  0.23201379E+003  0.23279446E+003  0.23894356E+004  0.24246103E+004  0.47925303E+004  0.47906228E+004  0.11300654E+004
   376.0652  0.28307407E+004  0.27357341E+004  0.15241816E+003  0.23643665E+003  0.23718797E+003  0.25547792E+004  0.25923907E+004  0.51210676E+004  0.51189526E+004  0.12037954E+004
   376.3158  0.30169297E+004  0.29158983E+004  0.15528371E+003  0.24099479E+003  0.24171130E+003  0.27375509E+004  0.27778560E+004  0.54839395E+004  0.54815894E+004  0.12851731E+004
   376.5664  0.32226817E+004  0.31149990E+004  0.15823074E+003  0.24569484E+003  0.24637021E+003  0.29402323E+004  0.29835247E+004  0.58859950E+004  0.58833776E+004  0.13752828E+004
   376.8170  0.34508094E+004  0.33357593E+004  0.16126238E+003  0.25054404E+003  0.25117092E+003  0.31657516E+004  0.32123679E+004  0.63329480E+004  0.63300252E+004  0.14754035E+004
   377.0677  0.37046378E+004  0.35813982E+004  0.16438187E+003  0.25555031E+003  0.25612012E+003  0.34175796E+004  0.34679077E+004  0.68315630E+004  0.68282898E+004  0.15870510E+004
   377.3183  0.39881165E+004  0.38557390E+004  0.16759267E+003  0.26072236E+003  0.26122506E+003  0.36998508E+004  0.37543396E+004  0.73898878E+004  0.73862107E+004  0.17120310E+004
   377.5689  0.43059603E+004  0.41633463E+004  0.17089835E+003  0.26606983E+003  0.26649365E+003  0.40175160E+004  0.40766871E+004  0.80175455E+004  0.80134007E+004  0.18525049E+004
   377.8195  0.46638269E+004  0.45096971E+004  0.17430269E+003  0.27160350E+003  0.27193452E+003  0.43765336E+004  0.44409969E+004  0.87261028E+004  0.87214137E+004  0.20110742E+004
   378.0702  0.50685418E+004  0.49013992E+004  0.17780965E+003  0.27733546E+003  0.27755722E+003  0.47841144E+004  0.48545860E+004  0.95295374E+004  0.95242113E+004  0.21908863E+004
   378.3208  0.55283838E+004  0.53464674E+004  0.18142340E+003  0.28327940E+003  0.28337230E+003  0.52490315E+004  0.53263566E+004  0.10444831E+005  0.10438756E+005  0.23957707E+004
   378.5714  0.60534493E+004  0.58546761E+004  0.18514832E+003  0.28945099E+003  0.28939160E+003  0.57820163E+004  0.58671987E+004  0.11492730E+005  0.11485768E+005  0.26304110E+004
   378.8221  0.66561168E+004  0.64380089E+004  0.18898902E+003  0.29586826E+003  0.29562845E+003  0.63962646E+004  0.64905025E+004  0.12698706E+005  0.12690690E+005  0.29005658E+004
   379.0727  0.73516406E+004  0.71112335E+004  0.19295034E+003  0.30255223E+003  0.30209799E+003  0.71080811E+004  0.72128130E+004  0.14094198E+005  0.14084920E+005  0.32133500E+004
   379.3233  0.81589047E+004  0.78926319E+004  0.19703739E+003  0.30952753E+003  0.30881763E+003  0.79376954E+004  0.80546585E+004  0.15718172E+005  0.15707374E+005  0.35775910E+004
   379.5739  0.91013744E+004  0.88049212E+004  0.20125554E+003  0.31682334E+003  0.31580751E+003  0.89102839E+004  0.90415863E+004  0.17619085E+005  0.17606449E+005  0.40042737E+004
   379.8246  0.10208274E+005  0.98763938E+004  0.20561049E+003  0.32447443E+003  0.32309112E+003  0.10057214E+005  0.10205426E+005  0.19857307E+005  0.19842436E+005  0.45070841E+004
   380.0752  0.11516000E+005  0.11142285E+005  0.21010820E+003  0.33252239E+003  0.33069602E+003  0.11417494E+005  0.11585762E+005  0.22507961E+005  0.22490362E+005  0.51030412E+004
   380.3258  0.13069706E+005  0.12646310E+005  0.21475502E+003  0.34101698E+003  0.33865463E+003  0.13039302E+005  0.13231484E+005  0.25664032E+005  0.25643098E+005  0.58131643E+004
   380.5764  0.14924851E+005  0.14442157E+005  0.21955761E+003  0.35001727E+003  0.34700489E+003  0.14981252E+005  0.15202067E+005  0.29439155E+005  0.29414151E+005  0.66630243E+004
   380.8271  0.17148155E+005  0.16594421E+005  0.22452305E+003  0.35959192E+003  0.35579043E+003  0.17312561E+005  0.17567750E+005  0.33968722E+005  0.33938784E+005  0.76828186E+004
   381.0777  0.19816742E+005  0.19177765E+005  0.22965880E+003  0.36981731E+003  0.36505963E+003  0.20110393E+005  0.20406836E+005  0.39406344E+005  0.39370516E+005  0.89062111E+004
   381.3283  0.23012965E+005  0.22271913E+005  0.23497277E+003  0.38077064E+003  0.37486180E+003  0.23450996E+005  0.23796696E+005  0.45909792E+005  0.45867146E+005  0.10366467E+005
   381.5789  0.26810295E+005  0.25947991E+005  0.24047330E+003  0.39251350E+003  0.38523804E+003  0.27388802E+005  0.27792563E+005  0.53605995E+005  0.53555903E+005  0.12087336E+005
   381.8296  0.31242852E+005  0.30239022E+005  0.24616920E+003  0.40505884E+003  0.39620288E+003  0.31915212E+005  0.32385708E+005  0.62519437E+005  0.62462095E+005  0.14065077E+005
   382.0802  0.36249645E+005  0.35085947E+005  0.25206970E+003  0.41831557E+003  0.40771313E+003  0.36890345E+005  0.37434187E+005  0.72448410E+005  0.72385684E+005  0.16238684E+005
   382.3308  0.41591096E+005  0.40256808E+005  0.25818445E+003  0.43201607E+003  0.41962688E+003  0.41956334E+005  0.42574847E+005  0.82795506E+005  0.82731937E+005  0.18452069E+005
   382.5815  0.46762767E+005  0.45263235E+005  0.26452347E+003  0.44566458E+003  0.43167334E+003  0.46481700E+005  0.47166895E+005  0.92426984E+005  0.92370275E+005  0.20429790E+005
   382.8321  0.50984861E+005  0.49350292E+005  0.27109723E+003  0.45858790E+003  0.44347915E+003  0.49637685E+005  0.50369350E+005  0.99740182E+005  0.99699939E+005  0.21810348E+005
   383.0827  0.53379507E+005  0.51668128E+005  0.27791679E+003  0.47015792E+003  0.45469170E+003  0.50682373E+005  0.51429368E+005  0.10312521E+006  0.10310931E+006  0.22270107E+005
   383.3333  0.53345282E+005  0.51634558E+005  0.28499422E+003  0.48010953E+003  0.46515960E+003  0.49338697E+005  0.50065811E+005  0.10171432E+006  0.10172476E+006  0.21688185E+005
   383.5840  0.50894400E+005  0.49261465E+005  0.29234291E+003  0.48870720E+003  0.47503223E+003  0.45960094E+005  0.46637347E+005  0.95878844E+005  0.95910724E+005  0.20218734E+005
   383.8346  0.46645311E+005  0.45147599E+005  0.29997762E+003  0.49660073E+003  0.48468366E+003  0.41321391E+005  0.41930233E+005  0.87009372E+005  0.87053876E+005  0.18199734E+005
   384.0852  0.41478088E+005  0.40144954E+005  0.30791421E+003  0.50451001E+003  0.49453479E+003  0.36237572E+005  0.36771466E+005  0.76792213E+005  0.76840821E+005  0.15986704E+005
   384.3358  0.36164398E+005  0.35000554E+005  0.31616948E+003  0.51298999E+003  0.50491667E+003  0.31305390E+005  0.31766587E+005  0.66586093E+005  0.66632930E+005  0.13839979E+005
   384.5865  0.31198283E+005  0.30192655E+005  0.32476108E+003  0.52236773E+003  0.51603152E+003  0.26850200E+005  0.27245739E+005  0.57203226E+005  0.57245252E+005  0.11901504E+005
   384.8371  0.26811346E+005  0.25945455E+005  0.33370761E+003  0.53278905E+003  0.52797785E+003  0.22990343E+005  0.23329002E+005  0.48989588E+005  0.49025791E+005  0.10222924E+005
   385.0877  0.23059923E+005  0.22313482E+005  0.34302883E+003  0.54429126E+003  0.54079184E+003  0.19723118E+005  0.20013631E+005  0.41997289E+005  0.42027782E+005  0.88030744E+004
   385.3383  0.19907746E+005  0.19261618E+005  0.35274579E+003  0.55686063E+003  0.55448059E+003  0.16989510E+005  0.17239741E+005  0.36130936E+005  0.36156338E+005  0.76162284E+004
   385.5890  0.17280670E+005  0.16718084E+005  0.36288102E+003  0.57046735E+003  0.56904253E+003  0.14712312E+005  0.14928987E+005  0.31239733E+005  0.31260811E+005  0.66287208E+004
   385.8396  0.15096409E+005  0.14603218E+005  0.37345868E+003  0.58508334E+003  0.58447788E+003  0.12815060E+005  0.13003777E+005  0.27165704E+005  0.27183199E+005  0.58072102E+004
   386.0902  0.13278210E+005  0.12842717E+005  0.38450470E+003  0.60068996E+003  0.60079338E+003  0.11229831E+005  0.11395186E+005  0.23764948E+005  0.23779513E+005  0.51220823E+004
   386.3409  0.11759814E+005  0.11372432E+005  0.39604697E+003  0.61728051E+003  0.61800383E+003  0.98993945E+004  0.10045142E+005  0.20914658E+005  0.20926840E+005  0.45483879E+004
   386.5915  0.10486210E+005  0.10139111E+005  0.40811548E+003  0.63486039E+003  0.63613234E+003  0.87768279E+004  0.89060301E+004  0.18513471E+005  0.18523716E+005  0.40656759E+004
   386.8421  0.94126466E+004  0.90994287E+004  0.42074253E+003  0.65344627E+003  0.65521002E+003  0.78241884E+004  0.79393491E+004  0.16479144E+005  0.16487812E+005  0.36574134E+004
   387.0927  0.85030764E+004  0.82184869E+004  0.43396296E+003  0.67306516E+003  0.67527560E+003  0.70109793E+004  0.71141526E+004  0.14745488E+005  0.14752866E+005  0.33103170E+004
   387.3434  0.77285722E+004  0.74682810E+004  0.44781437E+003  0.69375357E+003  0.69637508E+003  0.63127233E+004  0.64056028E+004  0.13259365E+005  0.13265685E+005  0.30137308E+004
   387.5940  0.70659244E+004  0.68263410E+004  0.46233735E+003  0.71555680E+003  0.71856151E+003  0.57097461E+004  0.57937353E+004  0.11978091E+005  0.11983537E+005  0.27590959E+004
   387.8446  0.64964715E+004  0.62745997E+004  0.47757584E+003  0.73852859E+003  0.74189501E+003  0.51861832E+004  0.52624521E+004  0.10867281E+005  0.10872002E+005  0.25395173E+004
   388.0952  0.60051573E+004  0.57984799E+004  0.49357740E+003  0.76273090E+003  0.76644282E+003  0.47291876E+004  0.47987167E+004  0.98991260E+004  0.99032418E+004  0.23494182E+004
   388.3459  0.55797831E+004  0.53861710E+004  0.51039362E+003  0.78823392E+003  0.79227959E+003  0.43283044E+004  0.43919204E+004  0.90510285E+004  0.90546367E+004  0.21842679E+004
   388.5965  0.52104206E+004  0.50280596E+004  0.52808049E+003  0.81511631E+003  0.81948776E+003  0.39749810E+004  0.40333843E+004  0.83045306E+004  0.83077107E+004  0.20403679E+004
   388.8471  0.48889516E+004  0.47162850E+004  0.54669887E+003  0.84346553E+003  0.84815807E+003  0.36621830E+004  0.37159705E+004  0.76444746E+004  0.76472919E+004  0.19146848E+004
   389.0977  0.46087082E+004  0.44443900E+004  0.56631503E+003  0.87337838E+003  0.87839022E+003  0.33840935E+004  0.34337762E+004  0.70583456E+004  0.70608537E+004  0.18047195E+004
   389.3484  0.43641902E+004  0.42070478E+004  0.58700120E+003  0.90496172E+003  0.91029363E+003  0.31358763E+004  0.31818941E+004  0.65357548E+004  0.65379982E+004  0.17084041E+004
   389.5990  0.41508435E+004  0.39998474E+004  0.60883624E+003  0.93833324E+003  0.94398839E+003  0.29134898E+004  0.29562229E+004  0.60680330E+004  0.60700489E+004  0.16240212E+004
   389.8496  0.39648853E+004  0.38191238E+004  0.63190637E+003  0.97362255E+003  0.97960630E+003  0.27135388E+004  0.27533175E+004  0.56479086E+004  0.56497280E+004  0.15501396E+004
   390.1003  0.38031653E+004  0.36618246E+004  0.65630600E+003  0.10109723E+004  0.10172921E+004  0.25331578E+004  0.25702699E+004  0.52692521E+004  0.52709010E+004  0.14855639E+004
   390.3509  0.36630559E+004  0.35254030E+004  0.68213872E+003  0.10505396E+004  0.10572050E+004  0.23699160E+004  0.24046136E+004  0.49268717E+004  0.49283722E+004  0.14292937E+004
   390.6015  0.35423649E+004  0.34077332E+004  0.70951829E+003  0.10924975E+004  0.10995200E+004  0.22217427E+004  0.22542474E+004  0.46163499E+004  0.46177208E+004  0.13804915E+004
   390.8521  0.34392653E+004  0.33070426E+004  0.73856998E+003  0.11370370E+004  0.11444302E+004  0.20868659E+004  0.21173731E+004  0.43339112E+004  0.43351683E+004  0.13384567E+004
   391.1028  0.33522391E+004  0.32218576E+004  0.76943187E+003  0.11843692E+004  0.11921487E+004  0.19637630E+004  0.19924455E+004  0.40763152E+004  0.40774722E+004  0.13026051E+004
   391.3534  0.32800331E+004  0.31509603E+004  0.80225652E+003  0.12347272E+004  0.12429110E+004  0.18511204E+004  0.18781317E+004  0.38407693E+004  0.38418379E+004  0.12724519E+004
   391.6040  0.32216225E+004  0.30933537E+004  0.83721279E+003  0.12883698E+004  0.12969778E+004  0.17478004E+004  0.17732772E+004  0.36248579E+004  0.36258483E+004  0.12475985E+004
   391.8546  0.31761832E+004  0.30482340E+004  0.87448794E+003  0.13455839E+004  0.13546388E+004  0.16528143E+004  0.16768787E+004  0.34264834E+004  0.34274042E+004  0.12277218E+004
   392.1053  0.31430689E+004  0.30149694E+004  0.91429012E+003  0.14066887E+004  0.14162156E+004  0.15652997E+004  0.15880608E+004  0.32438179E+004  0.32446767E+004  0.12125662E+004
   392.3559  0.31217943E+004  0.29930830E+004  0.95685114E+003  0.14720398E+004  0.14820668E+004  0.14845017E+004  0.15060577E+004  0.30752633E+004  0.30760668E+004  0.12019364E+004
   392.6065  0.31120218E+004  0.29822403E+004  0.10024298E+004  0.15420346E+004  0.15525927E+004  0.14097578E+004  0.14301968E+004  0.29194177E+004  0.29201716E+004  0.11956931E+004
   392.8571  0.31135532E+004  0.29822403E+004  0.10513158E+004  0.16171176E+004  0.16282414E+004  0.13404843E+004  0.13598859E+004  0.27750477E+004  0.27757571E+004  0.11937492E+004
   393.1078  0.31263234E+004  0.29930104E+004  0.11038338E+004  0.16977877E+004  0.17095155E+004  0.12761661E+004  0.12946019E+004  0.26410646E+004  0.26417339E+004  0.11960679E+004
   393.3584  0.31503983E+004  0.30146034E+004  0.11603492E+004  0.17846062E+004  0.17969805E+004  0.12163465E+004  0.12338816E+004  0.25165050E+004  0.25171382E+004  0.12026614E+004
   393.6090  0.31859759E+004  0.30471982E+004  0.12212740E+004  0.18782057E+004  0.18912737E+004  0.11606202E+004  0.11773135E+004  0.24005140E+004  0.24011144E+004  0.12135911E+004
   393.8596  0.32333894E+004  0.30911034E+004  0.12870740E+004  0.19793019E+004  0.19931162E+004  0.11086265E+004  0.11245312E+004  0.22923308E+004  0.22929016E+004  0.12289691E+004
   394.1103  0.32931148E+004  0.31467637E+004  0.13582772E+004  0.20887065E+004  0.21033255E+004  0.10600432E+004  0.10752079E+004  0.21912769E+004  0.21918208E+004  0.12489603E+004
   394.3609  0.33657813E+004  0.32147702E+004  0.14354845E+004  0.22073426E+004  0.22228314E+004  0.10145824E+004  0.10290509E+004  0.20967458E+004  0.20972651E+004  0.12737868E+004
   394.6115  0.34521858E+004  0.32958735E+004  0.15193814E+004  0.23362636E+004  0.23526952E+004  0.97198573E+003  0.98579813E+003  0.20081937E+004  0.20086907E+004  0.13037323E+004
   394.8622  0.35533118E+004  0.33910018E+004  0.16107525E+004  0.24766755E+004  0.24941315E+004  0.93202127E+003  0.94521379E+003  0.19251326E+004  0.19256091E+004  0.13391495E+004
   395.1128  0.36703535E+004  0.35012839E+004  0.17104993E+004  0.26299636E+004  0.26485357E+004  0.89448027E+003  0.90708579E+003  0.18471233E+004  0.18475809E+004  0.13804689E+004
   395.3634  0.38047460E+004  0.36280777E+004  0.18196609E+004  0.27977251E+004  0.28175164E+004  0.85917447E+003  0.87122275E+003  0.17737695E+004  0.17742099E+004  0.14282094E+004
   395.6140  0.39582035E+004  0.37730062E+004  0.19394398E+004  0.29818082E+004  0.30029353E+004  0.82593388E+003  0.83745177E+003  0.17047137E+004  0.17051382E+004  0.14829924E+004
   395.8647  0.41327660E+004  0.39380019E+004  0.20712329E+004  0.31843598E+004  0.32069549E+004  0.79460475E+003  0.80561637E+003  0.16396321E+004  0.16400421E+004  0.15455590E+004
   396.1153  0.43308576E+004  0.41253621E+004  0.22166697E+004  0.34078848E+004  0.34320978E+004  0.76504786E+003  0.77557470E+003  0.15782316E+004  0.15786280E+004  0.16167909E+004
   396.3659  0.45553592E+004  0.43378181E+004  0.23776592E+004  0.36553171E+004  0.36813194E+004  0.73713698E+003  0.74719807E+003  0.15202461E+004  0.15206298E+004  0.16977375E+004
   396.6165  0.48096988E+004  0.45786200E+004  0.25564478E+004  0.39301095E+004  0.39580972E+004  0.71075765E+003  0.72036953E+003  0.14654337E+004  0.14658057E+004  0.17896481E+004
   396.8672  0.50979635E+004  0.48516444E+004  0.27556910E+004  0.42363438E+004  0.42665425E+004  0.68580598E+003  0.69498278E+003  0.14135747E+004  0.14139357E+004  0.18940137E+004
   397.1178  0.54250413E+004  0.51615273E+004  0.29785437E+004  0.45788693E+004  0.46115392E+004  0.66218776E+003  0.67094116E+003  0.13644691E+004  0.13648199E+004  0.20126179E+004
   397.3684  0.57967975E+004  0.55138328E+004  0.32287723E+004  0.49634752E+004  0.49989185E+004  0.63981759E+003  0.64815672E+003  0.13179349E+004  0.13182761E+004  0.21476023E+004
   397.6190  0.62202994E+004  0.59152656E+004  0.35108970E+004  0.53971093E+004  0.54356781E+004  0.61861822E+003  0.62654958E+003  0.12738066E+004  0.12741387E+004  0.23015480E+004
   397.8697  0.67040992E+004  0.63739395E+004  0.38303712E+004  0.58881543E+004  0.59302608E+004  0.59852004E+003  0.60604722E+003  0.12319338E+004  0.12322571E+004  0.24775791E+004
   398.1203  0.72585952E+004  0.68997206E+004  0.41938102E+004  0.64467780E+004  0.64929077E+004  0.57946058E+003  0.58658405E+003  0.11921799E+004  0.11924949E+004  0.26794950E+004
   398.3709  0.78964917E+004  0.75046631E+004  0.46092814E+004  0.70853812E+004  0.71361087E+004  0.56138431E+003  0.56810097E+003  0.11544216E+004  0.11547286E+004  0.29119382E+004
   398.6216  0.86333865E+004  0.82035671E+004  0.50866768E+004  0.78191683E+004  0.78751775E+004  0.54424242E+003  0.55054512E+003  0.11185481E+004  0.11188473E+004  0.31806093E+004
   398.8722  0.94885214E+004  0.90146906E+004  0.56381860E+004  0.86668761E+004  0.87289858E+004  0.52799288E+003  0.53386972E+003  0.10844606E+004  0.10847521E+004  0.34925413E+004
   399.1228  0.10485736E+005  0.99606550E+004  0.62789001E+004  0.96517011E+004  0.97208967E+004  0.51260060E+003  0.51803408E+003  0.10520721E+004  0.10523560E+004  0.38564483E+004
   399.3734  0.11654672E+005  0.11069587E+005  0.70275715E+004  0.10802467E+005  0.10879942E+005  0.49803780E+003  0.50300366E+003  0.10213076E+004  0.10215839E+004  0.42831658E+004
   399.6241  0.13032262E+005  0.12376534E+005  0.79075562E+004  0.12155075E+005  0.12242279E+005  0.48428464E+003  0.48875045E+003  0.99210464E+003  0.99237307E+003  0.47861954E+004
   399.8747  0.14664523E+005  0.13925161E+005  0.89479433E+004  0.13754238E+005  0.13852943E+005  0.47133001E+003  0.47525335E+003  0.96441346E+003  0.96467378E+003  0.53823590E+004
   400.1253  0.16608562E+005  0.15769658E+005  0.10184826E+005  0.15655433E+005  0.15767811E+005  0.45917253E+003  0.46249873E+003  0.93819838E+003  0.93845014E+003  0.60925344E+004
   400.3759  0.18934548E+005  0.17976611E+005  0.11662544E+005  0.17926815E+005  0.18055527E+005  0.44782148E+003  0.45048106E+003  0.91343847E+003  0.91368104E+003  0.69423741E+004
   400.6266  0.21726938E+005  0.20626164E+005  0.13434460E+005  0.20650409E+005  0.20798705E+005  0.43729743E+003  0.43920317E+003  0.89012804E+003  0.89036057E+003  0.79627554E+004
   400.8772  0.25083435E+005  0.23811030E+005  0.15562301E+005  0.23921093E+005  0.24092906E+005  0.42763132E+003  0.42867559E+003  0.86827546E+003  0.86849686E+003  0.91893974E+004
   401.1278  0.29108512E+005  0.27630348E+005  0.18112068E+005  0.27840318E+005  0.28040311E+005  0.41886030E+003  0.41891373E+003  0.84789814E+003  0.84810708E+003  0.10660495E+005
   401.3784  0.33895700E+005  0.32172870E+005  0.21142849E+005  0.32498908E+005  0.32732395E+005  0.41101660E+003  0.40993032E+003  0.82900953E+003  0.82920443E+003  0.12410243E+005
   401.6291  0.39489231E+005  0.37480572E+005  0.24682597E+005  0.37939829E+005  0.38212435E+005  0.40410356E+003  0.40171931E+003  0.81159127E+003  0.81177043E+003  0.14454812E+005
   401.8797  0.45813719E+005  0.43481916E+005  0.28683716E+005  0.44089922E+005  0.44406744E+005  0.39805192E+003  0.39422650E+003  0.79554248E+003  0.79570438E+003  0.16766640E+005
   402.1303  0.52568562E+005  0.49891647E+005  0.32956369E+005  0.50657389E+005  0.51021429E+005  0.39265420E+003  0.38730550E+003  0.78060383E+003  0.78074762E+003  0.19235823E+005
   402.3810  0.59118025E+005  0.56106493E+005  0.37099060E+005  0.57025091E+005  0.57434912E+005  0.38749644E+003  0.38067191E+003  0.76627843E+003  0.76640472E+003  0.21629933E+005
   402.6316  0.64475839E+005  0.61190545E+005  0.40488904E+005  0.62235597E+005  0.62682879E+005  0.38194853E+003  0.37389680E+003  0.75182061E+003  0.75193229E+003  0.23588385E+005
   402.8822  0.67526702E+005  0.64085450E+005  0.42421523E+005  0.65206210E+005  0.65674851E+005  0.37530148E+003  0.36649875E+003  0.73639457E+003  0.73649708E+003  0.24703417E+005
   403.1328  0.67499743E+005  0.64059699E+005  0.42410070E+005  0.65188599E+005  0.65657116E+005  0.36706098E+003  0.35814066E+003  0.71941371E+003  0.71951426E+003  0.24693194E+005
   403.3835  0.64399814E+005  0.61117895E+005  0.40457621E+005  0.62187491E+005  0.62634436E+005  0.35721474E+003  0.34880903E+003  0.70084975E+003  0.70095555E+003  0.23559491E+005
   403.6341  0.59004534E+005  0.55997951E+005  0.37055304E+005  0.56957799E+005  0.57367151E+005  0.34623060E+003  0.33881263E+003  0.68123047E+003  0.68134692E+003  0.21586606E+005
   403.8847  0.52430033E+005  0.49759004E+005  0.32908042E+005  0.50583056E+005  0.50946583E+005  0.33478720E+003  0.32860192E+003  0.66132818E+003  0.66145809E+003  0.19182604E+005
   404.1353  0.45659278E+005  0.43333830E+005  0.28636656E+005  0.44017522E+005  0.44333852E+005  0.32348136E+003  0.31857275E+003  0.64182133E+003  0.64196524E+003  0.16706862E+005
   404.3860  0.39323801E+005  0.37321714E+005  0.24640010E+005  0.37874291E+005  0.38146460E+005  0.31269273E+003  0.30897556E+003  0.62313790E+003  0.62329487E+003  0.14390270E+005
   404.6366  0.33720972E+005  0.32004839E+005  0.21105920E+005  0.32442053E+005  0.32675172E+005  0.30259438E+003  0.29992254E+003  0.60546765E+003  0.60563608E+003  0.12341547E+005
   404.8872  0.28924263E+005  0.27452927E+005  0.18080798E+005  0.27792146E+005  0.27991839E+005  0.29322122E+003  0.29143341E+003  0.58884112E+003  0.58901921E+003  0.10587556E+005
   405.1378  0.24888528E+005  0.23623137E+005  0.15536136E+005  0.23880753E+005  0.24052330E+005  0.28453514E+003  0.28347915E+003  0.57320504E+003  0.57339110E+003  0.91117900E+004
   405.3885  0.21519911E+005  0.20426405E+005  0.13412666E+005  0.20616772E+005  0.20764886E+005  0.27646844E+003  0.27601107E+003  0.55847235E+003  0.55866490E+003  0.78799348E+004
   405.6391  0.18713904E+005  0.17763560E+005  0.11644389E+005  0.17898757E+005  0.18027334E+005  0.26894729E+003  0.26897656E+003  0.54454945E+003  0.54474725E+003  0.68537813E+004
   405.8897  0.16372892E+005  0.15541970E+005  0.10169661E+005  0.15631954E+005  0.15744237E+005  0.26190264E+003  0.26232639E+003  0.53134867E+003  0.53155070E+003  0.59976404E+004
   406.1404  0.14412534E+005  0.13681600E+005  0.89352192E+004  0.13734495E+005  0.13833139E+005  0.25527412E+003  0.25601729E+003  0.51879284E+003  0.51899827E+003  0.52806761E+004
   406.3910  0.12762772E+005  0.12115970E+005  0.78968232E+004  0.12138377E+005  0.12225548E+005  0.24901066E+003  0.25001238E+003  0.50681589E+003  0.50702405E+003  0.46772750E+004
   406.6416  0.11366586E+005  0.10790972E+005  0.70184659E+004  0.10788254E+005  0.10865721E+005  0.24306965E+003  0.24428060E+003  0.49536195E+003  0.49557229E+003  0.41665898E+004
   406.8922  0.10178024E+005  0.96629994E+004  0.62711294E+004  0.96395223E+004  0.97087330E+004  0.23741574E+003  0.23879588E+003  0.48438385E+003  0.48459595E+003  0.37318196E+004
   407.1429  0.91601884E+004  0.86970389E+004  0.56315156E+004  0.86563708E+004  0.87185155E+004  0.23201953E+003  0.23353626E+003  0.47384165E+003  0.47405515E+003  0.33594747E+004
   407.3935  0.82834542E+004  0.78649777E+004  0.50809181E+004  0.78100461E+004  0.78661082E+004  0.22685648E+003  0.22848316E+003  0.46370132E+003  0.46391593E+003  0.30387235E+004
   407.6441  0.75239784E+004  0.71441904E+004  0.46042825E+004  0.70774079E+004  0.71282048E+004  0.22190593E+003  0.22362070E+003  0.45393361E+003  0.45414909E+003  0.27608487E+004
   407.8947  0.68624998E+004  0.65163992E+004  0.41894479E+004  0.64397638E+004  0.64859783E+004  0.21715037E+003  0.21893521E+003  0.44451318E+003  0.44472934E+003  0.25188081E+004
   408.1454  0.62833871E+004  0.59667707E+004  0.38265454E+004  0.58819446E+004  0.59241505E+004  0.21257479E+003  0.21441482E+003  0.43541783E+003  0.43563451E+003  0.23068864E+004
   408.3960  0.57738895E+004  0.54832053E+004  0.35075258E+004  0.53915774E+004  0.54302596E+004  0.20816625E+003  0.21004909E+003  0.42662800E+003  0.42684507E+003  0.21204219E+004
   408.6466  0.53235510E+004  0.50557806E+004  0.32257883E+004  0.49585168E+004  0.49940872E+004  0.20391346E+003  0.20582882E+003  0.41812625E+003  0.41834361E+003  0.19555915E+004
   408.8972  0.49237501E+004  0.46763154E+004  0.29758913E+004  0.45743980E+004  0.46072084E+004  0.19980652E+003  0.20174578E+003  0.40989696E+003  0.41011451E+003  0.18092430E+004
   409.1479  0.45673401E+004  0.43380277E+004  0.27533239E+004  0.42322875E+004  0.42626399E+004  0.19583663E+003  0.19779259E+003  0.40192600E+003  0.40214366E+003  0.16787633E+004
   409.3985  0.42483649E+004  0.40352654E+004  0.25543273E+004  0.39264077E+004  0.39545624E+004  0.19199596E+003  0.19396255E+003  0.39420051E+003  0.39441823E+003  0.15619746E+004
   409.6491  0.39618348E+004  0.37632937E+004  0.23757529E+004  0.36519188E+004  0.36781015E+004  0.18827745E+003  0.19024957E+003  0.38670875E+003  0.38692647E+003  0.14570526E+004
   409.8997  0.37035490E+004  0.35181261E+004  0.22149502E+004  0.34047466E+004  0.34291538E+004  0.18467473E+003  0.18664809E+003  0.37943991E+003  0.37965758E+003  0.13624612E+004
   410.1504  0.34699535E+004  0.32963899E+004  0.20696768E+004  0.31814448E+004  0.32042479E+004  0.18118201E+003  0.18315297E+003  0.37238399E+003  0.37260159E+003  0.12769009E+004
   410.4010  0.32580273E+004  0.30952186E+004  0.19380275E+004  0.29790844E+004  0.30004340E+004  0.17779396E+003  0.17975946E+003  0.36553173E+003  0.36574921E+003  0.11992671E+004
   410.6516  0.30651916E+004  0.29121646E+004  0.18183754E+004  0.27951651E+004  0.28151936E+004  0.17450570E+003  0.17646317E+003  0.35887449E+003  0.35909184E+003  0.11286167E+004
   410.9023  0.28892346E+004  0.27451294E+004  0.17093261E+004  0.26275433E+004  0.26463679E+004  0.17131274E+003  0.17326000E+003  0.35240421E+003  0.35262140E+003  0.10641412E+004
   411.1529  0.27282526E+004  0.25923060E+004  0.16096790E+004  0.24743736E+004  0.24920983E+004  0.16821088E+003  0.17014609E+003  0.34611333E+003  0.34633034E+003  0.10051442E+004
   411.4035  0.25805995E+004  0.24521328E+004  0.15183967E+004  0.23340616E+004  0.23507786E+004  0.16519625E+003  0.16711787E+003  0.33999475E+003  0.34021156E+003  0.95102394E+003
   411.6541  0.24448477E+004  0.23232545E+004  0.14345792E+004  0.22052237E+004  0.22210155E+004  0.16226522E+003  0.16417196E+003  0.33404177E+003  0.33425837E+003  0.90125822E+003
   411.9048  0.23197535E+004  0.22044913E+004  0.13574431E+004  0.20866557E+004  0.21015962E+004  0.15941439E+003  0.16130518E+003  0.32824808E+003  0.32846447E+003  0.85539234E+003
   412.1554  0.22042308E+004  0.20948122E+004  0.12863038E+004  0.19773055E+004  0.19914609E+004  0.15664058E+003  0.15851452E+003  0.32260772E+003  0.32282389E+003  0.81302899E+003
   412.4060  0.20973269E+004  0.19933132E+004  0.12205615E+004  0.18762511E+004  0.18896810E+004  0.15394078E+003  0.15579714E+003  0.31711504E+003  0.31733097E+003  0.77381987E+003
   412.6566  0.19982043E+004  0.18991997E+004  0.11596887E+004  0.17826816E+004  0.17954398E+004  0.15131218E+003  0.15315036E+003  0.31176467E+003  0.31198036E+003  0.73745863E+003
   412.9073  0.19061242E+004  0.18117703E+004  0.11032204E+004  0.16958823E+004  0.17080174E+004  0.14875210E+003  0.15057164E+003  0.30655152E+003  0.30676697E+003  0.70367507E+003
   413.1579  0.18204330E+004  0.17304048E+004  0.10507451E+004  0.16152207E+004  0.16267769E+004  0.14625803E+003  0.14805853E+003  0.30147075E+003  0.30168595E+003  0.67223011E+003
   413.4085  0.17405507E+004  0.16545529E+004  0.10018980E+004  0.15401361E+004  0.15511534E+004  0.14382757E+003  0.14560875E+003  0.29651775E+003  0.29673269E+003  0.64291169E+003
   413.6591  0.16659617E+004  0.15837252E+004  0.95635479E+003  0.14701298E+004  0.14806447E+004  0.14145845E+003  0.14322011E+003  0.29168813E+003  0.29190281E+003  0.61553114E+003
   413.9098  0.15962060E+004  0.15174851E+004  0.91382611E+003  0.14047573E+004  0.14148030E+004  0.13914852E+003  0.14089050E+003  0.28697769E+003  0.28719212E+003  0.58992022E+003
   414.1604  0.15308723E+004  0.14554424E+004  0.87405353E+003  0.13436211E+004  0.13532282E+004  0.13689573E+003  0.13861794E+003  0.28238243E+003  0.28259660E+003  0.56592852E+003
   414.4110  0.14695923E+004  0.13972474E+004  0.83680550E+003  0.12863655E+004  0.12955618E+004  0.13469811E+003  0.13640052E+003  0.27789852E+003  0.27811244E+003  0.54342124E+003
   414.6617  0.14120349E+004  0.13425860E+004  0.80187412E+003  0.12326709E+004  0.12414819E+004  0.13255382E+003  0.13423642E+003  0.27352232E+003  0.27373597E+003  0.52227732E+003
   414.9123  0.13579022E+004  0.12911755E+004  0.76907236E+003  0.11822497E+004  0.11906990E+004  0.13046106E+003  0.13212390E+003  0.26925032E+003  0.26946371E+003  0.50238778E+003
   415.1629  0.13069257E+004  0.12427609E+004  0.73823154E+003  0.11348427E+004  0.11429520E+004  0.12841815E+003  0.13006130E+003  0.26507917E+003  0.26529230E+003  0.48365431E+003
   415.4135  0.12588624E+004  0.11971118E+004  0.70919928E+003  0.10902156E+004  0.10980048E+004  0.12642347E+003  0.12804703E+003  0.26100566E+003  0.26121853E+003  0.46598807E+003
   415.6642  0.12134924E+004  0.11540193E+004  0.68183765E+003  0.10481566E+004  0.10556441E+004  0.12447545E+003  0.12607954E+003  0.25702670E+003  0.25723932E+003  0.44930857E+003
   415.9148  0.11706161E+004  0.11132941E+004  0.65602152E+003  0.10084731E+004  0.10156761E+004  0.12257261E+003  0.12415738E+003  0.25313936E+003  0.25335171E+003  0.43354281E+003
   416.1654  0.11300522E+004  0.10747641E+004  0.63163723E+003  0.97099058E+003  0.97792477E+003  0.12071354E+003  0.12227915E+003  0.24934078E+003  0.24955288E+003  0.41862440E+003
   416.4160  0.10916354E+004  0.10382725E+004  0.60858132E+003  0.93554992E+003  0.94223000E+003  0.11889686E+003  0.12044348E+003  0.24562825E+003  0.24584009E+003  0.40449291E+003
   416.6667  0.10552152E+004  0.10036762E+004  0.58675947E+003  0.90200616E+003  0.90844574E+003  0.11712126E+003  0.11864908E+003  0.24199916E+003  0.24221074E+003  0.39109320E+003
   416.9173  0.10206539E+004  0.97084475E+003  0.56608553E+003  0.87022688E+003  0.87643865E+003  0.11538549E+003  0.11689471E+003  0.23845099E+003  0.23866231E+003  0.37837489E+003
   417.1679  0.98782546E+003  0.93965847E+003  0.54648073E+003  0.84009100E+003  0.84608675E+003  0.11368834E+003  0.11517918E+003  0.23498132E+003  0.23519238E+003  0.36629189E+003
   417.4185  0.95661455E+003  0.91000785E+003  0.52787289E+003  0.81148759E+003  0.81727832E+003  0.11202866E+003  0.11350131E+003  0.23158782E+003  0.23179864E+003  0.35480195E+003
   417.6692  0.92691518E+003  0.88179231E+003  0.51019582E+003  0.78431488E+003  0.78991086E+003  0.11040532E+003  0.11186002E+003  0.22826827E+003  0.22847883E+003  0.34386627E+003
   417.9198  0.89862999E+003  0.85491944E+003  0.49338870E+003  0.75847938E+003  0.76389023E+003  0.10881726E+003  0.11025423E+003  0.22502050E+003  0.22523081E+003  0.33344923E+003
   418.1704  0.87166933E+003  0.82930416E+003  0.47739557E+003  0.73389511E+003  0.73912979E+003  0.10726344E+003  0.10868292E+003  0.22184244E+003  0.22205250E+003  0.32351799E+003
   418.4211  0.84595059E+003  0.80486804E+003  0.46216489E+003  0.71048283E+003  0.71554976E+003  0.10574287E+003  0.10714509E+003  0.21873209E+003  0.21894190E+003  0.31404232E+003
   418.6717  0.82139752E+003  0.78153872E+003  0.44764914E+003  0.68816947E+003  0.69307654E+003  0.10425461E+003  0.10563979E+003  0.21568753E+003  0.21589709E+003  0.30499430E+003
   418.9223  0.79793968E+003  0.75924933E+003  0.43380439E+003  0.66688755E+003  0.67164217E+003  0.10279772E+003  0.10416610E+003  0.21270690E+003  0.21291621E+003  0.29634812E+003
   419.1729  0.77551187E+003  0.73793799E+003  0.42059007E+003  0.64657467E+003  0.65118379E+003  0.10137132E+003  0.10272315E+003  0.20978840E+003  0.20999747E+003  0.28807993E+003
   419.4236  0.75405373E+003  0.71754739E+003  0.40796858E+003  0.62717306E+003  0.63164322E+003  0.99974555E+002  0.10131006E+003  0.20693031E+003  0.20713914E+003  0.28016761E+003
   419.6742  0.73350924E+003  0.69802437E+003  0.39590510E+003  0.60862918E+003  0.61296654E+003  0.98606601E+002  0.99926018E+002  0.20413097E+003  0.20433955E+003  0.27259065E+003
   419.9248  0.71382643E+003  0.67931960E+003  0.38436731E+003  0.59089337E+003  0.59510371E+003  0.97266662E+002  0.98570228E+002  0.20138875E+003  0.20159709E+003  0.26533001E+003
   420.1754  0.69495698E+003  0.66138720E+003  0.37332519E+003  0.57391947E+003  0.57800828E+003  0.95953971E+002  0.97241919E+002  0.19870211E+003  0.19891021E+003  0.25836798E+003
   420.4261  0.67685593E+003  0.64418449E+003  0.36275083E+003  0.55766458E+003  0.56163701E+003  0.94667786E+002  0.95940350E+002  0.19606955E+003  0.19627741E+003  0.25168812E+003
   420.6767  0.65948141E+003  0.62767173E+003  0.35261825E+003  0.54208878E+003  0.54594970E+003  0.93407393E+002  0.94664803E+002  0.19348962E+003  0.19369724E+003  0.24527506E+003
   420.9273  0.64279437E+003  0.61181186E+003  0.34290325E+003  0.52715485E+003  0.53090887E+003  0.92172100E+002  0.93414585E+002  0.19096091E+003  0.19116829E+003  0.23911451E+003
   421.1779  0.62675839E+003  0.59657028E+003  0.33358324E+003  0.51282809E+003  0.51647956E+003  0.90961240E+002  0.92189027E+002  0.18848207E+003  0.18868921E+003  0.23319313E+003
   421.4286  0.61133942E+003  0.58191470E+003  0.32463717E+003  0.49907611E+003  0.50262916E+003  0.89774168E+002  0.90987481E+002  0.18605180E+003  0.18625870E+003  0.22749842E+003
   421.6792  0.59650565E+003  0.56781490E+003  0.31604533E+003  0.48586865E+003  0.48932719E+003  0.88610260E+002  0.89809321E+002  0.18366881E+003  0.18387548E+003  0.22201875E+003
   421.9298  0.58222730E+003  0.55424261E+003  0.30778931E+003  0.47317740E+003  0.47654512E+003  0.87468913E+002  0.88653941E+002  0.18133190E+003  0.18153834E+003  0.21674319E+003
   422.1805  0.56847647E+003  0.54117134E+003  0.29985188E+003  0.46097587E+003  0.46425629E+003  0.86349543E+002  0.87520754E+002  0.17903987E+003  0.17924608E+003  0.21166151E+003
   422.4311  0.55522701E+003  0.52857627E+003  0.29221689E+003  0.44923923E+003  0.45243569E+003  0.85251587E+002  0.86409195E+002  0.17679158E+003  0.17699755E+003  0.20676413E+003
   422.6817  0.54245437E+003  0.51643411E+003  0.28486921E+003  0.43794423E+003  0.44105989E+003  0.84174499E+002  0.85318714E+002  0.17458592E+003  0.17479166E+003  0.20204206E+003
   422.9323  0.53013553E+003  0.50472297E+003  0.27779462E+003  0.42706902E+003  0.43010689E+003  0.83117749E+002  0.84248779E+002  0.17242181E+003  0.17262731E+003  0.19748685E+003
   423.1830  0.51824882E+003  0.49342230E+003  0.27097979E+003  0.41659309E+003  0.41955604E+003  0.82080827E+002  0.83198875E+002  0.17029820E+003  0.17050348E+003  0.19309055E+003
   423.4336  0.50677388E+003  0.48251276E+003  0.26441218E+003  0.40649719E+003  0.40938793E+003  0.81063235E+002  0.82168504E+002  0.16821410E+003  0.16841915E+003  0.18884570E+003
   423.6842  0.49569153E+003  0.47197615E+003  0.25808000E+003  0.39676318E+003  0.39958432E+003  0.80064496E+002  0.81157184E+002  0.16616852E+003  0.16637334E+003  0.18474527E+003
   423.9348  0.48498373E+003  0.46179533E+003  0.25197216E+003  0.38737401E+003  0.39012801E+003  0.79084143E+002  0.80164444E+002  0.16416052E+003  0.16436511E+003  0.18078264E+003
   424.1855  0.47463345E+003  0.45195414E+003  0.24607819E+003  0.37831360E+003  0.38100283E+003  0.78121725E+002  0.79189833E+002  0.16218918E+003  0.16239354E+003  0.17695156E+003
   424.4361  0.46462463E+003  0.44243732E+003  0.24038825E+003  0.36956682E+003  0.37219351E+003  0.77176807E+002  0.78232910E+002  0.16025360E+003  0.16045774E+003  0.17324615E+003
   424.6867  0.45494212E+003  0.43323050E+003  0.23489304E+003  0.36111938E+003  0.36368569E+003  0.76248964E+002  0.77293247E+002  0.15835293E+003  0.15855684E+003  0.16966084E+003
   424.9373  0.44557161E+003  0.42432008E+003  0.22958380E+003  0.35295779E+003  0.35546577E+003  0.75337785E+002  0.76370433E+002  0.15648633E+003  0.15669002E+003  0.16619038E+003
   425.1880  0.43649956E+003  0.41569321E+003  0.22445224E+003  0.34506934E+003  0.34752094E+003  0.74442873E+002  0.75464064E+002  0.15465298E+003  0.15485645E+003  0.16282981E+003
   425.4386  0.42771317E+003  0.40733774E+003  0.21949054E+003  0.33744198E+003  0.33983908E+003  0.73563842E+002  0.74573753E+002  0.15285210E+003  0.15305534E+003  0.15957443E+003
   425.6892  0.41920034E+003  0.39924216E+003  0.21469128E+003  0.33006434E+003  0.33240872E+003  0.72700315E+002  0.73699120E+002  0.15108293E+003  0.15128595E+003  0.15641979E+003
   425.9398  0.41094959E+003  0.39139559E+003  0.21004748E+003  0.32292565E+003  0.32521903E+003  0.71851930E+002  0.72839799E+002  0.14934472E+003  0.14954751E+003  0.15336169E+003
   426.1905  0.40295005E+003  0.38378771E+003  0.20555250E+003  0.31601572E+003  0.31825974E+003  0.71018333E+002  0.71995435E+002  0.14763674E+003  0.14783932E+003  0.15039613E+003
   426.4411  0.39519142E+003  0.37640872E+003  0.20120005E+003  0.30932490E+003  0.31152112E+003  0.70199182E+002  0.71165680E+002  0.14595831E+003  0.14616067E+003  0.14751934E+003
   426.6917  0.38766392E+003  0.36924934E+003  0.19698418E+003  0.30284403E+003  0.30499395E+003  0.69394143E+002  0.70350200E+002  0.14430874E+003  0.14451088E+003  0.14472772E+003
   426.9424  0.38035827E+003  0.36230077E+003  0.19289925E+003  0.29656442E+003  0.29866950E+003  0.68602894E+002  0.69548669E+002  0.14268738E+003  0.14288929E+003  0.14201786E+003
   427.1930  0.37326566E+003  0.35555463E+003  0.18893989E+003  0.29047786E+003  0.29253947E+003  0.67825120E+002  0.68760768E+002  0.14109357E+003  0.14129527E+003  0.13938653E+003
   427.4436  0.36637771E+003  0.34900296E+003  0.18510102E+003  0.28457650E+003  0.28659598E+003  0.67060515E+002  0.67986192E+002  0.13952671E+003  0.13972819E+003  0.13683065E+003
   427.6942  0.35968645E+003  0.34263821E+003  0.18137781E+003  0.27885294E+003  0.28083154E+003  0.66308785E+002  0.67224639E+002  0.13798617E+003  0.13818743E+003  0.13434730E+003
   427.9449  0.35318432E+003  0.33645317E+003  0.17776567E+003  0.27330009E+003  0.27523905E+003  0.65569640E+002  0.66475820E+002  0.13647138E+003  0.13667243E+003  0.13193369E+003
   428.1955  0.34686411E+003  0.33044101E+003  0.17426021E+003  0.26791126E+003  0.26981175E+003  0.64842801E+002  0.65739452E+002  0.13498177E+003  0.13518259E+003  0.12958718E+003
   428.4461  0.34071893E+003  0.32459521E+003  0.17085730E+003  0.26268005E+003  0.26454320E+003  0.64127994E+002  0.65015260E+002  0.13351677E+003  0.13371738E+003  0.12730524E+003
   428.6967  0.33474227E+003  0.31890954E+003  0.16755297E+003  0.25760038E+003  0.25942728E+003  0.63424956E+002  0.64302976E+002  0.13207584E+003  0.13227623E+003  0.12508547E+003
   428.9474  0.32892788E+003  0.31337809E+003  0.16434346E+003  0.25266647E+003  0.25445815E+003  0.62733429E+002  0.63602340E+002  0.13065846E+003  0.13085864E+003  0.12292558E+003
   429.1980  0.32326981E+003  0.30799521E+003  0.16122517E+003  0.24787279E+003  0.24963027E+003  0.62053162E+002  0.62913101E+002  0.12926413E+003  0.12946409E+003  0.12082338E+003
   429.4486  0.31776239E+003  0.30275551E+003  0.15819470E+003  0.24321409E+003  0.24493833E+003  0.61383912E+002  0.62235010E+002  0.12789233E+003  0.12809208E+003  0.11877679E+003
   429.6992  0.31240022E+003  0.29765385E+003  0.15524877E+003  0.23868536E+003  0.24037728E+003  0.60725442E+002  0.61567830E+002  0.12654258E+003  0.12674212E+003  0.11678381E+003
   429.9499  0.30717811E+003  0.29268532E+003  0.15238427E+003  0.23428180E+003  0.23594231E+003  0.60077520E+002  0.60911326E+002  0.12521442E+003  0.12541375E+003  0.11484256E+003
   430.2005  0.30209113E+003  0.28784523E+003  0.14959824E+003  0.22999886E+003  0.23162882E+003  0.59439923E+002  0.60265273E+002  0.12390739E+003  0.12410650E+003  0.11295120E+003
   430.4511  0.29713456E+003  0.28312910E+003  0.14688783E+003  0.22583217E+003  0.22743241E+003  0.58812432E+002  0.59629448E+002  0.12262103E+003  0.12281993E+003  0.11110800E+003
   430.7018  0.29230388E+003  0.27853262E+003  0.14425034E+003  0.22177757E+003  0.22334889E+003  0.58194833E+002  0.59003638E+002  0.12135492E+003  0.12155360E+003  0.10931131E+003
   430.9524  0.28759478E+003  0.27405172E+003  0.14168317E+003  0.21783108E+003  0.21937425E+003  0.57586921E+002  0.58387633E+002  0.12010863E+003  0.12030710E+003  0.10755953E+003
   431.2030  0.28300312E+003  0.26968245E+003  0.13918386E+003  0.21398889E+003  0.21550467E+003  0.56988492E+002  0.57781228E+002  0.11888174E+003  0.11908000E+003  0.10585115E+003
   431.4536  0.27852495E+003  0.26542105E+003  0.13675003E+003  0.21024736E+003  0.21173646E+003  0.56399351E+002  0.57184226E+002  0.11767386E+003  0.11787190E+003  0.10418470E+003
   431.7043  0.27415648E+003  0.26126395E+003  0.13437942E+003  0.20660301E+003  0.20806613E+003  0.55819305E+002  0.56596432E+002  0.11648459E+003  0.11668243E+003  0.10255880E+003
   431.9549  0.26989408E+003  0.25720767E+003  0.13206987E+003  0.20305252E+003  0.20449033E+003  0.55248169E+002  0.56017658E+002  0.11531355E+003  0.11551118E+003  0.10097212E+003
   432.2055  0.26573426E+003  0.25324892E+003  0.12981928E+003  0.19959267E+003  0.20100582E+003  0.54685760E+002  0.55447720E+002  0.11416038E+003  0.11435779E+003  0.99423357E+002
   432.4561  0.26167370E+003  0.24938453E+003  0.12762568E+003  0.19622043E+003  0.19760954E+003  0.54131902E+002  0.54886439E+002  0.11302470E+003  0.11322190E+003  0.97911299E+002
   432.7068  0.25770920E+003  0.24561146E+003  0.12548716E+003  0.19293286E+003  0.19429854E+003  0.53586421E+002  0.54333641E+002  0.11190616E+003  0.11210316E+003  0.96434765E+002
   432.9574  0.25383768E+003  0.24192679E+003  0.12340189E+003  0.18972714E+003  0.19106998E+003  0.53049149E+002  0.53789155E+002  0.11080443E+003  0.11100122E+003  0.94992624E+002
   433.2080  0.25005620E+003  0.23832773E+003  0.12136812E+003  0.18660060E+003  0.18792116E+003  0.52519923E+002  0.53252815E+002  0.10971916E+003  0.10991574E+003  0.93583792E+002
   433.4586  0.24636192E+003  0.23481158E+003  0.11938418E+003  0.18355064E+003  0.18484946E+003  0.51998582E+002  0.52724461E+002  0.10865004E+003  0.10884641E+003  0.92207227E+002
   433.7093  0.24275214E+003  0.23137576E+003  0.11744844E+003  0.18057478E+003  0.18185241E+003  0.51484970E+002  0.52203932E+002  0.10759672E+003  0.10779289E+003  0.90861926E+002
   433.9599  0.23922423E+003  0.22801779E+003  0.11555935E+003  0.17767065E+003  0.17892759E+003  0.50978935E+002  0.51691077E+002  0.10655892E+003  0.10675488E+003  0.89546930E+002
   434.2105  0.23577570E+003  0.22473529E+003  0.11371545E+003  0.17483597E+003  0.17607271E+003  0.50480328E+002  0.51185744E+002  0.10553632E+003  0.10573207E+003  0.88261313E+002
   434.4612  0.23240412E+003  0.22152597E+003  0.11191528E+003  0.17206853E+003  0.17328556E+003  0.49989005E+002  0.50687788E+002  0.10452863E+003  0.10472417E+003  0.87004186E+002
   434.7118  0.22910718E+003  0.21838761E+003  0.11015750E+003  0.16936622E+003  0.17056401E+003  0.49504824E+002  0.50197064E+002  0.10353555E+003  0.10373089E+003  0.85774694E+002
   434.9624  0.22588264E+003  0.21531810E+003  0.10844076E+003  0.16672704E+003  0.16790603E+003  0.49027648E+002  0.49713435E+002  0.10255681E+003  0.10275194E+003  0.84572014E+002
   435.2130  0.22272835E+003  0.21231540E+003  0.10676382E+003  0.16414901E+003  0.16530965E+003  0.48557341E+002  0.49236763E+002  0.10159214E+003  0.10178706E+003  0.83395354E+002
   435.4637  0.21964225E+003  0.20937753E+003  0.10512544E+003  0.16163027E+003  0.16277298E+003  0.48093773E+002  0.48766915E+002  0.10064125E+003  0.10083597E+003  0.82243952E+002
   435.7143  0.21662234E+003  0.20650261E+003  0.10352446E+003  0.15916902E+003  0.16029421E+003  0.47636814E+002  0.48303763E+002  0.99703895E+002  0.99898404E+002  0.81117073E+002
   435.9649  0.21366671E+003  0.20368882E+003  0.10195975E+003  0.15676353E+003  0.15787159E+003  0.47186341E+002  0.47847178E+002  0.98779813E+002  0.98974117E+002  0.80014010E+002
   436.2155  0.21077349E+003  0.20093439E+003  0.10043021E+003  0.15441211E+003  0.15550343E+003  0.46742231E+002  0.47397039E+002  0.97868753E+002  0.98062852E+002  0.78934082E+002
   436.4662  0.20794092E+003  0.19823763E+003  0.98934817E+002  0.15211317E+003  0.15318813E+003  0.46304363E+002  0.46953223E+002  0.96970474E+002  0.97164368E+002  0.77876629E+002
   436.7168  0.20516728E+003  0.19559691E+003  0.97472547E+002  0.14986515E+003  0.15092411E+003  0.45872623E+002  0.46515613E+002  0.96084735E+002  0.96278424E+002  0.76841021E+002
   436.9674  0.20245090E+003  0.19301065E+003  0.96042434E+002  0.14766657E+003  0.14870988E+003  0.45446895E+002  0.46084094E+002  0.95211303E+002  0.95404788E+002  0.75826644E+002
   437.2180  0.19979019E+003  0.19047734E+003  0.94643543E+002  0.14551598E+003  0.14654399E+003  0.45027069E+002  0.45658553E+002  0.94349952E+002  0.94543233E+002  0.74832910E+002
   437.4687  0.19718361E+003  0.18799552E+003  0.93274972E+002  0.14341200E+003  0.14442505E+003  0.44613036E+002  0.45238880E+002  0.93500458E+002  0.93693536E+002  0.73859249E+002
   437.7193  0.19462967E+003  0.18556375E+003  0.91935851E+002  0.14135330E+003  0.14235169E+003  0.44204690E+002  0.44824967E+002  0.92662605E+002  0.92855479E+002  0.72905113E+002
   437.9699  0.19212693E+003  0.18318069E+003  0.90625342E+002  0.13933858E+003  0.14032264E+003  0.43801927E+002  0.44416711E+002  0.91836181E+002  0.92028851E+002  0.71969971E+002
   438.2206  0.18967400E+003  0.18084501E+003  0.89342637E+002  0.13736660E+003  0.13833664E+003  0.43404646E+002  0.44014007E+002  0.91020977E+002  0.91213444E+002  0.71053311E+002
   438.4712  0.18726954E+003  0.17855543E+003  0.88086955E+002  0.13543616E+003  0.13639247E+003  0.43012747E+002  0.43616756E+002  0.90216791E+002  0.90409056E+002  0.70154639E+002
   438.7218  0.18491227E+003  0.17631073E+003  0.86857543E+002  0.13354611E+003  0.13448897E+003  0.42626134E+002  0.43224860E+002  0.89423425E+002  0.89615487E+002  0.69273476E+002
   438.9724  0.18260092E+003  0.17410972E+003  0.85653674E+002  0.13169532E+003  0.13262502E+003  0.42244712E+002  0.42838223E+002  0.88640685E+002  0.88832545E+002  0.68409360E+002
   439.2231  0.18033429E+003  0.17195124E+003  0.84474645E+002  0.12988272E+003  0.13079953E+003  0.41868388E+002  0.42456751E+002  0.87868381E+002  0.88060039E+002  0.67561845E+002
   439.4737  0.17811120E+003  0.16983419E+003  0.83319778E+002  0.12810726E+003  0.12901145E+003  0.41497073E+002  0.42080353E+002  0.87106329E+002  0.87297785E+002  0.66730500E+002
   439.7243  0.17593054E+003  0.16775750E+003  0.82188417E+002  0.12636794E+003  0.12725976E+003  0.41130676E+002  0.41708939E+002  0.86354347E+002  0.86545602E+002  0.65914905E+002
   439.9749  0.17379119E+003  0.16572011E+003  0.81079930E+002  0.12466378E+003  0.12554349E+003  0.40769113E+002  0.41342421E+002  0.85612258E+002  0.85803312E+002  0.65114658E+002
   440.2256  0.17169211E+003  0.16372102E+003  0.79993705E+002  0.12299384E+003  0.12386168E+003  0.40412298E+002  0.40980713E+002  0.84879888E+002  0.85070741E+002  0.64329368E+002
   440.4762  0.16963228E+003  0.16175927E+003  0.78929149E+002  0.12135722E+003  0.12221342E+003  0.40060148E+002  0.40623733E+002  0.84157069E+002  0.84347721E+002  0.63558655E+002
   440.7268  0.16761069E+003  0.15983391E+003  0.77885691E+002  0.11975302E+003  0.12059783E+003  0.39712582E+002  0.40271397E+002  0.83443635E+002  0.83634086E+002  0.62802153E+002
   440.9774  0.16562638E+003  0.15794402E+003  0.76862776E+002  0.11818041E+003  0.11901404E+003  0.39369522E+002  0.39923626E+002  0.82739422E+002  0.82929674E+002  0.62059509E+002
   441.2281  0.16367844E+003  0.15608872E+003  0.75859870E+002  0.11663856E+003  0.11746123E+003  0.39030889E+002  0.39580340E+002  0.82044273E+002  0.82234325E+002  0.61330378E+002
   441.4787  0.16176596E+003  0.15426716E+003  0.74876455E+002  0.11512667E+003  0.11593860E+003  0.38696607E+002  0.39241464E+002  0.81358033E+002  0.81547884E+002  0.60614427E+002
   441.7293  0.15988806E+003  0.15247850E+003  0.73912028E+002  0.11364397E+003  0.11444537E+003  0.38366603E+002  0.38906922E+002  0.80680548E+002  0.80870200E+002  0.59911334E+002
   441.9799  0.15804390E+003  0.15072195E+003  0.72966105E+002  0.11218972E+003  0.11298078E+003  0.38040804E+002  0.38576640E+002  0.80011670E+002  0.80201123E+002  0.59220787E+002
   442.2306  0.15623266E+003  0.14899672E+003  0.72038215E+002  0.11076319E+003  0.11154412E+003  0.37719137E+002  0.38250546E+002  0.79351255E+002  0.79540508E+002  0.58542483E+002
   442.4812  0.15445355E+003  0.14730206E+003  0.71127903E+002  0.10936368E+003  0.11013467E+003  0.37401535E+002  0.37928570E+002  0.78699158E+002  0.78888213E+002  0.57876128E+002
   442.7318  0.15270580E+003  0.14563724E+003  0.70234728E+002  0.10799052E+003  0.10875175E+003  0.37087928E+002  0.37610643E+002  0.78055241E+002  0.78244097E+002  0.57221436E+002
   442.9825  0.15098865E+003  0.14400154E+003  0.69358263E+002  0.10664304E+003  0.10739470E+003  0.36778250E+002  0.37296697E+002  0.77419367E+002  0.77608024E+002  0.56578133E+002
   443.2331  0.14930139E+003  0.14239427E+003  0.68498094E+002  0.10532062E+003  0.10606289E+003  0.36472436E+002  0.36986666E+002  0.76791402E+002  0.76979861E+002  0.55945950E+002
   443.4837  0.14764331E+003  0.14081478E+003  0.67653819E+002  0.10402263E+003  0.10475568E+003  0.36170421E+002  0.36680484E+002  0.76171214E+002  0.76359476E+002  0.55324627E+002
   443.7343  0.14601374E+003  0.13926241E+003  0.66825051E+002  0.10274847E+003  0.10347248E+003  0.35872142E+002  0.36378090E+002  0.75558677E+002  0.75746741E+002  0.54713912E+002
   443.9850  0.14441200E+003  0.13773652E+003  0.66011410E+002  0.10149758E+003  0.10221271E+003  0.35577539E+002  0.36079419E+002  0.74953664E+002  0.75141530E+002  0.54113560E+002
   444.2356  0.14283745E+003  0.13623652E+003  0.65212532E+002  0.10026938E+003  0.10097578E+003  0.35286551E+002  0.35784412E+002  0.74356051E+002  0.74543720E+002  0.53523333E+002
   444.4862  0.14128947E+003  0.13476180E+003  0.64428062E+002  0.99063324E+002  0.99761171E+002  0.34999120E+002  0.35493009E+002  0.73765719E+002  0.73953191E+002  0.52943000E+002
   444.7368  0.13976746E+003  0.13331179E+003  0.63657656E+002  0.97878891E+002  0.98568332E+002  0.34715186E+002  0.35205151E+002  0.73182548E+002  0.73369824E+002  0.52372338E+002
   444.9875  0.13827083E+003  0.13188594E+003  0.62900979E+002  0.96715566E+002  0.97396750E+002  0.34434695E+002  0.34920781E+002  0.72606424E+002  0.72793503E+002  0.51811128E+002
   445.2381  0.13679900E+003  0.13048368E+003  0.62157708E+002  0.95572848E+002  0.96245923E+002  0.34157590E+002  0.34639843E+002  0.72037233E+002  0.72224116E+002  0.51259160E+002
   445.4887  0.13535142E+003  0.12910451E+003  0.61427528E+002  0.94450256E+002  0.95115364E+002  0.33883817E+002  0.34362282E+002  0.71474864E+002  0.71661550E+002  0.50716226E+002
   445.7393  0.13392755E+003  0.12774790E+003  0.60710132E+002  0.93347318E+002  0.94004600E+002  0.33613323E+002  0.34088044E+002  0.70919207E+002  0.71105698E+002  0.50182128E+002
   445.9900  0.13252687E+003  0.12641336E+003  0.60005226E+002  0.92263579E+002  0.92913172E+002  0.33346056E+002  0.33817075E+002  0.70370157E+002  0.70556451E+002  0.49656672E+002
   446.2406  0.13114886E+003  0.12510040E+003  0.59312520E+002  0.91198597E+002  0.91840634E+002  0.33081965E+002  0.33549326E+002  0.69827607E+002  0.70013707E+002  0.49139669E+002
   446.4912  0.12979302E+003  0.12380855E+003  0.58631736E+002  0.90151940E+002  0.90786553E+002  0.32820999E+002  0.33284743E+002  0.69291457E+002  0.69477361E+002  0.48630935E+002
   446.7419  0.12845889E+003  0.12253734E+003  0.57962600E+002  0.89123192E+002  0.89750507E+002  0.32563109E+002  0.33023279E+002  0.68761604E+002  0.68947313E+002  0.48130291E+002
   446.9925  0.12714598E+003  0.12128635E+003  0.57304849E+002  0.88111946E+002  0.88732089E+002  0.32308247E+002  0.32764883E+002  0.68237951E+002  0.68423465E+002  0.47637565E+002
   447.2431  0.12585384E+003  0.12005512E+003  0.56658227E+002  0.87117807E+002  0.87730900E+002  0.32056367E+002  0.32509508E+002  0.67720401E+002  0.67905721E+002  0.47152588E+002
   447.4937  0.12458202E+003  0.11884324E+003  0.56022483E+002  0.86140393E+002  0.86746554E+002  0.31807421E+002  0.32257108E+002  0.67208859E+002  0.67393984E+002  0.46675195E+002
   447.7444  0.12333011E+003  0.11765029E+003  0.55397375E+002  0.85179329E+002  0.85778676E+002  0.31561364E+002  0.32007636E+002  0.66703232E+002  0.66888163E+002  0.46205226E+002
   447.9950  0.12209766E+003  0.11647589E+003  0.54782668E+002  0.84234255E+002  0.84826900E+002  0.31318152E+002  0.31761047E+002  0.66203429E+002  0.66388166E+002  0.45742527E+002
   448.2456  0.12088428E+003  0.11531963E+003  0.54178131E+002  0.83304816E+002  0.83890872E+002  0.31077741E+002  0.31517296E+002  0.65709360E+002  0.65893903E+002  0.45286945E+002
   448.4962  0.11968957E+003  0.11418114E+003  0.53583543E+002  0.82390670E+002  0.82970246E+002  0.30840088E+002  0.31276341E+002  0.65220938E+002  0.65405288E+002  0.44838334E+002
   448.7469  0.11851314E+003  0.11306005E+003  0.52998686E+002  0.81491484E+002  0.82064686E+002  0.30605151E+002  0.31038139E+002  0.64738076E+002  0.64922233E+002  0.44396549E+002
   448.9975  0.11735460E+003  0.11195601E+003  0.52423348E+002  0.80606933E+002  0.81173866E+002  0.30372889E+002  0.30802648E+002  0.64260691E+002  0.64444655E+002  0.43961452E+002
   449.2481  0.11621360E+003  0.11086865E+003  0.51857325E+002  0.79736702E+002  0.80297467E+002  0.30143261E+002  0.30569827E+002  0.63788700E+002  0.63972470E+002  0.43532907E+002
   449.4987  0.11508978E+003  0.10979764E+003  0.51300417E+002  0.78880482E+002  0.79435180E+002  0.29916228E+002  0.30339636E+002  0.63322020E+002  0.63505598E+002  0.43110781E+002
   449.7494  0.11398278E+003  0.10874265E+003  0.50752429E+002  0.78037976E+002  0.78586703E+002  0.29691750E+002  0.30112035E+002  0.62860573E+002  0.63043959E+002  0.42694946E+002
   450.0000  0.11289226E+003  0.10770336E+003  0.50213171E+002  0.77208891E+002  0.77751745E+002  0.29469790E+002  0.29886985E+002  0.62404280E+002  0.62587474E+002  0.42285275E+002
