#Raman spectra
#Laser energy   2.54 eV
#Raman shift (cm-1), Raman Spectra (XX,YY,ZZ,s+s+,s-s-,XY,YX,s+s-,s-s+,nonpol)
   350.0000  0.15277178E+003  0.14873100E+003  0.42052569E+002  0.81805570E+002  0.82399486E+002  0.64244135E+002  0.65283571E+002  0.13329193E+003  0.13353349E+003  0.85041047E+002
   350.2506  0.15457401E+003  0.15048692E+003  0.42452704E+002  0.82584182E+002  0.83183655E+002  0.65226661E+002  0.66282009E+002  0.13528006E+003  0.13552170E+003  0.85958532E+002
   350.5013  0.15641094E+003  0.15227666E+003  0.42858576E+002  0.83373963E+002  0.83979069E+002  0.66231884E+002  0.67303512E+002  0.13731411E+003  0.13755585E+003  0.86893577E+002
   350.7519  0.15828353E+003  0.15410113E+003  0.43270294E+002  0.84175127E+002  0.84785944E+002  0.67260507E+002  0.68348794E+002  0.13939552E+003  0.13963736E+003  0.87846627E+002
   351.0025  0.16019273E+003  0.15596128E+003  0.43687972E+002  0.84987893E+002  0.85604501E+002  0.68313262E+002  0.69418599E+002  0.14152577E+003  0.14176772E+003  0.88818145E+002
   351.2531  0.16213956E+003  0.15785811E+003  0.44111725E+002  0.85812487E+002  0.86434967E+002  0.69390908E+002  0.70513699E+002  0.14370637E+003  0.14394845E+003  0.89808609E+002
   351.5038  0.16412506E+003  0.15979261E+003  0.44541671E+002  0.86649140E+002  0.87277575E+002  0.70494235E+002  0.71634897E+002  0.14593894E+003  0.14618115E+003  0.90818514E+002
   351.7544  0.16615031E+003  0.16176585E+003  0.44977932E+002  0.87498087E+002  0.88132561E+002  0.71624067E+002  0.72783028E+002  0.14822513E+003  0.14846748E+003  0.91848372E+002
   352.0050  0.16821644E+003  0.16377891E+003  0.45420631E+002  0.88359571E+002  0.89000170E+002  0.72781257E+002  0.73958962E+002  0.15056666E+003  0.15080917E+003  0.92898714E+002
   352.2556  0.17032460E+003  0.16583294E+003  0.45869897E+002  0.89233839E+002  0.89880651E+002  0.73966695E+002  0.75163602E+002  0.15296534E+003  0.15320801E+003  0.93970091E+002
   352.5063  0.17247600E+003  0.16792911E+003  0.46325859E+002  0.90121147E+002  0.90774261E+002  0.75181308E+002  0.76397889E+002  0.15542303E+003  0.15566587E+003  0.95063074E+002
   352.7569  0.17467189E+003  0.17006863E+003  0.46788651E+002  0.91021754E+002  0.91681260E+002  0.76426060E+002  0.77662804E+002  0.15794167E+003  0.15818470E+003  0.96178253E+002
   353.0075  0.17691357E+003  0.17225277E+003  0.47258411E+002  0.91935928E+002  0.92601919E+002  0.77701956E+002  0.78959367E+002  0.16052329E+003  0.16076652E+003  0.97316242E+002
   353.2581  0.17920239E+003  0.17448285E+003  0.47735279E+002  0.92863943E+002  0.93536512E+002  0.79010041E+002  0.80288642E+002  0.16317001E+003  0.16341345E+003  0.98477679E+002
   353.5088  0.18153975E+003  0.17676023E+003  0.48219398E+002  0.93806079E+002  0.94485323E+002  0.80351407E+002  0.81651738E+002  0.16588403E+003  0.16612769E+003  0.99663223E+002
   353.7594  0.18392710E+003  0.17908633E+003  0.48710917E+002  0.94762625E+002  0.95448642E+002  0.81727192E+002  0.83049810E+002  0.16866763E+003  0.16891153E+003  0.10087356E+003
   354.0100  0.18636596E+003  0.18146262E+003  0.49209987E+002  0.95733875E+002  0.96426764E+002  0.83138582E+002  0.84484064E+002  0.17152322E+003  0.17176737E+003  0.10210940E+003
   354.2607  0.18885791E+003  0.18389064E+003  0.49716764E+002  0.96720134E+002  0.97419996E+002  0.84586814E+002  0.85955759E+002  0.17445329E+003  0.17469770E+003  0.10337149E+003
   354.5113  0.19140456E+003  0.18637198E+003  0.50231407E+002  0.97721711E+002  0.98428650E+002  0.86073183E+002  0.87466208E+002  0.17746044E+003  0.17770513E+003  0.10466060E+003
   354.7619  0.19400764E+003  0.18890830E+003  0.50754079E+002  0.98738925E+002  0.99453047E+002  0.87599035E+002  0.89016781E+002  0.18054740E+003  0.18079239E+003  0.10597752E+003
   355.0125  0.19666891E+003  0.19150133E+003  0.51284949E+002  0.99772105E+002  0.10049352E+003  0.89165782E+002  0.90608911E+002  0.18371701E+003  0.18396230E+003  0.10732308E+003
   355.2632  0.19939021E+003  0.19415286E+003  0.51824188E+002  0.10082158E+003  0.10155040E+003  0.90774896E+002  0.92244096E+002  0.18697223E+003  0.18721785E+003  0.10869816E+003
   355.5138  0.20217347E+003  0.19686477E+003  0.52371974E+002  0.10188771E+003  0.10262403E+003  0.92427916E+002  0.93923899E+002  0.19031618E+003  0.19056214E+003  0.11010365E+003
   355.7644  0.20502068E+003  0.19963901E+003  0.52928488E+002  0.10297084E+003  0.10371478E+003  0.94126453E+002  0.95649956E+002  0.19375209E+003  0.19399840E+003  0.11154049E+003
   356.0150  0.20793395E+003  0.20247762E+003  0.53493916E+002  0.10407132E+003  0.10482301E+003  0.95872191E+002  0.97423981E+002  0.19728336E+003  0.19753005E+003  0.11300965E+003
   356.2657  0.21091544E+003  0.20538271E+003  0.54068449E+002  0.10518955E+003  0.10594909E+003  0.97666894E+002  0.99247764E+002  0.20091355E+003  0.20116062E+003  0.11451216E+003
   356.5163  0.21396742E+003  0.20835651E+003  0.54652285E+002  0.10632589E+003  0.10709341E+003  0.99512408E+002  0.10112318E+003  0.20464637E+003  0.20489385E+003  0.11604907E+003
   356.7669  0.21709228E+003  0.21140132E+003  0.55245625E+002  0.10748075E+003  0.10825637E+003  0.10141067E+003  0.10305220E+003  0.20848571E+003  0.20873363E+003  0.11762149E+003
   357.0175  0.22029247E+003  0.21451956E+003  0.55848676E+002  0.10865452E+003  0.10943837E+003  0.10336370E+003  0.10503688E+003  0.21243568E+003  0.21268404E+003  0.11923058E+003
   357.2682  0.22357060E+003  0.21771375E+003  0.56461652E+002  0.10984763E+003  0.11063983E+003  0.10537362E+003  0.10707937E+003  0.21650053E+003  0.21674936E+003  0.12087753E+003
   357.5188  0.22692937E+003  0.22098652E+003  0.57084770E+002  0.11106049E+003  0.11186119E+003  0.10744267E+003  0.10918195E+003  0.22068476E+003  0.22093408E+003  0.12256361E+003
   357.7694  0.23037160E+003  0.22434064E+003  0.57718257E+002  0.11229356E+003  0.11310287E+003  0.10957319E+003  0.11134699E+003  0.22499309E+003  0.22524291E+003  0.12429013E+003
   358.0201  0.23390025E+003  0.22777898E+003  0.58362343E+002  0.11354727E+003  0.11436534E+003  0.11176762E+003  0.11357699E+003  0.22943044E+003  0.22968080E+003  0.12605847E+003
   358.2707  0.23751843E+003  0.23130457E+003  0.59017266E+002  0.11482210E+003  0.11564906E+003  0.11402855E+003  0.11587456E+003  0.23400203E+003  0.23425293E+003  0.12787006E+003
   358.5213  0.24122936E+003  0.23492056E+003  0.59683270E+002  0.11611852E+003  0.11695451E+003  0.11635869E+003  0.11824247E+003  0.23871329E+003  0.23896477E+003  0.12972640E+003
   358.7719  0.24503646E+003  0.23863027E+003  0.60360607E+002  0.11743702E+003  0.11828219E+003  0.11876089E+003  0.12068360E+003  0.24356997E+003  0.24382205E+003  0.13162906E+003
   359.0226  0.24894327E+003  0.24243717E+003  0.61049535E+002  0.11877810E+003  0.11963260E+003  0.12123815E+003  0.12320100E+003  0.24857810E+003  0.24883080E+003  0.13357970E+003
   359.2732  0.25295355E+003  0.24634490E+003  0.61750320E+002  0.12014229E+003  0.12100626E+003  0.12379361E+003  0.12579788E+003  0.25374402E+003  0.25399737E+003  0.13558004E+003
   359.5238  0.25707119E+003  0.25035728E+003  0.62463235E+002  0.12153012E+003  0.12240371E+003  0.12643061E+003  0.12847762E+003  0.25907442E+003  0.25932845E+003  0.13763189E+003
   359.7744  0.26130033E+003  0.25447832E+003  0.63188563E+002  0.12294214E+003  0.12382551E+003  0.12915264E+003  0.13124377E+003  0.26457634E+003  0.26483107E+003  0.13973715E+003
   360.0251  0.26564529E+003  0.25871223E+003  0.63926592E+002  0.12437891E+003  0.12527222E+003  0.13196339E+003  0.13410008E+003  0.27025721E+003  0.27051266E+003  0.14189780E+003
   360.2757  0.27011060E+003  0.26306345E+003  0.64677621E+002  0.12584101E+003  0.12674443E+003  0.13486676E+003  0.13705051E+003  0.27612483E+003  0.27638105E+003  0.14411595E+003
   360.5263  0.27470105E+003  0.26753664E+003  0.65441956E+002  0.12732906E+003  0.12824274E+003  0.13786684E+003  0.14009923E+003  0.28218748E+003  0.28244449E+003  0.14639378E+003
   360.7769  0.27942166E+003  0.27213669E+003  0.66219915E+002  0.12884365E+003  0.12976776E+003  0.14096799E+003  0.14325065E+003  0.28845387E+003  0.28871170E+003  0.14873361E+003
   361.0276  0.28427774E+003  0.27686876E+003  0.67011822E+002  0.13038543E+003  0.13132015E+003  0.14417478E+003  0.14650941E+003  0.29493321E+003  0.29519190E+003  0.15113787E+003
   361.2782  0.28927485E+003  0.28173830E+003  0.67818013E+002  0.13195506E+003  0.13290056E+003  0.14749205E+003  0.14988046E+003  0.30163523E+003  0.30189481E+003  0.15360913E+003
   361.5288  0.29441889E+003  0.28675104E+003  0.68638832E+002  0.13355321E+003  0.13450967E+003  0.15092492E+003  0.15336899E+003  0.30857023E+003  0.30883074E+003  0.15615006E+003
   361.7794  0.29971606E+003  0.29191303E+003  0.69474637E+002  0.13518057E+003  0.13614817E+003  0.15447884E+003  0.15698051E+003  0.31574912E+003  0.31601058E+003  0.15876352E+003
   362.0301  0.30517290E+003  0.29723065E+003  0.70325794E+002  0.13683786E+003  0.13781679E+003  0.15815953E+003  0.16072088E+003  0.32318342E+003  0.32344588E+003  0.16145251E+003
   362.2807  0.31079633E+003  0.30271065E+003  0.71192680E+002  0.13852582E+003  0.13951627E+003  0.16197309E+003  0.16459627E+003  0.33088538E+003  0.33114887E+003  0.16422018E+003
   362.5313  0.31659368E+003  0.30836016E+003  0.72075686E+002  0.14024521E+003  0.14124738E+003  0.16592598E+003  0.16861324E+003  0.33886795E+003  0.33913253E+003  0.16706987E+003
   362.7820  0.32257268E+003  0.31418672E+003  0.72975214E+002  0.14199683E+003  0.14301090E+003  0.17002506E+003  0.17277878E+003  0.34714491E+003  0.34741061E+003  0.17000512E+003
   363.0326  0.32874152E+003  0.32019832E+003  0.73891678E+002  0.14378147E+003  0.14480765E+003  0.17427761E+003  0.17710027E+003  0.35573087E+003  0.35599773E+003  0.17302966E+003
   363.2832  0.33510887E+003  0.32640341E+003  0.74825506E+002  0.14559998E+003  0.14663847E+003  0.17869136E+003  0.18158559E+003  0.36464137E+003  0.36490943E+003  0.17614744E+003
   363.5338  0.34168395E+003  0.33281097E+003  0.75777139E+002  0.14745321E+003  0.14850423E+003  0.18327456E+003  0.18624311E+003  0.37389291E+003  0.37416223E+003  0.17936264E+003
   363.7845  0.34847650E+003  0.33943051E+003  0.76747032E+002  0.14934207E+003  0.15040582E+003  0.18803597E+003  0.19108172E+003  0.38350309E+003  0.38377371E+003  0.18267972E+003
   364.0351  0.35549689E+003  0.34627213E+003  0.77735655E+002  0.15126747E+003  0.15234417E+003  0.19298492E+003  0.19611091E+003  0.39349062E+003  0.39376260E+003  0.18610338E+003
   364.2857  0.36275614E+003  0.35334658E+003  0.78743494E+002  0.15323035E+003  0.15432023E+003  0.19813137E+003  0.20134082E+003  0.40387548E+003  0.40414886E+003  0.18963861E+003
   364.5363  0.37026597E+003  0.36066527E+003  0.79771048E+002  0.15523171E+003  0.15633498E+003  0.20348595E+003  0.20678222E+003  0.41467894E+003  0.41495379E+003  0.19329075E+003
   364.7870  0.37803885E+003  0.36824037E+003  0.80818837E+002  0.15727255E+003  0.15838945E+003  0.20906000E+003  0.21244666E+003  0.42592376E+003  0.42620012E+003  0.19706543E+003
   365.0376  0.38608807E+003  0.37608482E+003  0.81887393E+002  0.15935392E+003  0.16048468E+003  0.21486564E+003  0.21834645E+003  0.43763423E+003  0.43791216E+003  0.20096869E+003
   365.2882  0.39442779E+003  0.38421245E+003  0.82977269E+002  0.16147690E+003  0.16262176E+003  0.22091586E+003  0.22449478E+003  0.44983633E+003  0.45011590E+003  0.20500694E+003
   365.5388  0.40307316E+003  0.39263801E+003  0.84089037E+002  0.16364261E+003  0.16480181E+003  0.22722454E+003  0.23090577E+003  0.46255790E+003  0.46283917E+003  0.20918703E+003
   365.7895  0.41204033E+003  0.40137725E+003  0.85223285E+002  0.16585221E+003  0.16702599E+003  0.23380658E+003  0.23759455E+003  0.47582873E+003  0.47611177E+003  0.21351627E+003
   366.0401  0.42134658E+003  0.41044702E+003  0.86380623E+002  0.16810690E+003  0.16929551E+003  0.24067794E+003  0.24457735E+003  0.48968081E+003  0.48996568E+003  0.21800246E+003
   366.2907  0.43101044E+003  0.41986537E+003  0.87561683E+002  0.17040791E+003  0.17161160E+003  0.24785579E+003  0.25187162E+003  0.50414847E+003  0.50443524E+003  0.22265397E+003
   366.5414  0.44105172E+003  0.42965164E+003  0.88767116E+002  0.17275651E+003  0.17397555E+003  0.25535857E+003  0.25949608E+003  0.51926860E+003  0.51955735E+003  0.22747976E+003
   366.7920  0.45149172E+003  0.43982657E+003  0.89997597E+002  0.17515405E+003  0.17638869E+003  0.26320612E+003  0.26747091E+003  0.53508088E+003  0.53537169E+003  0.23248942E+003
   367.0426  0.46235328E+003  0.45041243E+003  0.91253825E+002  0.17760188E+003  0.17885239E+003  0.27141982E+003  0.27581783E+003  0.55162808E+003  0.55192102E+003  0.23769327E+003
   367.2932  0.47366098E+003  0.46143319E+003  0.92536523E+002  0.18010143E+003  0.18136808E+003  0.28002273E+003  0.28456028E+003  0.56895626E+003  0.56925141E+003  0.24310237E+003
   367.5439  0.48544126E+003  0.47291464E+003  0.93846438E+002  0.18265418E+003  0.18393724E+003  0.28903975E+003  0.29372355E+003  0.58711516E+003  0.58741262E+003  0.24872865E+003
   367.7945  0.49772264E+003  0.48488456E+003  0.95184347E+002  0.18526164E+003  0.18656138E+003  0.29849777E+003  0.30333499E+003  0.60615855E+003  0.60645839E+003  0.25458494E+003
   368.0451  0.51053588E+003  0.49737294E+003  0.96551051E+002  0.18792539E+003  0.18924209E+003  0.30842592E+003  0.31342418E+003  0.62614456E+003  0.62644688E+003  0.26068511E+003
   368.2957  0.52391420E+003  0.51041220E+003  0.97947383E+002  0.19064708E+003  0.19198102E+003  0.31885575E+003  0.32402320E+003  0.64713618E+003  0.64744108E+003  0.26704410E+003
   368.5464  0.53789358E+003  0.52403737E+003  0.99374204E+002  0.19342839E+003  0.19477986E+003  0.32982150E+003  0.33516683E+003  0.66920172E+003  0.66950930E+003  0.27367810E+003
   368.7970  0.55251294E+003  0.53828643E+003  0.10083241E+003  0.19627110E+003  0.19764038E+003  0.34136036E+003  0.34689287E+003  0.69241539E+003  0.69272574E+003  0.28060463E+003
   369.0476  0.56781456E+003  0.55320058E+003  0.10232292E+003  0.19917703E+003  0.20056440E+003  0.35351279E+003  0.35924244E+003  0.71685785E+003  0.71717108E+003  0.28784269E+003
   369.2982  0.58384431E+003  0.56882456E+003  0.10384671E+003  0.20214808E+003  0.20355383E+003  0.36632287E+003  0.37226033E+003  0.74261698E+003  0.74293319E+003  0.29541293E+003
   369.5489  0.60065215E+003  0.58520706E+003  0.10540476E+003  0.20518622E+003  0.20661063E+003  0.37983868E+003  0.38599542E+003  0.76978858E+003  0.77010789E+003  0.30333781E+003
   369.7995  0.61829248E+003  0.60240112E+003  0.10699811E+003  0.20829349E+003  0.20973684E+003  0.39411277E+003  0.40050108E+003  0.79847730E+003  0.79879982E+003  0.31164178E+003
   370.0501  0.63682467E+003  0.62046463E+003  0.10862784E+003  0.21147201E+003  0.21293460E+003  0.40920264E+003  0.41583576E+003  0.82879762E+003  0.82912346E+003  0.32035156E+003
   370.3008  0.65631362E+003  0.63946087E+003  0.11029506E+003  0.21472401E+003  0.21620611E+003  0.42517130E+003  0.43206351E+003  0.86087495E+003  0.86120423E+003  0.32949631E+003
   370.5514  0.67683040E+003  0.65945912E+003  0.11200093E+003  0.21805177E+003  0.21955366E+003  0.44208795E+003  0.44925462E+003  0.89484691E+003  0.89517976E+003  0.33910801E+003
   370.8020  0.69845295E+003  0.68053536E+003  0.11374665E+003  0.22145768E+003  0.22297962E+003  0.46002868E+003  0.46748644E+003  0.93086480E+003  0.93120133E+003  0.34922171E+003
   371.0526  0.72126691E+003  0.70277309E+003  0.11553347E+003  0.22494422E+003  0.22648649E+003  0.47907733E+003  0.48684416E+003  0.96909522E+003  0.96943555E+003  0.35987594E+003
   371.3033  0.74536655E+003  0.72626424E+003  0.11736269E+003  0.22851400E+003  0.23007684E+003  0.49932643E+003  0.50742181E+003  0.10097220E+004  0.10100662E+004  0.37111312E+003
   371.5539  0.77085585E+003  0.75111017E+003  0.11923566E+003  0.23216969E+003  0.23375335E+003  0.52087832E+003  0.52932340E+003  0.10529482E+004  0.10532965E+004  0.38298006E+003
   371.8045  0.79784974E+003  0.77742292E+003  0.12115379E+003  0.23591410E+003  0.23751881E+003  0.54384639E+003  0.55266416E+003  0.10989989E+004  0.10993514E+004  0.39552852E+003
   372.0551  0.82647546E+003  0.80532658E+003  0.12311854E+003  0.23975017E+003  0.24137614E+003  0.56835655E+003  0.57757203E+003  0.11481238E+004  0.11484805E+004  0.40881582E+003
   372.3058  0.85687426E+003  0.83495884E+003  0.12513144E+003  0.24368094E+003  0.24532835E+003  0.59454890E+003  0.60418941E+003  0.12006005E+004  0.12009616E+004  0.42290565E+003
   372.5564  0.88920324E+003  0.86647288E+003  0.12719405E+003  0.24770959E+003  0.24937862E+003  0.62257969E+003  0.63267507E+003  0.12567386E+004  0.12571041E+004  0.43786885E+003
   372.8070  0.92363756E+003  0.90003946E+003  0.12930805E+003  0.25183945E+003  0.25353023E+003  0.65262359E+003  0.66320651E+003  0.13168837E+004  0.13172538E+004  0.45378449E+003
   373.0576  0.96037295E+003  0.93584943E+003  0.13147514E+003  0.25607398E+003  0.25778661E+003  0.68487628E+003  0.69598260E+003  0.13814230E+004  0.13817977E+004  0.47074098E+003
   373.3083  0.99962872E+003  0.97411662E+003  0.13369711E+003  0.26041681E+003  0.26215136E+003  0.71955760E+003  0.73122674E+003  0.14507911E+004  0.14511704E+004  0.48883747E+003
   373.5589  0.10416512E+004  0.10150812E+004  0.13597584E+003  0.26487174E+003  0.26662823E+003  0.75691514E+003  0.76919055E+003  0.15254771E+004  0.15258611E+004  0.50818542E+003
   373.8095  0.10867179E+004  0.10590137E+004  0.13831327E+003  0.26944274E+003  0.27122111E+003  0.79722851E+003  0.81015817E+003  0.16060329E+004  0.16064216E+004  0.52891051E+003
   374.0602  0.11351423E+004  0.11062198E+004  0.14071144E+003  0.27413395E+003  0.27593410E+003  0.84081435E+003  0.85445138E+003  0.16930833E+004  0.16934764E+004  0.55115485E+003
   374.3108  0.11872793E+004  0.11570455E+004  0.14317246E+003  0.27894975E+003  0.28077149E+003  0.88803237E+003  0.90243574E+003  0.17873370E+004  0.17877346E+004  0.57507963E+003
   374.5614  0.12435325E+004  0.12118843E+004  0.14569855E+003  0.28389470E+003  0.28573775E+003  0.93929238E+003  0.95452770E+003  0.18896013E+004  0.18900031E+004  0.60086824E+003
   374.8120  0.13043618E+004  0.12711847E+004  0.14829202E+003  0.28897360E+003  0.29083758E+003  0.99506284E+003  0.10112033E+004  0.20007979E+004  0.20012035E+004  0.62873004E+003
   375.0627  0.13702933E+004  0.13354596E+004  0.15095529E+003  0.29419151E+003  0.29607589E+003  0.10558811E+004  0.10730087E+004  0.21219831E+004  0.21223922E+004  0.65890485E+003
   375.3133  0.14419310E+004  0.14052978E+004  0.15369089E+003  0.29955372E+003  0.30145784E+003  0.11223655E+004  0.11405722E+004  0.22543715E+004  0.22547834E+004  0.69166838E+003
   375.5639  0.15199704E+004  0.14813775E+004  0.15650144E+003  0.30506585E+003  0.30698886E+003  0.11952304E+004  0.12146199E+004  0.23993648E+004  0.23997787E+004  0.72733879E+003
   375.8145  0.16052161E+004  0.15644831E+004  0.15938972E+003  0.31073380E+003  0.31267464E+003  0.12753045E+004  0.12959937E+004  0.25585870E+004  0.25590020E+004  0.76628463E+003
   376.0652  0.16986019E+004  0.16555253E+004  0.16235862E+003  0.31656382E+003  0.31852118E+003  0.13635524E+004  0.13856740E+004  0.27339269E+004  0.27343417E+004  0.80893465E+003
   376.3158  0.18012169E+004  0.17555656E+004  0.16541116E+003  0.32256252E+003  0.32453480E+003  0.14611020E+004  0.14848070E+004  0.29275907E+004  0.29280035E+004  0.85578970E+003
   376.5664  0.19143357E+004  0.18658472E+004  0.16855051E+003  0.32873694E+003  0.33072217E+003  0.15692778E+004  0.15947389E+004  0.31421659E+004  0.31425746E+004  0.90743749E+003
   376.8170  0.20394579E+004  0.19878319E+004  0.17178000E+003  0.33509454E+003  0.33709033E+003  0.16896428E+004  0.17170578E+004  0.33807019E+004  0.33811037E+004  0.96457082E+003
   377.0677  0.21783554E+004  0.21232474E+004  0.17510310E+003  0.34164329E+003  0.34364675E+003  0.18240494E+004  0.18536462E+004  0.36468085E+004  0.36471999E+004  0.10280104E+004
   377.3183  0.23331324E+004  0.22741453E+004  0.17852348E+003  0.34839174E+003  0.35039934E+003  0.19747042E+004  0.20067467E+004  0.39447805E+004  0.39451569E+004  0.10987332E+004
   377.5689  0.25063000E+004  0.24429740E+004  0.18204495E+003  0.35534905E+003  0.35735653E+003  0.21442495E+004  0.21790444E+004  0.42797533E+004  0.42801091E+004  0.11779083E+004
   377.8195  0.27008710E+004  0.26326710E+004  0.18567155E+003  0.36252510E+003  0.36452729E+003  0.23358657E+004  0.23737713E+004  0.46578994E+004  0.46582272E+004  0.12669422E+004
   378.0702  0.29204792E+004  0.28467794E+004  0.18940751E+003  0.36993060E+003  0.37192124E+003  0.25534012E+004  0.25948383E+004  0.50866779E+004  0.50869684E+004  0.13675361E+004
   378.3208  0.31695316E+004  0.30895960E+004  0.19325726E+003  0.37757724E+003  0.37954868E+003  0.28015383E+004  0.28470040E+004  0.55751513E+004  0.55753926E+004  0.14817587E+004
   378.5714  0.34534013E+004  0.33663597E+004  0.19722548E+003  0.38547779E+003  0.38742076E+003  0.30860048E+004  0.31360888E+004  0.61343897E+004  0.61345664E+004  0.16121397E+004
   378.8221  0.37786754E+004  0.36834930E+004  0.20131708E+003  0.39364639E+003  0.39554951E+003  0.34138436E+004  0.34692502E+004  0.67779869E+004  0.67780795E+004  0.17617889E+004
   379.0727  0.41534701E+004  0.40489095E+004  0.20553725E+003  0.40209872E+003  0.40394809E+003  0.37937567E+004  0.38553315E+004  0.75227188E+004  0.75227022E+004  0.19345470E+004
   379.3233  0.45878318E+004  0.44724043E+004  0.20989143E+003  0.41085237E+003  0.41263088E+003  0.42365414E+004  0.43053053E+004  0.83893789E+004  0.83892206E+004  0.21351786E+004
   379.5739  0.50942426E+004  0.49661482E+004  0.21438539E+003  0.41992721E+003  0.42161377E+003  0.47556347E+004  0.48328267E+004  0.94038262E+004  0.94034851E+004  0.23696118E+004
   379.8246  0.56882474E+004  0.55452975E+004  0.21902518E+003  0.42934587E+003  0.43091441E+003  0.53677782E+004  0.54549094E+004  0.10598274E+005  0.10597698E+005  0.26452311E+004
   380.0752  0.63892038E+004  0.62287263E+004  0.22381722E+003  0.43913426E+003  0.44055251E+003  0.60937915E+004  0.61927109E+004  0.12012812E+005  0.12011934E+005  0.29712184E+004
   380.3258  0.72211264E+004  0.70398492E+004  0.22876827E+003  0.44932219E+003  0.45055019E+003  0.69593889E+004  0.70723632E+004  0.13697059E+005  0.13695796E+005  0.33589126E+004
   380.5764  0.82135088E+004  0.80074233E+004  0.23388551E+003  0.45994387E+003  0.46093227E+003  0.79958532E+004  0.81256569E+004  0.15711656E+005  0.15709910E+005  0.38221072E+004
   380.8271  0.94018327E+004  0.91660437E+004  0.23917651E+003  0.47103804E+003  0.47172639E+003  0.92401274E+004  0.93901351E+004  0.18128857E+005  0.18126517E+005  0.43770898E+004
   381.0777  0.10827111E+005  0.10555699E+005  0.24464928E+003  0.48264725E+003  0.48296263E+003  0.10733396E+005  0.10907651E+005  0.21030645E+005  0.21027602E+005  0.50420180E+004
   381.3283  0.12533139E+005  0.12219088E+005  0.25031231E+003  0.49481499E+003  0.49467207E+003  0.12516354E+005  0.12719559E+005  0.24501237E+005  0.24497417E+005  0.58348344E+004
   381.5789  0.14558990E+005  0.14194308E+005  0.25617455E+003  0.50757882E+003  0.50688317E+003  0.14618053E+005  0.14855383E+005  0.28608416E+005  0.28603856E+005  0.67683516E+004
   381.8296  0.16922819E+005  0.16499056E+005  0.26224537E+003  0.52095661E+003  0.51961450E+003  0.17033902E+005  0.17310456E+005  0.33365342E+005  0.33360320E+005  0.78405608E+004
   382.0802  0.19592217E+005  0.19101726E+005  0.26853456E+003  0.53492336E+003  0.53286244E+003  0.19689244E+005  0.20008906E+005  0.38664535E+005  0.38659772E+005  0.90185801E+004
   382.3308  0.22439829E+005  0.21878139E+005  0.27505216E+003  0.54938089E+003  0.54658494E+003  0.22393074E+005  0.22756623E+005  0.44187411E+005  0.44184288E+005  0.10218263E+005
   382.5815  0.25197487E+005  0.24566816E+005  0.28180842E+003  0.56413636E+003  0.56068968E+003  0.24808357E+005  0.25211095E+005  0.49329165E+005  0.49329763E+005  0.11291119E+005
   382.8321  0.27450618E+005  0.26763539E+005  0.28881383E+003  0.57892376E+003  0.57504483E+003  0.26492764E+005  0.26922812E+005  0.53234553E+005  0.53241211E+005  0.12042258E+005
   383.0827  0.28732492E+005  0.28013253E+005  0.29607954E+003  0.59349730E+003  0.58952829E+003  0.27050321E+005  0.27489376E+005  0.55044075E+005  0.55058341E+005  0.12297210E+005
   383.3333  0.28723347E+005  0.28004211E+005  0.30361803E+003  0.60776454E+003  0.60409929E+003  0.26333153E+005  0.26760522E+005  0.54293895E+005  0.54315474E+005  0.11990822E+005
   383.5840  0.27429667E+005  0.26742761E+005  0.31144367E+003  0.62185594E+003  0.61883759E+003  0.24529905E+005  0.24927967E+005  0.51181467E+005  0.51208140E+005  0.11206223E+005
   383.8346  0.25180268E+005  0.24549514E+005  0.31957271E+003  0.63606406E+003  0.63391287E+003  0.22054119E+005  0.22411973E+005  0.46448606E+005  0.46477291E+005  0.10125650E+005
   384.0852  0.22443078E+005  0.21880699E+005  0.32802273E+003  0.65071175E+003  0.64951417E+003  0.19340771E+005  0.19654577E+005  0.40995447E+005  0.41023452E+005  0.89407923E+004
   384.3358  0.19628397E+005  0.19136352E+005  0.33681219E+003  0.66605401E+003  0.66579616E+003  0.16708359E+005  0.16979441E+005  0.35547531E+005  0.35573168E+005  0.77920188E+004
   384.5865  0.16998925E+005  0.16572595E+005  0.34596022E+003  0.68225203E+003  0.68286400E+003  0.14330530E+005  0.14563026E+005  0.30538706E+005  0.30561254E+005  0.67558746E+004
   384.8371  0.14677829E+005  0.14309508E+005  0.35548680E+003  0.69939292E+003  0.70078361E+003  0.12270445E+005  0.12469512E+005  0.26153869E+005  0.26173248E+005  0.58602191E+004
   385.0877  0.12695090E+005  0.12376318E+005  0.36541297E+003  0.71752033E+003  0.71959822E+003  0.10526660E+005  0.10697432E+005  0.22420958E+005  0.22437424E+005  0.51044454E+004
   385.3383  0.11031454E+005  0.10754251E+005  0.37576115E+003  0.73665856E+003  0.73934164E+003  0.90676771E+004  0.92147772E+004  0.19289112E+005  0.19303047E+005  0.44747039E+004
   385.5890  0.96475297E+004  0.94048993E+004  0.38655526E+003  0.75682740E+003  0.76004651E+003  0.78522906E+004  0.79796702E+004  0.16677857E+005  0.16689659E+005  0.39528679E+004
   385.8396  0.84995982E+004  0.82856370E+004  0.39782099E+003  0.77804967E+003  0.78174861E+003  0.68396889E+004  0.69506382E+004  0.14502867E+005  0.14512897E+005  0.35209873E+004
   386.0902  0.75468858E+004  0.73567098E+004  0.40958588E+003  0.80035473E+003  0.80448892E+003  0.59936201E+004  0.60908409E+004  0.12687322E+005  0.12695891E+005  0.31631230E+004
   386.3409  0.67541984E+004  0.65838036E+004  0.42187961E+003  0.82377965E+003  0.82831448E+003  0.52835392E+004  0.53692377E+004  0.11165660E+005  0.11173024E+005  0.28658532E+004
   386.5915  0.60923269E+004  0.59384397E+004  0.43473407E+003  0.84836961E+003  0.85327870E+003  0.46844028E+004  0.47603790E+004  0.98837654E+004  0.98901347E+004  0.26181834E+004
   386.8421  0.55375187E+004  0.53974596E+004  0.44818364E+003  0.87417778E+003  0.87944159E+003  0.41759601E+004  0.42436853E+004  0.87977299E+004  0.88032745E+004  0.24112337E+004
   387.0927  0.50706524E+004  0.49422197E+004  0.46226541E+003  0.90126524E+003  0.90686985E+003  0.37419343E+004  0.38026157E+004  0.78722148E+004  0.78770722E+004  0.22378791E+004
   387.3434  0.46763955E+004  0.45577712E+004  0.47701939E+003  0.92970097E+003  0.93563713E+003  0.33692614E+004  0.34238944E+004  0.70788515E+004  0.70831328E+004  0.20924138E+004
   387.5940  0.43424597E+004  0.42321326E+004  0.49248883E+003  0.95956197E+003  0.96582430E+003  0.30474407E+004  0.30968504E+004  0.63948508E+004  0.63986463E+004  0.19702658E+004
   387.8446  0.40589785E+004  0.39556844E+004  0.50872049E+003  0.99093345E+003  0.99751993E+003  0.27680051E+004  0.28128791E+004  0.58018552E+004  0.58052385E+004  0.18677635E+004
   388.0952  0.38180071E+004  0.37206801E+004  0.52576504E+003  0.10239093E+004  0.10308208E+004  0.25240979E+004  0.25650125E+004  0.52850180E+004  0.52880496E+004  0.17819500E+004
   388.3459  0.36131252E+004  0.35208597E+004  0.54367742E+003  0.10585925E+004  0.10658324E+004  0.23101391E+004  0.23475802E+004  0.48322749E+004  0.48350045E+004  0.17104364E+004
   388.5965  0.34391249E+004  0.33511456E+004  0.56251725E+003  0.10950960E+004  0.11026700E+004  0.21215640E+004  0.21559434E+004  0.44337715E+004  0.44362404E+004  0.16512870E+004
   388.8471  0.32917669E+004  0.32074042E+004  0.58234938E+003  0.11335433E+004  0.11414591E+004  0.19546183E+004  0.19862868E+004  0.40814156E+004  0.40836581E+004  0.16029299E+004
   389.0977  0.31675901E+004  0.30862605E+004  0.60324437E+003  0.11740695E+004  0.11823370E+004  0.18061972E+004  0.18354554E+004  0.37685259E+004  0.37705707E+004  0.15640868E+004
   389.3484  0.30637614E+004  0.29849523E+004  0.62527917E+003  0.12168225E+004  0.12254534E+004  0.16737197E+004  0.17008261E+004  0.34895560E+004  0.34914275E+004  0.15337181E+004
   389.5990  0.29779594E+004  0.29012158E+004  0.64853777E+003  0.12619641E+004  0.12709721E+004  0.15550286E+004  0.15802068E+004  0.32398779E+004  0.32415965E+004  0.15109802E+004
   389.8496  0.29082819E+004  0.28331962E+004  0.67311201E+003  0.13096717E+004  0.13190722E+004  0.14483119E+004  0.14717561E+004  0.30156095E+004  0.30171927E+004  0.14951912E+004
   390.1003  0.28531736E+004  0.27793764E+004  0.69910247E+003  0.13601398E+004  0.13699504E+004  0.13520402E+004  0.13739197E+004  0.28134785E+004  0.28149412E+004  0.14858052E+004
   390.3509  0.28113684E+004  0.27385220E+004  0.72661946E+003  0.14135820E+004  0.14238221E+004  0.12649161E+004  0.12853793E+004  0.26307133E+004  0.26320683E+004  0.14823907E+004
   390.6015  0.27818447E+004  0.27096363E+004  0.75578420E+003  0.14702332E+004  0.14809245E+004  0.11858345E+004  0.12050117E+004  0.24649557E+004  0.24662138E+004  0.14846148E+004
   390.8521  0.27637897E+004  0.26919264E+004  0.78673008E+003  0.15303522E+004  0.15415185E+004  0.11138496E+004  0.11318558E+004  0.23141900E+004  0.23153609E+004  0.14922305E+004
   391.1028  0.27565710E+004  0.26847753E+004  0.81960422E+003  0.15942244E+004  0.16058920E+004  0.10481488E+004  0.10650858E+004  0.21766863E+004  0.21777783E+004  0.15050665E+004
   391.3534  0.27597154E+004  0.26877210E+004  0.85456910E+003  0.16621653E+004  0.16743631E+004  0.98803103E+003  0.10039892E+004  0.20509541E+004  0.20519742E+004  0.15230206E+004
   391.6040  0.27728918E+004  0.27004400E+004  0.89180460E+003  0.17345242E+004  0.17472839E+004  0.93288905E+003  0.94794902E+003  0.19357036E+004  0.19366582E+004  0.15460538E+004
   391.8546  0.27958988E+004  0.27227353E+004  0.93151019E+003  0.18116886E+004  0.18250449E+004  0.88219519E+003  0.89642887E+003  0.18298151E+004  0.18307096E+004  0.15741873E+004
   392.1053  0.28286563E+004  0.27545281E+004  0.97390758E+003  0.18940892E+004  0.19080803E+004  0.83548914E+003  0.84896099E+003  0.17323129E+004  0.17331521E+004  0.16075001E+004
   392.3559  0.28711995E+004  0.27958519E+004  0.10192437E+004  0.19822059E+004  0.19968736E+004  0.79236808E+003  0.80513603E+003  0.16423439E+004  0.16431320E+004  0.16461286E+004
   392.6065  0.29236765E+004  0.28468500E+004  0.10677943E+004  0.20765745E+004  0.20919649E+004  0.75247838E+003  0.76459457E+003  0.15591598E+004  0.15599004E+004  0.16902674E+004
   392.8571  0.29863484E+004  0.29077760E+004  0.11198678E+004  0.21777945E+004  0.21939582E+004  0.71550860E+003  0.72702009E+003  0.14821021E+004  0.14827984E+004  0.17401715E+004
   393.1078  0.30595915E+004  0.29789956E+004  0.11758102E+004  0.22865384E+004  0.23035313E+004  0.68118370E+003  0.69213306E+003  0.14105897E+004  0.14112445E+004  0.17961595E+004
   393.3584  0.31439032E+004  0.30609925E+004  0.12360107E+004  0.24035628E+004  0.24214463E+004  0.64926009E+003  0.65968591E+003  0.13441084E+004  0.13447242E+004  0.18586189E+004
   393.6090  0.32399100E+004  0.31543759E+004  0.13009080E+004  0.25297206E+004  0.25485628E+004  0.61952146E+003  0.62945876E+003  0.12822020E+004  0.12827807E+004  0.19280122E+004
   393.8596  0.33483783E+004  0.32598914E+004  0.13709984E+004  0.26659763E+004  0.26858526E+004  0.59177524E+003  0.60125589E+003  0.12244642E+004  0.12250078E+004  0.20048852E+004
   394.1103  0.34702298E+004  0.33784356E+004  0.14468444E+004  0.28134236E+004  0.28344177E+004  0.56584958E+003  0.57490261E+003  0.11705332E+004  0.11710430E+004  0.20898774E+004
   394.3609  0.36065589E+004  0.35110737E+004  0.15290859E+004  0.29733068E+004  0.29955117E+004  0.54159079E+003  0.55024266E+003  0.11200851E+004  0.11205625E+004  0.21837348E+004
   394.6115  0.37586569E+004  0.36590618E+004  0.16184532E+004  0.31470453E+004  0.31705649E+004  0.51886106E+003  0.52713595E+003  0.10728298E+004  0.10732758E+004  0.22873248E+004
   394.8622  0.39280396E+004  0.38238750E+004  0.17157822E+004  0.33362643E+004  0.33612145E+004  0.49753666E+003  0.50545665E+003  0.10285069E+004  0.10289222E+004  0.24016555E+004
   395.1128  0.41164823E+004  0.40072411E+004  0.18220329E+004  0.35428304E+004  0.35693414E+004  0.47750620E+003  0.48509148E+003  0.98688212E+003  0.98726731E+003  0.25278985E+004
   395.3634  0.43260632E+004  0.42111824E+004  0.19383123E+004  0.37688957E+004  0.37971139E+004  0.45866929E+003  0.46593832E+003  0.94774415E+003  0.94809952E+003  0.26674167E+004
   395.6140  0.45592151E+004  0.44380665E+004  0.20659013E+004  0.40169506E+004  0.40470411E+004  0.44093526E+003  0.44790492E+003  0.91090227E+003  0.91122787E+003  0.28217986E+004
   395.8647  0.48187902E+004  0.46906693E+004  0.22062880E+004  0.42898881E+004  0.43220378E+004  0.42422214E+003  0.43090783E+003  0.87618394E+003  0.87647959E+003  0.29928997E+004
   396.1153  0.51081394E+004  0.49722517E+004  0.23612080E+004  0.45910830E+004  0.46255043E+004  0.40845571E+003  0.41487149E+003  0.84343289E+003  0.84369816E+003  0.31828941E+004
   396.3659  0.54312099E+004  0.52866554E+004  0.25326948E+004  0.49244886E+004  0.49614237E+004  0.39356874E+003  0.39972737E+003  0.81250741E+003  0.81274158E+003  0.33943370E+004
   396.6165  0.57926665E+004  0.56384203E+004  0.27231412E+004  0.52947574E+004  0.53344833E+004  0.37950025E+003  0.38541330E+003  0.78327885E+003  0.78348087E+003  0.36302436E+004
   396.8672  0.61980428E+004  0.60329319E+004  0.29353761E+004  0.57073890E+004  0.57502244E+004  0.36619497E+003  0.37187285E+003  0.75563031E+003  0.75579882E+003  0.38941857E+004
   397.1178  0.66539293E+004  0.64766045E+004  0.31727598E+004  0.61689172E+004  0.62152298E+004  0.35360279E+003  0.35905480E+003  0.72945560E+003  0.72958882E+003  0.41904134E+004
   397.3684  0.71682106E+004  0.69771116E+004  0.34393045E+004  0.66871424E+004  0.67373587E+004  0.34167837E+003  0.34691269E+003  0.70465821E+003  0.70475392E+003  0.45240070E+004
   397.6190  0.77503637E+004  0.75436767E+004  0.37398250E+004  0.72714261E+004  0.73260429E+004  0.33038075E+003  0.33540449E+003  0.68115054E+003  0.68120600E+003  0.49010698E+004
   397.8697  0.84118362E+004  0.81874415E+004  0.40801305E+004  0.79330626E+004  0.79926620E+004  0.31967309E+003  0.32449221E+003  0.65885322E+003  0.65886506E+003  0.53289703E+004
   398.1203  0.91665271E+004  0.89219330E+004  0.44672674E+004  0.86857521E+004  0.87510190E+004  0.30952246E+003  0.31414177E+003  0.63769452E+003  0.63765865E+003  0.58166521E+004
   398.3709  0.10031399E+005  0.97636607E+004  0.49098294E+004  0.95462029E+004  0.96179482E+004  0.29989970E+003  0.30432274E+003  0.61761001E+003  0.61752144E+003  0.63750275E+004
   398.6216  0.11027263E+005  0.10732878E+005  0.54183532E+004  0.10534901E+005  0.10614090E+005  0.29077937E+003  0.29500831E+003  0.59854219E+003  0.59839486E+003  0.70174801E+004
   398.8722  0.12179772E+005  0.11854552E+005  0.60058235E+004  0.11677093E+005  0.11764879E+005  0.28213974E+003  0.28617524E+003  0.58044042E+003  0.58022695E+003  0.77605076E+004
   399.1228  0.13520697E+005  0.13159606E+005  0.66883152E+004  0.13004031E+005  0.13101806E+005  0.27396301E+003  0.27780397E+003  0.56326087E+003  0.56297226E+003  0.86245381E+004
   399.3734  0.15089527E+005  0.14686471E+005  0.74858037E+004  0.14554554E+005  0.14664000E+005  0.26623547E+003  0.26987876E+003  0.54696674E+003  0.54659199E+003  0.96349596E+004
   399.6241  0.16935452E+005  0.16483022E+005  0.84231676E+004  0.16377031E+005  0.16500195E+005  0.25894794E+003  0.26238803E+003  0.53152859E+003  0.53105423E+003  0.10823396E+005
   399.8747  0.19119744E+005  0.18608894E+005  0.95313930E+004  0.18531709E+005  0.18671090E+005  0.25209623E+003  0.25532472E+003  0.51692493E+003  0.51633439E+003  0.12229237E+005
   400.1253  0.21718439E+005  0.21138087E+005  0.10848927E+005  0.21093338E+005  0.21251998E+005  0.24568177E+003  0.24868679E+003  0.50314287E+003  0.50241576E+003  0.13901360E+005
   400.3759  0.24824947E+005  0.24161516E+005  0.12422999E+005  0.24153745E+005  0.24335439E+005  0.23971218E+003  0.24247771E+003  0.49017883E+003  0.48929008E+003  0.15899812E+005
   400.6266  0.28551697E+005  0.27788603E+005  0.14310453E+005  0.27823450E+005  0.28032762E+005  0.23420163E+003  0.23670673E+003  0.47803893E+003  0.47695782E+003  0.18296862E+005
   400.8772  0.33028740E+005  0.32145920E+005  0.16577039E+005  0.32230287E+005  0.32472765E+005  0.22917035E+003  0.23138845E+003  0.46673820E+003  0.46542749E+003  0.21176107E+005
   401.1278  0.38395137E+005  0.37368811E+005  0.19293063E+005  0.37510951E+005  0.37793170E+005  0.22464214E+003  0.22654068E+003  0.45629726E+003  0.45471276E+003  0.24626934E+005
   401.3784  0.44775384E+005  0.43578442E+005  0.22521465E+005  0.43787814E+005  0.44117271E+005  0.22063772E+003  0.22217880E+003  0.44673339E+003  0.44482467E+003  0.28729369E+005
   401.6291  0.52228368E+005  0.50832127E+005  0.26292022E+005  0.51118768E+005  0.51503395E+005  0.21716058E+003  0.21830362E+003  0.43804158E+003  0.43575525E+003  0.33521266E+005
   401.8797  0.60653784E+005  0.59032241E+005  0.30554034E+005  0.59405240E+005  0.59852228E+005  0.21417088E+003  0.21487928E+003  0.43015985E+003  0.42744751E+003  0.38938155E+005
   402.1303  0.69651596E+005  0.67789447E+005  0.35105285E+005  0.68254070E+005  0.68767651E+005  0.21154650E+003  0.21179997E+003  0.42291722E+003  0.41975046E+003  0.44722909E+005
   402.3810  0.78375763E+005  0.76280324E+005  0.39518099E+005  0.76833742E+005  0.77411891E+005  0.20904238E+003  0.20885543E+003  0.41597967E+003  0.41237237E+003  0.50331724E+005
   402.6316  0.85513740E+005  0.83227427E+005  0.43128977E+005  0.83854239E+005  0.84485222E+005  0.20628483E+003  0.20572600E+003  0.40884245E+003  0.40487405E+003  0.54920942E+005
   402.8822  0.89581260E+005  0.87186175E+005  0.45187612E+005  0.87856767E+005  0.88517872E+005  0.20285318E+003  0.20205214E+003  0.40093871E+003  0.39676285E+003  0.57536528E+005
   403.1328  0.89552434E+005  0.87158112E+005  0.45175413E+005  0.87833045E+005  0.88493973E+005  0.19845436E+003  0.19758303E+003  0.39187192E+003  0.38769348E+003  0.57519076E+005
   403.3835  0.85433733E+005  0.83149535E+005  0.43095654E+005  0.83789442E+005  0.84419942E+005  0.19308199E+003  0.19231189E+003  0.38162751E+003  0.37765106E+003  0.54872749E+005
   403.6341  0.78260052E+005  0.76167667E+005  0.39471490E+005  0.76743107E+005  0.77320581E+005  0.18701528E+003  0.18647504E+003  0.37057136E+003  0.36694973E+003  0.50262743E+005
   403.8847  0.69516787E+005  0.67658185E+005  0.35053806E+005  0.68153962E+005  0.68666800E+005  0.18065872E+003  0.18041554E+003  0.35923649E+003  0.35604828E+003  0.44643825E+005
   404.1353  0.60512116E+005  0.58894289E+005  0.30503905E+005  0.59307750E+005  0.59754017E+005  0.17436813E+003  0.17443505E+003  0.34809145E+003  0.34534983E+003  0.38856850E+005
   404.3860  0.52086518E+005  0.50693980E+005  0.26246658E+005  0.51030536E+005  0.51414515E+005  0.16837008E+003  0.16872533E+003  0.33743301E+003  0.33510917E+003  0.33442050E+005
   404.6366  0.44635748E+005  0.43442433E+005  0.22482129E+005  0.43711295E+005  0.44040194E+005  0.16276821E+003  0.16337360E+003  0.32739465E+003  0.32543998E+003  0.28653806E+005
   404.8872  0.38257597E+005  0.37234825E+005  0.19259754E+005  0.37446145E+005  0.37727897E+005  0.15758395E+003  0.15839713E+003  0.31800063E+003  0.31636164E+003  0.24554976E+005
   405.1378  0.32891992E+005  0.32012687E+005  0.16549168E+005  0.32176048E+005  0.32418141E+005  0.15279524E+003  0.15377627E+003  0.30921762E+003  0.30784381E+003  0.21106948E+005
   405.3885  0.28414034E+005  0.27654462E+005  0.14287237E+005  0.27778255E+005  0.27987254E+005  0.14836239E+003  0.14947639E+003  0.30098900E+003  0.29983610E+003  0.18229443E+005
   405.6391  0.24684648E+005  0.24024793E+005  0.12403660E+005  0.24116083E+005  0.24297523E+005  0.14424204E+003  0.14545980E+003  0.29325350E+003  0.29228419E+003  0.15833070E+005
   405.8897  0.21573932E+005  0.20997250E+005  0.10832772E+005  0.21061860E+005  0.21220317E+005  0.14039363E+003  0.14169125E+003  0.28595375E+003  0.28513722E+003  0.13834332E+005
   406.1404  0.18969649E+005  0.18462599E+005  0.95178391E+004  0.18505280E+005  0.18644499E+005  0.13678174E+003  0.13813986E+003  0.27903945E+003  0.27835045E+003  0.12161087E+005
   406.3910  0.16778569E+005  0.16330103E+005  0.84117346E+004  0.16354719E+005  0.16477755E+005  0.13337645E+003  0.13477951E+003  0.27246773E+003  0.27188571E+003  0.10753414E+005
   406.6416  0.14924816E+005  0.14525913E+005  0.74761041E+004  0.14535605E+005  0.14644951E+005  0.13015288E+003  0.13158838E+003  0.26620262E+003  0.26571079E+003  0.95625416E+004
   406.8922  0.13347239E+005  0.12990515E+005  0.66800377E+004  0.12987840E+005  0.13085539E+005  0.12709040E+003  0.12854832E+003  0.26021395E+003  0.25979859E+003  0.85491649E+004
   407.1429  0.11996740E+005  0.11676123E+005  0.59987180E+004  0.11663173E+005  0.11750904E+005  0.12417193E+003  0.12564420E+003  0.25447642E+003  0.25412625E+003  0.76817268E+004
   407.3935  0.10833900E+005  0.10544372E+005  0.54122189E+004  0.10522862E+005  0.10602013E+005  0.12138324E+003  0.12286339E+003  0.24896865E+003  0.24867437E+003  0.69348895E+004
   407.6441  0.98269904E+004  0.95643826E+004  0.49045043E+004  0.95357293E+004  0.96074525E+004  0.11871241E+003  0.12019521E+003  0.24367246E+003  0.24342633E+003  0.62882614E+004
   407.8947  0.89503841E+004  0.87112121E+004  0.44626204E+004  0.86765888E+004  0.87418473E+004  0.11614936E+003  0.11763059E+003  0.23857223E+003  0.23836781E+003  0.57253700E+004
   408.1454  0.81832825E+004  0.79646183E+004  0.40760549E+004  0.79250020E+004  0.79846052E+004  0.11368549E+003  0.11516175E+003  0.23365442E+003  0.23348629E+003  0.52328476E+004
   408.3960  0.75087208E+004  0.73080901E+004  0.37362336E+004  0.72642982E+004  0.73189300E+004  0.11131341E+003  0.11278195E+003  0.22890721E+003  0.22877082E+003  0.47997905E+004
   408.6466  0.69127879E+004  0.67280883E+004  0.34361256E+004  0.66808075E+004  0.67310489E+004  0.10902669E+003  0.11048530E+003  0.22432017E+003  0.22421163E+003  0.44172577E+004
   408.8972  0.63840142E+004  0.62134499E+004  0.31699340E+004  0.61632596E+004  0.62096068E+004  0.10681972E+003  0.10826663E+003  0.21988402E+003  0.21980003E+003  0.40778776E+004
   409.1479  0.59128920E+004  0.57549217E+004  0.29328542E+004  0.57023124E+004  0.57451915E+004  0.10468754E+003  0.10612133E+003  0.21559044E+003  0.21552817E+003  0.37755395E+004
   409.3985  0.54914983E+004  0.53447924E+004  0.27208820E+004  0.52901813E+004  0.53299595E+004  0.10262575E+003  0.10404527E+003  0.21143193E+003  0.21138896E+003  0.35051513E+004
   409.6491  0.51131963E+004  0.49766026E+004  0.25306637E+004  0.49203454E+004  0.49573410E+004  0.10063038E+003  0.10203475E+003  0.20740169E+003  0.20737589E+003  0.32624477E+004
   409.8997  0.47723986E+004  0.46449142E+004  0.23593758E+004  0.45873153E+004  0.46218053E+004  0.98697877E+002  0.10008640E+003  0.20349348E+003  0.20348303E+003  0.30438376E+004
   410.1504  0.44643783E+004  0.43451270E+004  0.22046300E+004  0.42864473E+004  0.43186737E+004  0.96825011E+002  0.98197152E+002  0.19970158E+003  0.19970490E+003  0.28462834E+004
   410.4010  0.41851183E+004  0.40733312E+004  0.20643964E+004  0.40137952E+004  0.40439702E+004  0.95008832E+002  0.96364199E+002  0.19602073E+003  0.19603641E+003  0.26672035E+004
   410.6516  0.39311890E+004  0.38261888E+004  0.19369425E+004  0.37659899E+004  0.37943006E+004  0.93246636E+002  0.94584948E+002  0.19244604E+003  0.19247286E+003  0.25043937E+004
   410.9023  0.36996501E+004  0.36008381E+004  0.18207826E+004  0.35401433E+004  0.35667550E+004  0.91535935E+002  0.92857004E+002  0.18897296E+003  0.18900983E+003  0.23559646E+004
   411.1529  0.34879701E+004  0.33948154E+004  0.17146380E+004  0.33337692E+004  0.33588283E+004  0.89874426E+002  0.91178144E+002  0.18559725E+003  0.18564323E+003  0.22202895E+004
   411.4035  0.32939612E+004  0.32059914E+004  0.16174037E+004  0.31447189E+004  0.31683559E+004  0.88259973E+002  0.89546296E+002  0.18231494E+003  0.18236918E+003  0.20959626E+004
   411.6541  0.31157256E+004  0.30325190E+004  0.15281209E+004  0.29711286E+004  0.29934597E+004  0.86690585E+002  0.87959524E+002  0.17912231E+003  0.17918405E+003  0.19817641E+004
   411.9048  0.29516107E+004  0.28727897E+004  0.14459551E+004  0.28113756E+004  0.28325049E+004  0.85164404E+002  0.86416016E+002  0.17601586E+003  0.17608443E+003  0.18766324E+004
   412.1554  0.28001727E+004  0.27253986E+004  0.13701772E+004  0.26640423E+004  0.26840634E+004  0.83679688E+002  0.84914066E+002  0.17299228E+003  0.17306708E+003  0.17796398E+004
   412.4060  0.26601464E+004  0.25891139E+004  0.13001481E+004  0.25278865E+004  0.25468833E+004  0.82234801E+002  0.83452072E+002  0.17004845E+003  0.17012894E+003  0.16899732E+004
   412.6566  0.25304189E+004  0.24628528E+004  0.12353062E+004  0.24018157E+004  0.24198642E+004  0.80828205E+002  0.82028519E+002  0.16718142E+003  0.16726712E+003  0.16069177E+004
   412.9073  0.24100089E+004  0.23456601E+004  0.11751558E+004  0.22848666E+004  0.23020355E+004  0.79458447E+002  0.80641978E+002  0.16438839E+003  0.16447886E+003  0.15298428E+004
   413.1579  0.22980483E+004  0.22366909E+004  0.11192589E+004  0.21761874E+004  0.21925388E+004  0.78124156E+002  0.79291094E+002  0.16166671E+003  0.16176156E+003  0.14581909E+004
   413.4085  0.21937672E+004  0.21351960E+004  0.10672268E+004  0.20750224E+004  0.20906129E+004  0.76824034E+002  0.77974584E+002  0.15901385E+003  0.15911272E+003  0.13914673E+004
   413.6591  0.20964809E+004  0.20405089E+004  0.10187139E+004  0.19806997E+004  0.19955808E+004  0.75556850E+002  0.76691227E+002  0.15642741E+003  0.15652998E+003  0.13292321E+004
   413.9098  0.20055789E+004  0.19520353E+004  0.97341214E+003  0.18926203E+004  0.19068389E+004  0.74321436E+002  0.75439865E+002  0.15390511E+003  0.15401108E+003  0.12710932E+004
   414.1604  0.19205153E+004  0.18692442E+004  0.93104619E+003  0.18102490E+004  0.18238480E+004  0.73116682E+002  0.74219395E+002  0.15144476E+003  0.15155387E+003  0.12167001E+004
   414.4110  0.18408015E+004  0.17916598E+004  0.89136940E+003  0.17331060E+004  0.17461250E+004  0.71941531E+002  0.73028764E+002  0.14904429E+003  0.14915630E+003  0.11657387E+004
   414.6617  0.17659983E+004  0.17188548E+004  0.85416033E+003  0.16607610E+004  0.16732359E+004  0.70794977E+002  0.71866971E+002  0.14670171E+003  0.14681638E+003  0.11179271E+004
   414.9123  0.16957107E+004  0.16504447E+004  0.81921973E+003  0.15928266E+004  0.16047905E+004  0.69676060E+002  0.70733058E+002  0.14441511E+003  0.14453225E+003  0.10730115E+004
   415.1629  0.16295823E+004  0.15860827E+004  0.78636794E+003  0.15289533E+004  0.15404369E+004  0.68583863E+002  0.69626111E+002  0.14218268E+003  0.14230210E+003  0.10307632E+004
   415.4135  0.15672914E+004  0.15254555E+004  0.75544264E+003  0.14688256E+004  0.14798571E+004  0.67517512E+002  0.68545253E+002  0.14000268E+003  0.14012421E+003  0.99097544E+003
   415.6642  0.15085463E+004  0.14682794E+004  0.72629688E+003  0.14121579E+004  0.14227632E+004  0.66476170E+002  0.67489649E+002  0.13787344E+003  0.13799692E+003  0.95346100E+003
   415.9148  0.14530827E+004  0.14142971E+004  0.69879742E+003  0.13586910E+004  0.13688943E+004  0.65459036E+002  0.66458497E+002  0.13579336E+003  0.13591865E+003  0.91805014E+003
   416.1654  0.14006604E+004  0.13632747E+004  0.67282315E+003  0.13081896E+004  0.13180131E+004  0.64465343E+002  0.65451028E+002  0.13376091E+003  0.13388788E+003  0.88458858E+003
   416.4160  0.13510605E+004  0.13149994E+004  0.64826389E+003  0.12604392E+004  0.12699037E+004  0.63494355E+002  0.64466506E+002  0.13177463E+003  0.13190315E+003  0.85293590E+003
   416.6667  0.13040836E+004  0.12692770E+004  0.62501914E+003  0.12152447E+004  0.12243694E+004  0.62545370E+002  0.63504223E+002  0.12983309E+003  0.12996305E+003  0.82296406E+003
   416.9173  0.12595476E+004  0.12259302E+004  0.60299716E+003  0.11724275E+004  0.11812303E+004  0.61617711E+002  0.62563502E+002  0.12793494E+003  0.12806623E+003  0.79455611E+003
   417.1679  0.12172857E+004  0.11847968E+004  0.58211403E+003  0.11318246E+004  0.11403221E+004  0.60710729E+002  0.61643690E+002  0.12607888E+003  0.12621141E+003  0.76760508E+003
   417.4185  0.11771454E+004  0.11457283E+004  0.56229287E+003  0.10932865E+004  0.11014942E+004  0.59823802E+002  0.60744162E+002  0.12426365E+003  0.12439733E+003  0.74201297E+003
   417.6692  0.11389865E+004  0.11085882E+004  0.54346317E+003  0.10566760E+004  0.10646085E+004  0.58956329E+002  0.59864316E+002  0.12248805E+003  0.12262280E+003  0.71768988E+003
   417.9198  0.11026802E+004  0.10732513E+004  0.52556014E+003  0.10218672E+004  0.10295380E+004  0.58107737E+002  0.59003572E+002  0.12075092E+003  0.12088665E+003  0.69455317E+003
   418.1704  0.10681082E+004  0.10396022E+004  0.50852418E+003  0.98874427E+003  0.99616606E+003  0.57277471E+002  0.58161373E+002  0.11905114E+003  0.11918779E+003  0.67252685E+003
   418.4211  0.10351612E+004  0.10075348E+004  0.49230039E+003  0.95720041E+003  0.96438507E+003  0.56464999E+002  0.57337183E+002  0.11738763E+003  0.11752513E+003  0.65154088E+003
   418.6717  0.10037387E+004  0.97695109E+003  0.47683813E+003  0.92713718E+003  0.93409584E+003  0.55669807E+002  0.56530485E+002  0.11575937E+003  0.11589765E+003  0.63153067E+003
   418.9223  0.97374746E+003  0.94776048E+003  0.46209064E+003  0.89846366E+003  0.90520678E+003  0.54891402E+002  0.55740781E+002  0.11416534E+003  0.11430435E+003  0.61243654E+003
   419.1729  0.94510161E+003  0.91987928E+003  0.44801468E+003  0.87109577E+003  0.87763317E+003  0.54129308E+002  0.54967593E+002  0.11260459E+003  0.11274427E+003  0.59420331E+003
   419.4236  0.91772146E+003  0.89322996E+003  0.43457021E+003  0.84495567E+003  0.85129660E+003  0.53383067E+002  0.54210457E+002  0.11107618E+003  0.11121649E+003  0.57677988E+003
   419.6742  0.89153316E+003  0.86774064E+003  0.42172013E+003  0.81997125E+003  0.82612438E+003  0.52652236E+002  0.53468927E+002  0.10957923E+003  0.10972011E+003  0.56011890E+003
   419.9248  0.86646818E+003  0.84334464E+003  0.40943001E+003  0.79607555E+003  0.80204908E+003  0.51936388E+002  0.52742574E+002  0.10811286E+003  0.10825428E+003  0.54417641E+003
   420.1754  0.84246284E+003  0.81997997E+003  0.39766789E+003  0.77320643E+003  0.77900807E+003  0.51235113E+002  0.52030982E+002  0.10667625E+003  0.10681816E+003  0.52891159E+003
   420.4261  0.81945792E+003  0.79758900E+003  0.38640403E+003  0.75130606E+003  0.75694311E+003  0.50548014E+002  0.51333750E+002  0.10526858E+003  0.10541094E+003  0.51428645E+003
   420.6767  0.79739829E+003  0.77611806E+003  0.37561076E+003  0.73032064E+003  0.73579998E+003  0.49874706E+002  0.50650492E+002  0.10388908E+003  0.10403186E+003  0.50026566E+003
   420.9273  0.77623257E+003  0.75551715E+003  0.36526229E+003  0.71020005E+003  0.71552817E+003  0.49214820E+002  0.49980832E+002  0.10253699E+003  0.10268016E+003  0.48681626E+003
   421.1779  0.75591281E+003  0.73573961E+003  0.35533458E+003  0.69089753E+003  0.69608059E+003  0.48567998E+002  0.49324411E+002  0.10121160E+003  0.10135511E+003  0.47390754E+003
   421.4286  0.73639425E+003  0.71674188E+003  0.34580517E+003  0.67236943E+003  0.67741326E+003  0.47933895E+002  0.48680879E+002  0.99912188E+002  0.10005603E+003  0.46151079E+003
   421.6792  0.71763507E+003  0.69848323E+003  0.33665310E+003  0.65457498E+003  0.65948509E+003  0.47312176E+002  0.48049897E+002  0.98638085E+002  0.98782217E+002  0.44959922E+003
   421.9298  0.69959613E+003  0.68092558E+003  0.32785875E+003  0.63747604E+003  0.64225767E+003  0.46702518E+002  0.47431141E+002  0.97388631E+002  0.97533031E+002  0.43814774E+003
   422.1805  0.68224078E+003  0.66403327E+003  0.31940376E+003  0.62103691E+003  0.62569502E+003  0.46104610E+002  0.46824293E+002  0.96163191E+002  0.96307834E+002  0.42713287E+003
   422.4311  0.66553469E+003  0.64777289E+003  0.31127094E+003  0.60522416E+003  0.60976345E+003  0.45518148E+002  0.46229050E+002  0.94961150E+002  0.95106013E+002  0.41653263E+003
   422.6817  0.64944567E+003  0.63211308E+003  0.30344415E+003  0.59000644E+003  0.59443139E+003  0.44942842E+002  0.45645114E+002  0.93781912E+002  0.93926973E+002  0.40632636E+003
   422.9323  0.63394348E+003  0.61702444E+003  0.29590826E+003  0.57535431E+003  0.57966917E+003  0.44378406E+002  0.45072200E+002  0.92624901E+002  0.92770139E+002  0.39649473E+003
   423.1830  0.61899973E+003  0.60247933E+003  0.28864907E+003  0.56124016E+003  0.56544898E+003  0.43824569E+002  0.44510030E+002  0.91489559E+002  0.91634955E+002  0.38701954E+003
   423.4336  0.60458774E+003  0.58845177E+003  0.28165322E+003  0.54763803E+003  0.55174465E+003  0.43281064E+002  0.43958337E+002  0.90375345E+002  0.90520881E+002  0.37788369E+003
   423.6842  0.59068238E+003  0.57491732E+003  0.27490815E+003  0.53452348E+003  0.53853158E+003  0.42747635E+002  0.43416860E+002  0.89281736E+002  0.89427394E+002  0.36907111E+003
   423.9348  0.57726002E+003  0.56185296E+003  0.26840204E+003  0.52187354E+003  0.52578661E+003  0.42224032E+002  0.42885348E+002  0.88208223E+002  0.88353988E+002  0.36056666E+003
   424.1855  0.56429837E+003  0.54923702E+003  0.26212376E+003  0.50966656E+003  0.51348792E+003  0.41710015E+002  0.42363557E+002  0.87154315E+002  0.87300172E+002  0.35235608E+003
   424.4361  0.55177645E+003  0.53704906E+003  0.25606280E+003  0.49788213E+003  0.50161497E+003  0.41205350E+002  0.41851249E+002  0.86119536E+002  0.86265469E+002  0.34442592E+003
   424.6867  0.53967442E+003  0.52526979E+003  0.25020928E+003  0.48650101E+003  0.49014836E+003  0.40709810E+002  0.41348196E+002  0.85103423E+002  0.85249419E+002  0.33676350E+003
   424.9373  0.52797359E+003  0.51388100E+003  0.24455385E+003  0.47550504E+003  0.47906980E+003  0.40223175E+002  0.40854175E+002  0.84105527E+002  0.84251574E+002  0.32935685E+003
   425.1880  0.51665627E+003  0.50286549E+003  0.23908769E+003  0.46487707E+003  0.46836199E+003  0.39745233E+002  0.40368970E+002  0.83125415E+002  0.83271500E+002  0.32219465E+003
   425.4386  0.50570577E+003  0.49220699E+003  0.23380246E+003  0.45460087E+003  0.45800860E+003  0.39275777E+002  0.39892372E+002  0.82162663E+002  0.82308775E+002  0.31526622E+003
   425.6892  0.49510626E+003  0.48189013E+003  0.22869027E+003  0.44466112E+003  0.44799420E+003  0.38814606E+002  0.39424179E+002  0.81216862E+002  0.81362990E+002  0.30856145E+003
   425.9398  0.48484280E+003  0.47190034E+003  0.22374367E+003  0.43504332E+003  0.43830416E+003  0.38361525E+002  0.38964192E+002  0.80287616E+002  0.80433750E+002  0.30207075E+003
   426.1905  0.47490121E+003  0.46222382E+003  0.21895559E+003  0.42573373E+003  0.42892466E+003  0.37916347E+002  0.38512221E+002  0.79374539E+002  0.79520668E+002  0.29578508E+003
   426.4411  0.46526806E+003  0.45284752E+003  0.21431933E+003  0.41671935E+003  0.41984257E+003  0.37478887E+002  0.38068080E+002  0.78477255E+002  0.78623372E+002  0.28969584E+003
   426.6917  0.45593063E+003  0.44375904E+003  0.20982857E+003  0.40798784E+003  0.41104549E+003  0.37048967E+002  0.37631589E+002  0.77595402E+002  0.77741497E+002  0.28379489E+003
   426.9424  0.44687683E+003  0.43494661E+003  0.20547728E+003  0.39952750E+003  0.40252161E+003  0.36626414E+002  0.37202572E+002  0.76728626E+002  0.76874691E+002  0.27807451E+003
   427.1930  0.43809520E+003  0.42639909E+003  0.20125976E+003  0.39132724E+003  0.39425978E+003  0.36211062E+002  0.36780859E+002  0.75876584E+002  0.76022611E+002  0.27252736E+003
   427.4436  0.42957484E+003  0.41810588E+003  0.19717058E+003  0.38337653E+003  0.38624936E+003  0.35802745E+002  0.36366286E+002  0.75038943E+002  0.75184925E+002  0.26714650E+003
   427.6942  0.42130541E+003  0.41005689E+003  0.19320459E+003  0.37566534E+003  0.37848027E+003  0.35401307E+002  0.35958690E+002  0.74215378E+002  0.74361308E+002  0.26192529E+003
   427.9449  0.41327707E+003  0.40224256E+003  0.18935692E+003  0.36818418E+003  0.37094293E+003  0.35006592E+002  0.35557917E+002  0.73405575E+002  0.73551446E+002  0.25685746E+003
   428.1955  0.40548045E+003  0.39465376E+003  0.18562289E+003  0.36092399E+003  0.36362823E+003  0.34618452E+002  0.35163815E+002  0.72609229E+002  0.72755034E+002  0.25193703E+003
   428.4461  0.39790665E+003  0.38728184E+003  0.18199809E+003  0.35387617E+003  0.35652749E+003  0.34236739E+002  0.34776235E+002  0.71826040E+002  0.71971775E+002  0.24715829E+003
   428.6967  0.39054719E+003  0.38011854E+003  0.17847830E+003  0.34703252E+003  0.34963246E+003  0.33861314E+002  0.34395035E+002  0.71055720E+002  0.71201378E+002  0.24251584E+003
   428.9474  0.38339398E+003  0.37315598E+003  0.17505951E+003  0.34038525E+003  0.34293528E+003  0.33492039E+002  0.34020075E+002  0.70297987E+002  0.70443564E+002  0.23800450E+003
   429.1980  0.37643932E+003  0.36638668E+003  0.17173790E+003  0.33392692E+003  0.33642846E+003  0.33128778E+002  0.33651219E+002  0.69552568E+002  0.69698058E+002  0.23361937E+003
   429.4486  0.36967588E+003  0.35980349E+003  0.16850982E+003  0.32765044E+003  0.33010486E+003  0.32771403E+002  0.33288335E+002  0.68819196E+002  0.68964595E+002  0.22935575E+003
   429.6992  0.36309663E+003  0.35339958E+003  0.16537180E+003  0.32154907E+003  0.32395769E+003  0.32419786E+002  0.32931295E+002  0.68097613E+002  0.68242915E+002  0.22520918E+003
   429.9499  0.35669489E+003  0.34716845E+003  0.16232052E+003  0.31561635E+003  0.31798043E+003  0.32073804E+002  0.32579974E+002  0.67387565E+002  0.67532767E+002  0.22117537E+003
   430.2005  0.35046429E+003  0.34110388E+003  0.15935283E+003  0.30984614E+003  0.31216690E+003  0.31733337E+002  0.32234249E+002  0.66688808E+002  0.66833905E+002  0.21725025E+003
   430.4511  0.34439872E+003  0.33519994E+003  0.15646568E+003  0.30423255E+003  0.30651118E+003  0.31398269E+002  0.31894003E+002  0.66001102E+002  0.66146091E+002  0.21342994E+003
   430.7018  0.33849234E+003  0.32945095E+003  0.15365622E+003  0.29876999E+003  0.30100761E+003  0.31068485E+002  0.31559121E+002  0.65324215E+002  0.65469092E+002  0.20971071E+003
   430.9524  0.33273960E+003  0.32385149E+003  0.15092166E+003  0.29345307E+003  0.29565078E+003  0.30743874E+002  0.31229489E+002  0.64657920E+002  0.64802681E+002  0.20608901E+003
   431.2030  0.32713516E+003  0.31839638E+003  0.14825938E+003  0.28827669E+003  0.29043554E+003  0.30424330E+002  0.30904999E+002  0.64001996E+002  0.64146639E+002  0.20256143E+003
   431.4536  0.32167391E+003  0.31308065E+003  0.14566686E+003  0.28323592E+003  0.28535695E+003  0.30109746E+002  0.30585543E+002  0.63356230E+002  0.63500751E+002  0.19912473E+003
   431.7043  0.31635099E+003  0.30789954E+003  0.14314167E+003  0.27832609E+003  0.28041026E+003  0.29800021E+002  0.30271019E+002  0.62720410E+002  0.62864807E+002  0.19577579E+003
   431.9549  0.31116171E+003  0.30284852E+003  0.14068152E+003  0.27354270E+003  0.27559097E+003  0.29495054E+002  0.29961325E+002  0.62094334E+002  0.62238603E+002  0.19251164E+003
   432.2055  0.30610160E+003  0.29792322E+003  0.13828418E+003  0.26888145E+003  0.27089474E+003  0.29194749E+002  0.29656363E+002  0.61477803E+002  0.61621942E+002  0.18932941E+003
   432.4561  0.30116637E+003  0.29311947E+003  0.13594755E+003  0.26433822E+003  0.26631741E+003  0.28899011E+002  0.29356036E+002  0.60870622E+002  0.61014628E+002  0.18622637E+003
   432.7068  0.29635190E+003  0.28843326E+003  0.13366959E+003  0.25990907E+003  0.26185502E+003  0.28607748E+002  0.29060251E+002  0.60272603E+002  0.60416475E+002  0.18319990E+003
   432.9574  0.29165426E+003  0.28386076E+003  0.13144835E+003  0.25559020E+003  0.25750375E+003  0.28320869E+002  0.28768917E+002  0.59683563E+002  0.59827297E+002  0.18024748E+003
   433.2080  0.28706965E+003  0.27939828E+003  0.12928197E+003  0.25137800E+003  0.25325993E+003  0.28038287E+002  0.28481945E+002  0.59103320E+002  0.59246915E+002  0.17736671E+003
   433.4586  0.28259446E+003  0.27504230E+003  0.12716866E+003  0.24726898E+003  0.24912008E+003  0.27759917E+002  0.28199248E+002  0.58531702E+002  0.58675155E+002  0.17455528E+003
   433.7093  0.27822518E+003  0.27078941E+003  0.12510669E+003  0.24325980E+003  0.24508082E+003  0.27485675E+002  0.27920741E+002  0.57968536E+002  0.58111846E+002  0.17181095E+003
   433.9599  0.27395848E+003  0.26663635E+003  0.12309444E+003  0.23934726E+003  0.24113892E+003  0.27215480E+002  0.27646342E+002  0.57413656E+002  0.57556821E+002  0.16913161E+003
   434.2105  0.26979114E+003  0.26258001E+003  0.12113030E+003  0.23552828E+003  0.23729128E+003  0.26949252E+002  0.27375970E+002  0.56866901E+002  0.57009919E+002  0.16651519E+003
   434.4612  0.26572007E+003  0.25861738E+003  0.11921275E+003  0.23179989E+003  0.23353492E+003  0.26686914E+002  0.27109548E+002  0.56328111E+002  0.56470981E+002  0.16395974E+003
   434.7118  0.26174230E+003  0.25474555E+003  0.11734035E+003  0.22815927E+003  0.22986698E+003  0.26428390E+002  0.26846997E+002  0.55797133E+002  0.55939852E+002  0.16146337E+003
   434.9624  0.25785498E+003  0.25096176E+003  0.11551168E+003  0.22460368E+003  0.22628472E+003  0.26173608E+002  0.26588245E+002  0.55273814E+002  0.55416383E+002  0.15902424E+003
   435.2130  0.25405535E+003  0.24726333E+003  0.11372539E+003  0.22113049E+003  0.22278547E+003  0.25922494E+002  0.26333217E+002  0.54758009E+002  0.54900425E+002  0.15664063E+003
   435.4637  0.25034079E+003  0.24364769E+003  0.11198018E+003  0.21773718E+003  0.21936671E+003  0.25674979E+002  0.26081842E+002  0.54249573E+002  0.54391835E+002  0.15431084E+003
   435.7143  0.24670873E+003  0.24011236E+003  0.11027481E+003  0.21442133E+003  0.21602597E+003  0.25430995E+002  0.25834051E+002  0.53748366E+002  0.53890473E+002  0.15203326E+003
   435.9649  0.24315674E+003  0.23665496E+003  0.10860806E+003  0.21118058E+003  0.21276092E+003  0.25190473E+002  0.25589777E+002  0.53254252E+002  0.53396202E+002  0.14980632E+003
   436.2155  0.23968246E+003  0.23327320E+003  0.10697880E+003  0.20801270E+003  0.20956927E+003  0.24953350E+002  0.25348952E+002  0.52767096E+002  0.52908889E+002  0.14762854E+003
   436.4662  0.23628361E+003  0.22996486E+003  0.10538589E+003  0.20491552E+003  0.20644886E+003  0.24719561E+002  0.25111512E+002  0.52286769E+002  0.52428403E+002  0.14549846E+003
   436.7168  0.23295801E+003  0.22672782E+003  0.10382828E+003  0.20188695E+003  0.20339756E+003  0.24489044E+002  0.24877394E+002  0.51813141E+002  0.51954617E+002  0.14341469E+003
   436.9674  0.22970355E+003  0.22356002E+003  0.10230491E+003  0.19892497E+003  0.20041337E+003  0.24261738E+002  0.24646537E+002  0.51346090E+002  0.51487406E+002  0.14137590E+003
   437.2180  0.22651820E+003  0.22045948E+003  0.10081481E+003  0.19602766E+003  0.19749433E+003  0.24037583E+002  0.24418879E+002  0.50885494E+002  0.51026648E+002  0.13938078E+003
   437.4687  0.22339998E+003  0.21742430E+003  0.99356997E+002  0.19319315E+003  0.19463856E+003  0.23816523E+002  0.24194362E+002  0.50431233E+002  0.50572225E+002  0.13742809E+003
   437.7193  0.22034703E+003  0.21445263E+003  0.97930558E+002  0.19041963E+003  0.19184424E+003  0.23598499E+002  0.23972928E+002  0.49983191E+002  0.50124021E+002  0.13551664E+003
   437.9699  0.21735750E+003  0.21154270E+003  0.96534598E+002  0.18770537E+003  0.18910962E+003  0.23383457E+002  0.23754522E+002  0.49541255E+002  0.49681922E+002  0.13364525E+003
   438.2206  0.21442964E+003  0.20869279E+003  0.95168254E+002  0.18504870E+003  0.18643302E+003  0.23171342E+002  0.23539088E+002  0.49105315E+002  0.49245818E+002  0.13181282E+003
   438.4712  0.21156174E+003  0.20590125E+003  0.93830695E+002  0.18244799E+003  0.18381281E+003  0.22962102E+002  0.23326572E+002  0.48675261E+002  0.48815600E+002  0.13001826E+003
   438.7218  0.20875217E+003  0.20316648E+003  0.92521119E+002  0.17990169E+003  0.18124742E+003  0.22755685E+002  0.23116923E+002  0.48250988E+002  0.48391162E+002  0.12826052E+003
   438.9724  0.20599934E+003  0.20048694E+003  0.91238750E+002  0.17740829E+003  0.17873532E+003  0.22552039E+002  0.22910088E+002  0.47832393E+002  0.47972401E+002  0.12653861E+003
   439.2231  0.20330172E+003  0.19786113E+003  0.89982842E+002  0.17496634E+003  0.17627506E+003  0.22351116E+002  0.22706017E+002  0.47419373E+002  0.47559215E+002  0.12485154E+003
   439.4737  0.20065783E+003  0.19528763E+003  0.88752672E+002  0.17257443E+003  0.17386521E+003  0.22152868E+002  0.22504662E+002  0.47011830E+002  0.47151506E+002  0.12319838E+003
   439.7243  0.19806623E+003  0.19276502E+003  0.87547541E+002  0.17023121E+003  0.17150442E+003  0.21957246E+002  0.22305974E+002  0.46609668E+002  0.46749177E+002  0.12157822E+003
   439.9749  0.19552555E+003  0.19029198E+003  0.86366775E+002  0.16793536E+003  0.16919135E+003  0.21764205E+002  0.22109906E+002  0.46212791E+002  0.46352133E+002  0.11999018E+003
   440.2256  0.19303444E+003  0.18786719E+003  0.85209722E+002  0.16568562E+003  0.16692474E+003  0.21573700E+002  0.21916413E+002  0.45821107E+002  0.45960282E+002  0.11843342E+003
   440.4762  0.19059162E+003  0.18548939E+003  0.84075751E+002  0.16348075E+003  0.16470334E+003  0.21385686E+002  0.21725450E+002  0.45434525E+002  0.45573532E+002  0.11690711E+003
   440.7268  0.18819584E+003  0.18315738E+003  0.82964254E+002  0.16131958E+003  0.16252597E+003  0.21200120E+002  0.21536973E+002  0.45052957E+002  0.45191796E+002  0.11541045E+003
   440.9774  0.18584587E+003  0.18086997E+003  0.81874640E+002  0.15920097E+003  0.16039147E+003  0.21016960E+002  0.21350938E+002  0.44676316E+002  0.44814987E+002  0.11394269E+003
   441.2281  0.18354055E+003  0.17862602E+003  0.80806339E+002  0.15712379E+003  0.15829871E+003  0.20836164E+002  0.21167304E+002  0.44304518E+002  0.44443020E+002  0.11250307E+003
   441.4787  0.18127875E+003  0.17642442E+003  0.79758800E+002  0.15508697E+003  0.15624663E+003  0.20657691E+002  0.20986029E+002  0.43937478E+002  0.44075812E+002  0.11109088E+003
   441.7293  0.17905937E+003  0.17426411E+003  0.78731487E+002  0.15308949E+003  0.15423417E+003  0.20481503E+002  0.20807074E+002  0.43575117E+002  0.43713282E+002  0.10970543E+003
   441.9799  0.17688134E+003  0.17214405E+003  0.77723885E+002  0.15113033E+003  0.15226032E+003  0.20307560E+002  0.20630398E+002  0.43217354E+002  0.43355350E+002  0.10834602E+003
   442.2306  0.17474364E+003  0.17006324E+003  0.76735491E+002  0.14920851E+003  0.15032410E+003  0.20135824E+002  0.20455964E+002  0.42864112E+002  0.43001939E+002  0.10701202E+003
   442.4812  0.17264525E+003  0.16802071E+003  0.75765822E+002  0.14732311E+003  0.14842456E+003  0.19966258E+002  0.20283734E+002  0.42515314E+002  0.42652972E+002  0.10570279E+003
   442.7318  0.17058523E+003  0.16601551E+003  0.74814407E+002  0.14547319E+003  0.14656078E+003  0.19798826E+002  0.20113670E+002  0.42170886E+002  0.42308375E+002  0.10441772E+003
   442.9825  0.16856262E+003  0.16404674E+003  0.73880792E+002  0.14365789E+003  0.14473187E+003  0.19633491E+002  0.19945736E+002  0.41830755E+002  0.41968075E+002  0.10315621E+003
   443.2331  0.16657653E+003  0.16211350E+003  0.72964535E+002  0.14187633E+003  0.14293696E+003  0.19470220E+002  0.19779897E+002  0.41494850E+002  0.41632000E+002  0.10191768E+003
   443.4837  0.16462606E+003  0.16021495E+003  0.72065209E+002  0.14012770E+003  0.14117522E+003  0.19308977E+002  0.19616118E+002  0.41163100E+002  0.41300080E+002  0.10070159E+003
   443.7343  0.16271037E+003  0.15835024E+003  0.71182400E+002  0.13841118E+003  0.13944583E+003  0.19149730E+002  0.19454366E+002  0.40835436E+002  0.40972247E+002  0.99507377E+002
   443.9850  0.16082862E+003  0.15651857E+003  0.70315706E+002  0.13672599E+003  0.13774802E+003  0.18992445E+002  0.19294606E+002  0.40511793E+002  0.40648434E+002  0.98334528E+002
   444.2356  0.15898001E+003  0.15471915E+003  0.69464737E+002  0.13507138E+003  0.13608100E+003  0.18837090E+002  0.19136807E+002  0.40192103E+002  0.40328575E+002  0.97182531E+002
   444.4862  0.15716376E+003  0.15295124E+003  0.68629115E+002  0.13344660E+003  0.13444405E+003  0.18683635E+002  0.18980936E+002  0.39876302E+002  0.40012605E+002  0.96050892E+002
   444.7368  0.15537911E+003  0.15121408E+003  0.67808474E+002  0.13185096E+003  0.13283645E+003  0.18532047E+002  0.18826962E+002  0.39564328E+002  0.39700462E+002  0.94939131E+002
   444.9875  0.15362533E+003  0.14950697E+003  0.67002458E+002  0.13028375E+003  0.13125750E+003  0.18382297E+002  0.18674854E+002  0.39256118E+002  0.39392083E+002  0.93846782E+002
   445.2381  0.15190170E+003  0.14782921E+003  0.66210721E+002  0.12874431E+003  0.12970652E+003  0.18234356E+002  0.18524583E+002  0.38951613E+002  0.39087408E+002  0.92773394E+002
   445.4887  0.15020752E+003  0.14618012E+003  0.65432928E+002  0.12723197E+003  0.12818285E+003  0.18088193E+002  0.18376118E+002  0.38650751E+002  0.38786377E+002  0.91718527E+002
   445.7393  0.14854214E+003  0.14455905E+003  0.64668755E+002  0.12574612E+003  0.12668587E+003  0.17943782E+002  0.18229432E+002  0.38353476E+002  0.38488933E+002  0.90681756E+002
   445.9900  0.14690488E+003  0.14296536E+003  0.63917885E+002  0.12428614E+003  0.12521494E+003  0.17801093E+002  0.18084495E+002  0.38059730E+002  0.38195018E+002  0.89662666E+002
   446.2406  0.14529512E+003  0.14139843E+003  0.63180011E+002  0.12285142E+003  0.12376947E+003  0.17660100E+002  0.17941280E+002  0.37769457E+002  0.37904576E+002  0.88660856E+002
   446.4912  0.14371223E+003  0.13985766E+003  0.62454835E+002  0.12144139E+003  0.12234888E+003  0.17520776E+002  0.17799760E+002  0.37482602E+002  0.37617553E+002  0.87675936E+002
   446.7419  0.14215562E+003  0.13834247E+003  0.61742068E+002  0.12005549E+003  0.12095260E+003  0.17383095E+002  0.17659908E+002  0.37199113E+002  0.37333895E+002  0.86707525E+002
   446.9925  0.14062470E+003  0.13685229E+003  0.61041428E+002  0.11869317E+003  0.11958007E+003  0.17247030E+002  0.17521698E+002  0.36918935E+002  0.37053549E+002  0.85755254E+002
   447.2431  0.13911891E+003  0.13538657E+003  0.60352641E+002  0.11735390E+003  0.11823076E+003  0.17112557E+002  0.17385104E+002  0.36642018E+002  0.36776464E+002  0.84818766E+002
   447.4937  0.13763769E+003  0.13394476E+003  0.59675443E+002  0.11603715E+003  0.11690416E+003  0.16979651E+002  0.17250102E+002  0.36368310E+002  0.36502588E+002  0.83897712E+002
   447.7444  0.13618051E+003  0.13252635E+003  0.59009575E+002  0.11474244E+003  0.11559975E+003  0.16848288E+002  0.17116667E+002  0.36097762E+002  0.36231872E+002  0.82991752E+002
   447.9950  0.13474685E+003  0.13113083E+003  0.58354785E+002  0.11346927E+003  0.11431704E+003  0.16718444E+002  0.16984774E+002  0.35830326E+002  0.35964269E+002  0.82100557E+002
   448.2456  0.13333619E+003  0.12975771E+003  0.57710829E+002  0.11221716E+003  0.11305555E+003  0.16590095E+002  0.16854400E+002  0.35565953E+002  0.35699728E+002  0.81223806E+002
   448.4962  0.13194805E+003  0.12840650E+003  0.57077470E+002  0.11098566E+003  0.11181482E+003  0.16463219E+002  0.16725521E+002  0.35304597E+002  0.35438205E+002  0.80361188E+002
   448.7469  0.13058193E+003  0.12707673E+003  0.56454476E+002  0.10977431E+003  0.11059440E+003  0.16337793E+002  0.16598115E+002  0.35046212E+002  0.35179653E+002  0.79512399E+002
   448.9975  0.12923739E+003  0.12576796E+003  0.55841623E+002  0.10858268E+003  0.10939384E+003  0.16213795E+002  0.16472160E+002  0.34790752E+002  0.34924026E+002  0.78677143E+002
   449.2481  0.12791395E+003  0.12447973E+003  0.55238691E+002  0.10741033E+003  0.10821272E+003  0.16091203E+002  0.16347633E+002  0.34538174E+002  0.34671281E+002  0.77855135E+002
   449.4987  0.12661117E+003  0.12321162E+003  0.54645469E+002  0.10625687E+003  0.10705062E+003  0.15969997E+002  0.16224514E+002  0.34288434E+002  0.34421374E+002  0.77046093E+002
   449.7494  0.12532864E+003  0.12196320E+003  0.54061748E+002  0.10512188E+003  0.10590714E+003  0.15850156E+002  0.16102780E+002  0.34041489E+002  0.34174263E+002  0.76249746E+002
   450.0000  0.12406591E+003  0.12073407E+003  0.53487328E+002  0.10400498E+003  0.10478187E+003  0.15731659E+002  0.15982411E+002  0.33797298E+002  0.33929906E+002  0.75465828E+002
