#Raman spectra
#Laser energy   1.95 eV
#Raman shift (cm-1), Raman Spectra (XX,YY,ZZ,s+s+,s-s-,XY,YX,s+s-,s-s+,nonpol)
   350.0000  0.83007737E+002  0.83249611E+002  0.56483990E+002  0.64644571E+002  0.64641347E+002  0.14325652E+002  0.14601050E+002  0.32869753E+002  0.33028378E+002  0.69184046E+002
   350.2506  0.83838608E+002  0.84084157E+002  0.57021443E+002  0.65259726E+002  0.65256422E+002  0.14544754E+002  0.14824346E+002  0.33308642E+002  0.33467074E+002  0.69805918E+002
   350.5013  0.84683419E+002  0.84932696E+002  0.57566600E+002  0.65883700E+002  0.65880316E+002  0.14768917E+002  0.15052799E+002  0.33757787E+002  0.33916028E+002  0.70438416E+002
   350.7519  0.85542499E+002  0.85795556E+002  0.58119611E+002  0.66516665E+002  0.66513197E+002  0.14998298E+002  0.15286571E+002  0.34217505E+002  0.34375558E+002  0.71081758E+002
   351.0025  0.86416185E+002  0.86673077E+002  0.58680626E+002  0.67158793E+002  0.67155239E+002  0.15233061E+002  0.15525828E+002  0.34688126E+002  0.34845992E+002  0.71736170E+002
   351.2531  0.87304825E+002  0.87565606E+002  0.59249801E+002  0.67810263E+002  0.67806620E+002  0.15473375E+002  0.15770741E+002  0.35169992E+002  0.35327673E+002  0.72401884E+002
   351.5038  0.88208780E+002  0.88473505E+002  0.59827295E+002  0.68471255E+002  0.68467521E+002  0.15719416E+002  0.16021492E+002  0.35663459E+002  0.35820958E+002  0.73079142E+002
   351.7544  0.89128419E+002  0.89397146E+002  0.60413270E+002  0.69141958E+002  0.69138129E+002  0.15971367E+002  0.16278266E+002  0.36168896E+002  0.36326215E+002  0.73768189E+002
   352.0050  0.90064126E+002  0.90336913E+002  0.61007894E+002  0.69822561E+002  0.69818635E+002  0.16229419E+002  0.16541258E+002  0.36686690E+002  0.36843830E+002  0.74469281E+002
   352.2556  0.91016295E+002  0.91293203E+002  0.61611337E+002  0.70513260E+002  0.70509235E+002  0.16493771E+002  0.16810670E+002  0.37217240E+002  0.37374205E+002  0.75182681E+002
   352.5063  0.91985336E+002  0.92266425E+002  0.62223776E+002  0.71214257E+002  0.71210129E+002  0.16764629E+002  0.17086713E+002  0.37760962E+002  0.37917754E+002  0.75908658E+002
   352.7569  0.92971670E+002  0.93257002E+002  0.62845388E+002  0.71925756E+002  0.71921522E+002  0.17042208E+002  0.17369605E+002  0.38318293E+002  0.38474914E+002  0.76647494E+002
   353.0075  0.93975733E+002  0.94265371E+002  0.63476359E+002  0.72647969E+002  0.72643626E+002  0.17326732E+002  0.17659576E+002  0.38889682E+002  0.39046135E+002  0.77399476E+002
   353.2581  0.94997976E+002  0.95291986E+002  0.64116877E+002  0.73381112E+002  0.73376656E+002  0.17618435E+002  0.17956863E+002  0.39475602E+002  0.39631889E+002  0.78164901E+002
   353.5088  0.96038866E+002  0.96337313E+002  0.64767136E+002  0.74125406E+002  0.74120835E+002  0.17917559E+002  0.18261713E+002  0.40076542E+002  0.40232668E+002  0.78944077E+002
   353.7594  0.97098883E+002  0.97401837E+002  0.65427333E+002  0.74881079E+002  0.74876388E+002  0.18224359E+002  0.18574386E+002  0.40693016E+002  0.40848982E+002  0.79737320E+002
   354.0100  0.98178528E+002  0.98486056E+002  0.66097674E+002  0.75648364E+002  0.75643549E+002  0.18539099E+002  0.18895152E+002  0.41325557E+002  0.41481366E+002  0.80544958E+002
   354.2607  0.99278317E+002  0.99590491E+002  0.66778365E+002  0.76427499E+002  0.76422557E+002  0.18862055E+002  0.19224291E+002  0.41974721E+002  0.42130376E+002  0.81367329E+002
   354.5113  0.10039878E+003  0.10071568E+003  0.67469623E+002  0.77218731E+002  0.77213657E+002  0.19193516E+002  0.19562097E+002  0.42641090E+002  0.42796595E+002  0.82204781E+002
   354.7619  0.10154048E+003  0.10186217E+003  0.68171665E+002  0.78022310E+002  0.78017101E+002  0.19533781E+002  0.19908876E+002  0.43325270E+002  0.43480628E+002  0.83057676E+002
   355.0125  0.10270399E+003  0.10303054E+003  0.68884718E+002  0.78838495E+002  0.78833146E+002  0.19883167E+002  0.20264951E+002  0.44027897E+002  0.44183111E+002  0.83926387E+002
   355.2632  0.10388990E+003  0.10422139E+003  0.69609014E+002  0.79667551E+002  0.79662058E+002  0.20242000E+002  0.20630654E+002  0.44749631E+002  0.44904705E+002  0.84811299E+002
   355.5138  0.10509882E+003  0.10543534E+003  0.70344789E+002  0.80509750E+002  0.80504107E+002  0.20610625E+002  0.21006336E+002  0.45491165E+002  0.45646103E+002  0.85712812E+002
   355.7644  0.10633140E+003  0.10667303E+003  0.71092287E+002  0.81365371E+002  0.81359574E+002  0.20989400E+002  0.21392363E+002  0.46253223E+002  0.46408029E+002  0.86631337E+002
   356.0150  0.10758831E+003  0.10793512E+003  0.71851759E+002  0.82234701E+002  0.82228744E+002  0.21378702E+002  0.21789117E+002  0.47036562E+002  0.47191240E+002  0.87567303E+002
   356.2657  0.10887022E+003  0.10922231E+003  0.72623461E+002  0.83118034E+002  0.83111913E+002  0.21778922E+002  0.22197001E+002  0.47841976E+002  0.47996529E+002  0.88521151E+002
   356.5163  0.11017786E+003  0.11053531E+003  0.73407658E+002  0.84015672E+002  0.84009381E+002  0.22190474E+002  0.22616432E+002  0.48670292E+002  0.48824726E+002  0.89493338E+002
   356.7669  0.11151197E+003  0.11187486E+003  0.74204621E+002  0.84927926E+002  0.84921459E+002  0.22613789E+002  0.23047851E+002  0.49522381E+002  0.49676700E+002  0.90484341E+002
   357.0175  0.11287331E+003  0.11324175E+003  0.75014628E+002  0.85855115E+002  0.85848466E+002  0.23049317E+002  0.23491718E+002  0.50399153E+002  0.50553362E+002  0.91494648E+002
   357.2682  0.11426270E+003  0.11463677E+003  0.75837965E+002  0.86797567E+002  0.86790730E+002  0.23497534E+002  0.23948516E+002  0.51301563E+002  0.51455666E+002  0.92524772E+002
   357.5188  0.11568097E+003  0.11606077E+003  0.76674926E+002  0.87755619E+002  0.87748586E+002  0.23958936E+002  0.24418753E+002  0.52230611E+002  0.52384614E+002  0.93575238E+002
   357.7694  0.11712899E+003  0.11751461E+003  0.77525813E+002  0.88729616E+002  0.88722381E+002  0.24434045E+002  0.24902958E+002  0.53187348E+002  0.53341257E+002  0.94646596E+002
   358.0201  0.11860766E+003  0.11899920E+003  0.78390938E+002  0.89719914E+002  0.89712471E+002  0.24923408E+002  0.25401691E+002  0.54172878E+002  0.54326697E+002  0.95739415E+002
   358.2707  0.12011792E+003  0.12051549E+003  0.79270619E+002  0.90726879E+002  0.90719220E+002  0.25427600E+002  0.25915537E+002  0.55188358E+002  0.55342094E+002  0.96854284E+002
   358.5213  0.12166075E+003  0.12206446E+003  0.80165184E+002  0.91750887E+002  0.91743004E+002  0.25947227E+002  0.26445113E+002  0.56235004E+002  0.56388664E+002  0.97991817E+002
   358.7719  0.12323719E+003  0.12364714E+003  0.81074971E+002  0.92792325E+002  0.92784210E+002  0.26482923E+002  0.26991066E+002  0.57314097E+002  0.57467686E+002  0.99152652E+002
   359.0226  0.12484829E+003  0.12526459E+003  0.82000327E+002  0.93851591E+002  0.93843235E+002  0.27035357E+002  0.27554077E+002  0.58426981E+002  0.58580506E+002  0.10033745E+003
   359.2732  0.12649516E+003  0.12691793E+003  0.82941610E+002  0.94929093E+002  0.94920488E+002  0.27605232E+002  0.28134865E+002  0.59575072E+002  0.59728542E+002  0.10154690E+003
   359.5238  0.12817898E+003  0.12860833E+003  0.83899186E+002  0.96025253E+002  0.96016389E+002  0.28193290E+002  0.28734182E+002  0.60759862E+002  0.60913283E+002  0.10278172E+003
   359.7744  0.12990095E+003  0.13033701E+003  0.84873435E+002  0.97140504E+002  0.97131371E+002  0.28800310E+002  0.29352826E+002  0.61982920E+002  0.62136300E+002  0.10404265E+003
   360.0251  0.13166234E+003  0.13210523E+003  0.85864744E+002  0.98275291E+002  0.98265880E+002  0.29427117E+002  0.29991634E+002  0.63245902E+002  0.63399249E+002  0.10533048E+003
   360.2757  0.13346449E+003  0.13391432E+003  0.86873514E+002  0.99430075E+002  0.99420374E+002  0.30074577E+002  0.30651492E+002  0.64550553E+002  0.64703876E+002  0.10664600E+003
   360.5263  0.13530877E+003  0.13576568E+003  0.87900158E+002  0.10060533E+003  0.10059532E+003  0.30743606E+002  0.31333332E+002  0.65898715E+002  0.66052023E+002  0.10799007E+003
   360.7769  0.13719664E+003  0.13766077E+003  0.88945101E+002  0.10180153E+003  0.10179122E+003  0.31435172E+002  0.32038141E+002  0.67292332E+002  0.67445635E+002  0.10936356E+003
   361.0276  0.13912962E+003  0.13960110E+003  0.90008779E+002  0.10301919E+003  0.10300855E+003  0.32150296E+002  0.32766959E+002  0.68733460E+002  0.68886767E+002  0.11076740E+003
   361.2782  0.14110931E+003  0.14158828E+003  0.91091643E+002  0.10425883E+003  0.10424785E+003  0.32890060E+002  0.33520888E+002  0.70224268E+002  0.70377591E+002  0.11220253E+003
   361.5288  0.14313738E+003  0.14362398E+003  0.92194157E+002  0.10552096E+003  0.10550964E+003  0.33655605E+002  0.34301092E+002  0.71767053E+002  0.71920404E+002  0.11366997E+003
   361.7794  0.14521559E+003  0.14570997E+003  0.93316798E+002  0.10680615E+003  0.10679446E+003  0.34448141E+002  0.35108805E+002  0.73364248E+002  0.73517637E+002  0.11517076E+003
   362.0301  0.14734577E+003  0.14784808E+003  0.94460061E+002  0.10811495E+003  0.10810288E+003  0.35268950E+002  0.35945332E+002  0.75018425E+002  0.75171866E+002  0.11670598E+003
   362.2807  0.14952986E+003  0.15004027E+003  0.95624452E+002  0.10944796E+003  0.10943549E+003  0.36119391E+002  0.36812057E+002  0.76732313E+002  0.76885818E+002  0.11827680E+003
   362.5313  0.15176991E+003  0.15228857E+003  0.96810495E+002  0.11080576E+003  0.11079288E+003  0.37000902E+002  0.37710450E+002  0.78508804E+002  0.78662389E+002  0.11988441E+003
   362.7820  0.15406805E+003  0.15459513E+003  0.98018730E+002  0.11218898E+003  0.11217567E+003  0.37915015E+002  0.38642067E+002  0.80350970E+002  0.80504648E+002  0.12153006E+003
   363.0326  0.15642655E+003  0.15696221E+003  0.99249715E+002  0.11359825E+003  0.11358450E+003  0.38863353E+002  0.39608565E+002  0.82262069E+002  0.82415856E+002  0.12321508E+003
   363.2832  0.15884777E+003  0.15939219E+003  0.10050402E+003  0.11503424E+003  0.11502002E+003  0.39847641E+002  0.40611703E+002  0.84245566E+002  0.84399480E+002  0.12494085E+003
   363.5338  0.16133422E+003  0.16188760E+003  0.10178225E+003  0.11649762E+003  0.11648291E+003  0.40869716E+002  0.41653351E+002  0.86305147E+002  0.86459204E+002  0.12670882E+003
   363.7845  0.16388856E+003  0.16445107E+003  0.10308500E+003  0.11798910E+003  0.11797388E+003  0.41931534E+002  0.42735502E+002  0.88444731E+002  0.88598951E+002  0.12852053E+003
   364.0351  0.16651358E+003  0.16708541E+003  0.10441291E+003  0.11950939E+003  0.11949365E+003  0.43035175E+002  0.43860279E+002  0.90668496E+002  0.90822899E+002  0.13037756E+003
   364.2857  0.16921222E+003  0.16979358E+003  0.10576663E+003  0.12105925E+003  0.12104296E+003  0.44182861E+002  0.45029944E+002  0.92980894E+002  0.93135501E+002  0.13228163E+003
   364.5363  0.17198763E+003  0.17257871E+003  0.10714683E+003  0.12263945E+003  0.12262257E+003  0.45376961E+002  0.46246911E+002  0.95386675E+002  0.95541508E+002  0.13423450E+003
   364.7870  0.17484310E+003  0.17544413E+003  0.10855421E+003  0.12425079E+003  0.12423330E+003  0.46620004E+002  0.47513759E+002  0.97890910E+002  0.98045994E+002  0.13623806E+003
   365.0376  0.17778216E+003  0.17839334E+003  0.10998949E+003  0.12589408E+003  0.12587596E+003  0.47914695E+002  0.48833245E+002  0.10049902E+003  0.10065438E+003  0.13829429E+003
   365.2882  0.18080851E+003  0.18143008E+003  0.11145340E+003  0.12757018E+003  0.12755140E+003  0.49263928E+002  0.50208317E+002  0.10321680E+003  0.10337246E+003  0.14040528E+003
   365.5388  0.18392612E+003  0.18455830E+003  0.11294672E+003  0.12927997E+003  0.12926049E+003  0.50670801E+002  0.51642133E+002  0.10605045E+003  0.10620645E+003  0.14257325E+003
   365.7895  0.18713919E+003  0.18778223E+003  0.11447024E+003  0.13102435E+003  0.13100415E+003  0.52138634E+002  0.53138077E+002  0.10900663E+003  0.10916300E+003  0.14480054E+003
   366.0401  0.19045218E+003  0.19110633E+003  0.11602477E+003  0.13280428E+003  0.13278331E+003  0.53670991E+002  0.54699781E+002  0.11209247E+003  0.11224923E+003  0.14708962E+003
   366.2907  0.19386987E+003  0.19453538E+003  0.11761117E+003  0.13462071E+003  0.13459894E+003  0.55271696E+002  0.56331142E+002  0.11531562E+003  0.11547282E+003  0.14944314E+003
   366.5414  0.19739732E+003  0.19807446E+003  0.11923030E+003  0.13647466E+003  0.13645204E+003  0.56944864E+002  0.58036353E+002  0.11868432E+003  0.11884199E+003  0.15186388E+003
   366.7920  0.20103996E+003  0.20172901E+003  0.12088308E+003  0.13836716E+003  0.13834366E+003  0.58694919E+002  0.59819925E+002  0.12220741E+003  0.12236559E+003  0.15435482E+003
   367.0426  0.20480359E+003  0.20550483E+003  0.12257045E+003  0.14029929E+003  0.14027487E+003  0.60526629E+002  0.61686716E+002  0.12589443E+003  0.12605317E+003  0.15691911E+003
   367.2932  0.20869438E+003  0.20940812E+003  0.12429337E+003  0.14227218E+003  0.14224677E+003  0.62445137E+002  0.63641967E+002  0.12975566E+003  0.12991500E+003  0.15956012E+003
   367.5439  0.21271900E+003  0.21344554E+003  0.12605285E+003  0.14428696E+003  0.14426052E+003  0.64455993E+002  0.65691336E+002  0.13380219E+003  0.13396219E+003  0.16228144E+003
   367.7945  0.21688455E+003  0.21762421E+003  0.12784993E+003  0.14634484E+003  0.14631732E+003  0.66565199E+002  0.67840937E+002  0.13804601E+003  0.13820673E+003  0.16508689E+003
   368.0451  0.22119869E+003  0.22195180E+003  0.12968569E+003  0.14844706E+003  0.14841839E+003  0.68779247E+002  0.70097390E+002  0.14250009E+003  0.14266158E+003  0.16798058E+003
   368.2957  0.22566962E+003  0.22643654E+003  0.13156125E+003  0.15059489E+003  0.15056502E+003  0.71105176E+002  0.72467866E+002  0.14717848E+003  0.14734081E+003  0.17096690E+003
   368.5464  0.23030622E+003  0.23108729E+003  0.13347776E+003  0.15278968E+003  0.15275854E+003  0.73550620E+002  0.74960147E+002  0.15209642E+003  0.15225965E+003  0.17405054E+003
   368.7970  0.23511802E+003  0.23591363E+003  0.13543643E+003  0.15503280E+003  0.15500031E+003  0.76123873E+002  0.77582684E+002  0.15727044E+003  0.15743466E+003  0.17723657E+003
   369.0476  0.24011532E+003  0.24092586E+003  0.13743850E+003  0.15732567E+003  0.15729176E+003  0.78833958E+002  0.80344675E+002  0.16271855E+003  0.16288383E+003  0.18053041E+003
   369.2982  0.24530929E+003  0.24613516E+003  0.13948526E+003  0.15966979E+003  0.15963438E+003  0.81690705E+002  0.83256138E+002  0.16846035E+003  0.16862678E+003  0.18393792E+003
   369.5489  0.25071200E+003  0.25155363E+003  0.14157806E+003  0.16206670E+003  0.16202969E+003  0.84704839E+002  0.86328001E+002  0.17451720E+003  0.17468488E+003  0.18746541E+003
   369.7995  0.25633654E+003  0.25719437E+003  0.14371827E+003  0.16451798E+003  0.16447928E+003  0.87888076E+002  0.89572208E+002  0.18091244E+003  0.18108149E+003  0.19111971E+003
   370.0501  0.26219715E+003  0.26307165E+003  0.14590734E+003  0.16702531E+003  0.16698482E+003  0.91253240E+002  0.93001825E+002  0.18767160E+003  0.18784213E+003  0.19490819E+003
   370.3008  0.26830933E+003  0.26920098E+003  0.14814678E+003  0.16959041E+003  0.16954801E+003  0.94814384E+002  0.96631178E+002  0.19482266E+003  0.19499479E+003  0.19883887E+003
   370.5514  0.27468997E+003  0.27559929E+003  0.15043813E+003  0.17221507E+003  0.17217064E+003  0.98586939E+002  0.10047599E+003  0.20239631E+003  0.20257018E+003  0.20292046E+003
   370.8020  0.28135754E+003  0.28228507E+003  0.15278302E+003  0.17490114E+003  0.17485456E+003  0.10258788E+003  0.10455356E+003  0.21042629E+003  0.21060205E+003  0.20716242E+003
   371.0526  0.28833225E+003  0.28927853E+003  0.15518311E+003  0.17765057E+003  0.17760169E+003  0.10683589E+003  0.10888294E+003  0.21894977E+003  0.21912758E+003  0.21157508E+003
   371.3033  0.29563624E+003  0.29660188E+003  0.15764017E+003  0.18046537E+003  0.18041403E+003  0.11135162E+003  0.11348516E+003  0.22800772E+003  0.22818778E+003  0.21616976E+003
   371.5539  0.30329387E+003  0.30427949E+003  0.16015599E+003  0.18334763E+003  0.18329367E+003  0.11615788E+003  0.11838348E+003  0.23764546E+003  0.23782797E+003  0.22095880E+003
   371.8045  0.31133196E+003  0.31233821E+003  0.16273248E+003  0.18629953E+003  0.18624277E+003  0.12127997E+003  0.12360368E+003  0.24791317E+003  0.24809835E+003  0.22595581E+003
   372.0551  0.31978009E+003  0.32080767E+003  0.16537160E+003  0.18932334E+003  0.18926357E+003  0.12674596E+003  0.12917437E+003  0.25886654E+003  0.25905464E+003  0.23117571E+003
   372.3058  0.32867099E+003  0.32972064E+003  0.16807538E+003  0.19242141E+003  0.19235843E+003  0.13258709E+003  0.13512739E+003  0.27056749E+003  0.27075878E+003  0.23663501E+003
   372.5564  0.33804096E+003  0.33911345E+003  0.17084597E+003  0.19559622E+003  0.19552978E+003  0.13883822E+003  0.14149825E+003  0.28308505E+003  0.28327984E+003  0.24235192E+003
   372.8070  0.34793031E+003  0.34902647E+003  0.17368557E+003  0.19885032E+003  0.19878017E+003  0.14553830E+003  0.14832666E+003  0.29649631E+003  0.29669495E+003  0.24834665E+003
   373.0576  0.35838399E+003  0.35950470E+003  0.17659650E+003  0.20218640E+003  0.20211224E+003  0.15273096E+003  0.15565710E+003  0.31088762E+003  0.31109048E+003  0.25464168E+003
   373.3083  0.36945218E+003  0.37059838E+003  0.17958117E+003  0.20560723E+003  0.20552876E+003  0.16046523E+003  0.16353952E+003  0.32635590E+003  0.32656342E+003  0.26126204E+003
   373.5589  0.38119112E+003  0.38236381E+003  0.18264208E+003  0.20911574E+003  0.20903260E+003  0.16879633E+003  0.17203020E+003  0.34301023E+003  0.34322288E+003  0.26823573E+003
   373.8095  0.39366395E+003  0.39486421E+003  0.18578185E+003  0.21271496E+003  0.21262677E+003  0.17778661E+003  0.18119269E+003  0.36097370E+003  0.36119202E+003  0.27559414E+003
   374.0602  0.40694183E+003  0.40817081E+003  0.18900322E+003  0.21640807E+003  0.21631440E+003  0.18750669E+003  0.19109896E+003  0.38038560E+003  0.38061021E+003  0.28337258E+003
   374.3108  0.42110517E+003  0.42236411E+003  0.19230903E+003  0.22019838E+003  0.22009877E+003  0.19803678E+003  0.20183076E+003  0.40140405E+003  0.40163563E+003  0.29161091E+003
   374.5614  0.43624513E+003  0.43753537E+003  0.19570226E+003  0.22408938E+003  0.22398329E+003  0.20946829E+003  0.21348125E+003  0.42420901E+003  0.42444836E+003  0.30035426E+003
   374.8120  0.45246540E+003  0.45378838E+003  0.19918602E+003  0.22808468E+003  0.22797152E+003  0.22190568E+003  0.22615688E+003  0.44900607E+003  0.44925407E+003  0.30965391E+003
   375.0627  0.46988431E+003  0.47124162E+003  0.20276355E+003  0.23218809E+003  0.23206721E+003  0.23546878E+003  0.23997979E+003  0.47603076E+003  0.47628845E+003  0.31956836E+003
   375.3133  0.48863745E+003  0.49003080E+003  0.20643826E+003  0.23640360E+003  0.23627425E+003  0.25029550E+003  0.25509054E+003  0.50555395E+003  0.50582249E+003  0.33016456E+003
   375.5639  0.50888069E+003  0.51031196E+003  0.21021369E+003  0.24073538E+003  0.24059673E+003  0.26654517E+003  0.27165148E+003  0.53788822E+003  0.53816898E+003  0.34151951E+003
   375.8145  0.53079397E+003  0.53226522E+003  0.21409356E+003  0.24518781E+003  0.24503891E+003  0.28440255E+003  0.28985095E+003  0.57339571E+003  0.57369026E+003  0.35372207E+003
   376.0652  0.55458585E+003  0.55609935E+003  0.21808175E+003  0.24976550E+003  0.24960528E+003  0.30408278E+003  0.30990818E+003  0.61249762E+003  0.61280776E+003  0.36687526E+003
   376.3158  0.58049910E+003  0.58205736E+003  0.22218234E+003  0.25447328E+003  0.25430052E+003  0.32583740E+003  0.33207954E+003  0.65568586E+003  0.65601373E+003  0.38109903E+003
   376.5664  0.60881754E+003  0.61042336E+003  0.22639959E+003  0.25931625E+003  0.25912955E+003  0.34996182E+003  0.35666610E+003  0.70353747E+003  0.70388554E+003  0.39653373E+003
   376.8170  0.63987457E+003  0.64153107E+003  0.23073797E+003  0.26429977E+003  0.26409752E+003  0.37680455E+003  0.38402305E+003  0.75673237E+003  0.75710358E+003  0.41334438E+003
   377.0677  0.67406367E+003  0.67577436E+003  0.23520216E+003  0.26942949E+003  0.26920985E+003  0.40677871E+003  0.41457142E+003  0.81607551E+003  0.81647331E+003  0.43172594E+003
   377.3183  0.71185155E+003  0.71362040E+003  0.23979709E+003  0.27471140E+003  0.27447223E+003  0.44037644E+003  0.44881279E+003  0.88252452E+003  0.88295302E+003  0.45190996E+003
   377.5689  0.75379467E+003  0.75562615E+003  0.24452792E+003  0.28015182E+003  0.27989064E+003  0.47818698E+003  0.48734768E+003  0.95722446E+003  0.95768856E+003  0.47417296E+003
   377.8195  0.80055995E+003  0.80245920E+003  0.24940006E+003  0.28575746E+003  0.28547135E+003  0.52091958E+003  0.53089893E+003  0.10415516E+004  0.10420572E+004  0.49884695E+003
   378.0702  0.85295116E+003  0.85492408E+003  0.25441923E+003  0.29153545E+003  0.29122101E+003  0.56943250E+003  0.58034125E+003  0.11371692E+004  0.11377234E+004  0.52633281E+003
   378.3208  0.91194226E+003  0.91399565E+003  0.25959140E+003  0.29749340E+003  0.29714658E+003  0.62476997E+003  0.63673887E+003  0.12460977E+004  0.12467091E+004  0.55711729E+003
   378.5714  0.97872000E+003  0.98086179E+003  0.26492289E+003  0.30363944E+003  0.30325545E+003  0.68820932E+003  0.70139360E+003  0.13708053E+004  0.13714845E+004  0.59179479E+003
   378.8221  0.10547383E+004  0.10569778E+004  0.27042033E+003  0.30998227E+003  0.30955540E+003  0.76132123E+003  0.77590621E+003  0.15143230E+004  0.15150829E+004  0.63109502E+003
   379.0727  0.11417877E+004  0.11441358E+004  0.27609073E+003  0.31653130E+003  0.31605467E+003  0.84604635E+003  0.86225455E+003  0.16803909E+004  0.16812475E+004  0.67591838E+003
   379.3233  0.12420834E+004  0.12445532E+004  0.28194146E+003  0.32329669E+003  0.32276201E+003  0.94479261E+003  0.96289266E+003  0.18736450E+004  0.18746180E+004  0.72738068E+003
   379.5739  0.13583766E+004  0.13609836E+004  0.28798033E+003  0.33028949E+003  0.32968669E+003  0.10605566E+004  0.10808746E+004  0.20998507E+004  0.21009646E+004  0.78686914E+003
   379.8246  0.14940924E+004  0.14968554E+004  0.29421557E+003  0.33752180E+003  0.33683859E+003  0.11970720E+004  0.12200055E+004  0.23661898E+004  0.23674752E+004  0.85611058E+003
   380.0752  0.16534948E+004  0.16564365E+004  0.30065590E+003  0.34500689E+003  0.34422825E+003  0.13589818E+004  0.13850174E+004  0.26816003E+004  0.26830949E+004  0.93725092E+003
   380.3258  0.18418721E+004  0.18450199E+004  0.30731055E+003  0.35275943E+003  0.35186692E+003  0.15520205E+004  0.15817547E+004  0.30571452E+004  0.30588957E+004  0.10329390E+004
   380.5764  0.20657180E+004  0.20691055E+004  0.31418931E+003  0.36079557E+003  0.35976664E+003  0.17831647E+004  0.18173275E+004  0.35063454E+004  0.35084082E+004  0.11463956E+004
   380.8271  0.23328436E+004  0.23365115E+004  0.32130254E+003  0.36913308E+003  0.36794027E+003  0.20606531E+004  0.21001326E+004  0.40453129E+004  0.40477545E+004  0.12814234E+004
   381.0777  0.26522766E+004  0.26562740E+004  0.32866124E+003  0.37779110E+003  0.37640149E+003  0.23936703E+004  0.24395303E+004  0.46923324E+004  0.46952262E+004  0.14422608E+004
   381.3283  0.30336570E+004  0.30380418E+004  0.33627704E+003  0.38678943E+003  0.38516469E+003  0.27912918E+004  0.28447701E+004  0.54661946E+004  0.54696121E+004  0.16330966E+004
   381.5789  0.34855873E+004  0.34904256E+004  0.34416214E+003  0.39614673E+003  0.39424459E+003  0.32599962E+004  0.33224545E+004  0.63820412E+004  0.63860310E+004  0.18569252E+004
   381.8296  0.40120698E+004  0.40174319E+004  0.35232919E+003  0.40587687E+003  0.40365550E+003  0.37987597E+004  0.38715397E+004  0.74428606E+004  0.74474082E+004  0.21132882E+004
   382.0802  0.46059880E+004  0.46119381E+004  0.36079103E+003  0.41598292E+003  0.41341004E+003  0.43909322E+004  0.44750560E+004  0.86247790E+004  0.86297424E+004  0.23945357E+004
   382.3308  0.52393466E+004  0.52459244E+004  0.36956034E+003  0.42644929E+003  0.42351749E+003  0.49939170E+004  0.50895898E+004  0.98568893E+004  0.98619216E+004  0.26810756E+004
   382.5815  0.58531843E+004  0.58603763E+004  0.37864925E+003  0.43723656E+003  0.43398258E+003  0.55325501E+004  0.56385363E+004  0.11004458E+005  0.11008970E+005  0.29383269E+004
   382.8321  0.63563451E+004  0.63640549E+004  0.38806953E+003  0.44828786E+003  0.44480692E+003  0.59081873E+004  0.60213610E+004  0.11876798E+005  0.11880055E+005  0.31209013E+004
   383.0827  0.66462055E+004  0.66542413E+004  0.39783380E+003  0.45955407E+003  0.45599449E+003  0.60325219E+004  0.61480669E+004  0.12282045E+005  0.12283442E+005  0.31881698E+004
   383.3333  0.66524624E+004  0.66605657E+004  0.40795746E+003  0.47102824E+003  0.46755930E+003  0.58725780E+004  0.59850487E+004  0.12116343E+005  0.12115725E+005  0.31249721E+004
   383.5840  0.63765590E+004  0.63844700E+004  0.41846030E+003  0.48276197E+003  0.47952938E+003  0.54704271E+004  0.55751867E+004  0.11423306E+005  0.11421046E+005  0.29506922E+004
   383.8346  0.58908222E+004  0.58983462E+004  0.42936612E+003  0.49484793E+003  0.49194320E+003  0.49182951E+004  0.50124746E+004  0.10368188E+005  0.10364959E+005  0.27078012E+004
   384.0852  0.52981712E+004  0.53052089E+004  0.44070101E+003  0.50738550E+003  0.50484217E+003  0.43131865E+004  0.43957749E+004  0.91518314E+004  0.91482823E+004  0.24409711E+004
   384.3358  0.46888536E+004  0.46953894E+004  0.45249176E+003  0.52045667E+003  0.51826529E+003  0.37261291E+004  0.37974746E+004  0.79362721E+004  0.79328526E+004  0.21829192E+004
   384.5865  0.41206585E+004  0.41267319E+004  0.46476530E+003  0.53412044E+003  0.53224784E+003  0.31958474E+004  0.32570386E+004  0.68184827E+004  0.68154254E+004  0.19514954E+004
   384.8371  0.36206930E+004  0.36263688E+004  0.47754898E+003  0.54841854E+003  0.54682270E+003  0.27364263E+004  0.27888208E+004  0.58398424E+004  0.58372253E+004  0.17532100E+004
   385.0877  0.31955730E+004  0.32009229E+004  0.49087117E+003  0.56338342E+003  0.56202225E+003  0.23475437E+004  0.23924924E+004  0.50066557E+004  0.50044706E+004  0.15879440E+004
   385.3383  0.28410886E+004  0.28461809E+004  0.50476184E+003  0.57904438E+003  0.57787989E+003  0.20221752E+004  0.20608943E+004  0.43076072E+004  0.43058075E+004  0.14524953E+004
   385.5890  0.25486039E+004  0.25534990E+004  0.51925290E+003  0.59543141E+003  0.59443105E+003  0.17511311E+004  0.17846607E+004  0.37247523E+004  0.37232799E+004  0.13426672E+004
   385.8396  0.23085330E+004  0.23132827E+004  0.53437862E+003  0.61257717E+003  0.61171385E+003  0.15253100E+004  0.15545161E+004  0.32392762E+004  0.32380746E+004  0.12543063E+004
   386.0902  0.21119399E+004  0.21165878E+004  0.55017580E+003  0.63051800E+003  0.62976947E+003  0.13366276E+004  0.13622210E+004  0.28340346E+004  0.28330542E+004  0.11837296E+004
   386.3409  0.19511177E+004  0.19557007E+004  0.56668409E+003  0.64929435E+003  0.64864245E+003  0.11782717E+004  0.12008332E+004  0.24943936E+004  0.24935929E+004  0.11278429E+004
   386.5915  0.18196782E+004  0.18242273E+004  0.58394620E+003  0.66895109E+003  0.66838102E+003  0.10446577E+004  0.10646609E+004  0.22082733E+004  0.22076185E+004  0.10841198E+004
   386.8421  0.17124359E+004  0.17169776E+004  0.60200819E+003  0.68953766E+003  0.68903736E+003  0.93126917E+003  0.94910129E+003  0.19658726E+004  0.19653362E+004  0.10505293E+004
   387.0927  0.16252265E+004  0.16297837E+004  0.62091976E+003  0.71110833E+003  0.71066790E+003  0.83447639E+003  0.85045517E+003  0.17593027E+004  0.17588628E+004  0.10254518E+004
   387.3434  0.15547224E+004  0.15593151E+004  0.64073458E+003  0.73372242E+003  0.73333373E+003  0.75136591E+003  0.76575330E+003  0.15822307E+004  0.15818698E+004  0.10076019E+004
   387.5940  0.14982686E+004  0.15029148E+004  0.66151068E+003  0.75744463E+003  0.75710096E+003  0.67959599E+003  0.69260911E+003  0.14295694E+004  0.14292735E+004  0.99596154E+003
   387.8446  0.14537470E+004  0.14584628E+004  0.68331082E+003  0.78234544E+003  0.78204122E+003  0.61727837E+003  0.62909818E+003  0.12972211E+004  0.12969787E+004  0.98972633E+003
   388.0952  0.14194660E+004  0.14242666E+004  0.70620302E+003  0.80850157E+003  0.80823214E+003  0.56288391E+003  0.57366212E+003  0.11818714E+004  0.11816735E+004  0.98826254E+003
   388.3459  0.13940741E+004  0.13989735E+004  0.73026103E+003  0.83599651E+003  0.83575797E+003  0.51516823E+003  0.52503271E+003  0.10808275E+004  0.10806665E+004  0.99107345E+003
   388.5965  0.13764914E+004  0.13815032E+004  0.75556490E+003  0.86492115E+003  0.86471023E+003  0.47311335E+003  0.48217249E+003  0.99188959E+003  0.99175953E+003  0.99777299E+003
   388.8471  0.13658570E+004  0.13709945E+004  0.78220172E+003  0.89537452E+003  0.89518845E+003  0.43588201E+003  0.44422815E+003  0.91325143E+003  0.91314725E+003  0.10080655E+004
   389.0977  0.13614872E+004  0.13667633E+004  0.81026625E+003  0.92746457E+003  0.92730101E+003  0.40278183E+003  0.41049407E+003  0.84342164E+003  0.84333921E+003  0.10217300E+004
   389.3484  0.13628435E+004  0.13682713E+004  0.83986182E+003  0.96130912E+003  0.96116608E+003  0.37323719E+003  0.38038361E+003  0.78116227E+003  0.78109814E+003  0.10386079E+004
   389.5990  0.13695076E+004  0.13751004E+004  0.87110124E+003  0.99703691E+003  0.99691270E+003  0.34676703E+003  0.35340649E+003  0.72544029E+003  0.72539156E+003  0.10585940E+004
   389.8496  0.13811619E+004  0.13869334E+004  0.90410785E+003  0.10347888E+004  0.10346820E+004  0.32296725E+003  0.32915088E+003  0.67538922E+003  0.67535347E+003  0.10816295E+004
   390.1003  0.13975750E+004  0.14035391E+004  0.93901673E+003  0.10747191E+004  0.10746285E+004  0.30149675E+003  0.30726915E+003  0.63027870E+003  0.63025384E+003  0.11076964E+004
   390.3509  0.14185896E+004  0.14247610E+004  0.97597604E+003  0.11169971E+004  0.11169217E+004  0.28206624E+003  0.28746645E+003  0.58949010E+003  0.58947438E+003  0.11368142E+004
   390.6015  0.14441140E+004  0.14505081E+004  0.10151486E+004  0.11618090E+004  0.11617479E+004  0.26442922E+003  0.26949160E+003  0.55249708E+003  0.55248897E+003  0.11690371E+004
   390.8521  0.14741159E+004  0.14807491E+004  0.10567136E+004  0.12093596E+004  0.12093121E+004  0.24837479E+003  0.25312963E+003  0.51884978E+003  0.51884795E+003  0.12044527E+004
   391.1028  0.15086179E+004  0.15155074E+004  0.11008685E+004  0.12598750E+004  0.12598404E+004  0.23372172E+003  0.23819584E+003  0.48816211E+003  0.48816541E+003  0.12431810E+004
   391.3534  0.15476942E+004  0.15548586E+004  0.11478317E+004  0.13136046E+004  0.13135826E+004  0.22031364E+003  0.22453088E+003  0.46010138E+003  0.46010878E+003  0.12853749E+004
   391.6040  0.15914696E+004  0.15989286E+004  0.11978448E+004  0.13708249E+004  0.13708150E+004  0.20801516E+003  0.21199675E+003  0.43437975E+003  0.43439033E+003  0.13312209E+004
   391.8546  0.16401187E+004  0.16478937E+004  0.12511756E+004  0.14318425E+004  0.14318444E+004  0.19670856E+003  0.20047350E+003  0.41074732E+003  0.41076026E+003  0.13809408E+004
   392.1053  0.16938673E+004  0.17019815E+004  0.13081219E+004  0.14969978E+004  0.14970115E+004  0.18629121E+003  0.18985650E+003  0.38898632E+003  0.38900088E+003  0.14347941E+004
   392.3559  0.17529944E+004  0.17614727E+004  0.13690156E+004  0.15666706E+004  0.15666957E+004  0.17667325E+003  0.18005420E+003  0.36890636E+003  0.36892183E+003  0.14930810E+004
   392.6065  0.18178351E+004  0.18267047E+004  0.14342267E+004  0.16412843E+004  0.16413210E+004  0.16777581E+003  0.17098621E+003  0.35034043E+003  0.35035616E+003  0.15561467E+004
   392.8571  0.18887855E+004  0.18980762E+004  0.15041697E+004  0.17213130E+004  0.17213614E+004  0.15952943E+003  0.16258173E+003  0.33314156E+003  0.33315694E+003  0.16243860E+004
   393.1078  0.19663084E+004  0.19760526E+004  0.15793093E+004  0.18072886E+004  0.18073487E+004  0.15187276E+003  0.15477824E+003  0.31718009E+003  0.31719452E+003  0.16982493E+004
   393.3584  0.20509403E+004  0.20611736E+004  0.16601682E+004  0.18998091E+004  0.18998812E+004  0.14475147E+003  0.14752036E+003  0.30234125E+003  0.30235414E+003  0.17782500E+004
   393.6090  0.21433007E+004  0.21540624E+004  0.17473357E+004  0.19995489E+004  0.19996333E+004  0.13811729E+003  0.14075892E+003  0.28852317E+003  0.28853396E+003  0.18649730E+004
   393.8596  0.22441030E+004  0.22554362E+004  0.18414784E+004  0.21072704E+004  0.21073675E+004  0.13192727E+003  0.13445012E+003  0.27563525E+003  0.27564336E+003  0.19590848E+004
   394.1103  0.23541674E+004  0.23661200E+004  0.19433518E+004  0.22238385E+004  0.22239488E+004  0.12614307E+003  0.12855488E+003  0.26359666E+003  0.26360151E+003  0.20613463E+004
   394.3609  0.24744373E+004  0.24870624E+004  0.20538155E+004  0.23502365E+004  0.23503606E+004  0.12073039E+003  0.12303826E+003  0.25233516E+003  0.25233612E+003  0.21726269E+004
   394.6115  0.26059984E+004  0.26193550E+004  0.21738503E+004  0.24875869E+004  0.24877254E+004  0.11565847E+003  0.11786891E+003  0.24178598E+003  0.24178242E+003  0.22939226E+004
   394.8622  0.27501015E+004  0.27642556E+004  0.23045789E+004  0.26371741E+004  0.26373280E+004  0.11089969E+003  0.11301866E+003  0.23189100E+003  0.23188224E+003  0.24263773E+004
   395.1128  0.29081914E+004  0.29232167E+004  0.24472908E+004  0.28004740E+004  0.28006443E+004  0.10642918E+003  0.10846218E+003  0.22259789E+003  0.22258320E+003  0.25713077E+004
   395.3634  0.30819402E+004  0.30979197E+004  0.26034730E+004  0.29791879E+004  0.29793755E+004  0.10222452E+003  0.10417659E+003  0.21385950E+003  0.21383810E+003  0.27302350E+004
   395.6140  0.32732894E+004  0.32903164E+004  0.27748458E+004  0.31752843E+004  0.31754907E+004  0.98265440E+002  0.10014125E+003  0.20563324E+003  0.20560426E+003  0.29049219E+004
   395.8647  0.34844997E+004  0.35026801E+004  0.29634079E+004  0.33910503E+004  0.33912770E+004  0.94533612E+002  0.96337479E+002  0.19788056E+003  0.19784306E+003  0.30974186E+004
   396.1153  0.37182139E+004  0.37376675E+004  0.31714907E+004  0.36291537E+004  0.36294024E+004  0.91012430E+002  0.92748333E+002  0.19056658E+003  0.19051949E+003  0.33101189E+004
   396.3659  0.39775325E+004  0.39983960E+004  0.34018254E+004  0.38927199E+004  0.38929925E+004  0.87686831E+002  0.89358460E+002  0.18365961E+003  0.18360175E+003  0.35458290E+004
   396.6165  0.42661083E+004  0.42885381E+004  0.36576260E+004  0.41854263E+004  0.41857253E+004  0.84543139E+002  0.86153912E+002  0.17713090E+003  0.17706094E+003  0.38078530E+004
   396.8672  0.45882639E+004  0.46124398E+004  0.39426920E+004  0.45116208E+004  0.45119488E+004  0.81568933E+002  0.83122023E+002  0.17095432E+003  0.17087072E+003  0.41000988E+004
   397.1178  0.49491382E+004  0.49752676E+004  0.42615371E+004  0.48764683E+004  0.48768285E+004  0.78752931E+002  0.80251281E+002  0.16510608E+003  0.16500712E+003  0.44272102E+004
   397.3684  0.53548699E+004  0.53831932E+004  0.46195501E+004  0.52861352E+004  0.52865312E+004  0.76084886E+002  0.77531231E+002  0.15956458E+003  0.15944824E+003  0.47947333E+004
   397.6190  0.58128294E+004  0.58436267E+004  0.50231983E+004  0.57480218E+004  0.57484578E+004  0.73555508E+002  0.74952387E+002  0.15431016E+003  0.15417413E+003  0.52093249E+004
   397.8697  0.63319119E+004  0.63655111E+004  0.54802841E+004  0.62710564E+004  0.62715376E+004  0.71156390E+002  0.72506162E+002  0.14932500E+003  0.14916657E+003  0.56790180E+004
   398.1203  0.69229102E+004  0.69596974E+004  0.60002722E+004  0.68660692E+004  0.68666014E+004  0.68879956E+002  0.70184811E+002  0.14459295E+003  0.14440894E+003  0.62135577E+004
   398.3709  0.75989898E+004  0.76394218E+004  0.65947053E+004  0.75462682E+004  0.75468585E+004  0.66719419E+002  0.67981389E+002  0.14009944E+003  0.13988612E+003  0.68248299E+004
   398.6216  0.83762949E+004  0.84209154E+004  0.72777358E+004  0.83278481E+004  0.83285049E+004  0.64668759E+002  0.65889721E+002  0.13583144E+003  0.13558436E+003  0.75274092E+004
   398.8722  0.92747233E+004  0.93241829E+004  0.80668043E+004  0.92307657E+004  0.92314991E+004  0.62722706E+002  0.63904397E+002  0.13177738E+003  0.13149121E+003  0.83392571E+004
   399.1228  0.10318910E+005  0.10373992E+005  0.89835023E+004  0.10279728E+005  0.10280550E+005  0.60876759E+002  0.62020771E+002  0.12792713E+003  0.12759551E+003  0.92826109E+004
   399.3734  0.11539471E+005  0.11601122E+005  0.10054660E+005  0.11505435E+005  0.11506361E+005  0.59127205E+002  0.60234993E+002  0.12427209E+003  0.12388728E+003  0.10385104E+005
   399.6241  0.12974536E+005  0.13043911E+005  0.11313693E+005  0.12946126E+005  0.12947173E+005  0.57471178E+002  0.58544055E+002  0.12080517E+003  0.12035779E+003  0.11681154E+005
   399.8747  0.14671601E+005  0.14750106E+005  0.12802220E+005  0.14649425E+005  0.14650615E+005  0.55906725E+002  0.56945864E+002  0.11752093E+003  0.11699952E+003  0.13213630E+005
   400.1253  0.16689596E+005  0.16778957E+005  0.14571883E+005  0.16674422E+005  0.16675782E+005  0.54432899E+002  0.55439323E+002  0.11441570E+003  0.11380625E+003  0.15035719E+005
   400.3759  0.19100919E+005  0.19203248E+005  0.16686119E+005  0.19093709E+005  0.19095272E+005  0.53049848E+002  0.54024421E+002  0.11148773E+003  0.11077303E+003  0.17212764E+005
   400.6266  0.21992700E+005  0.22110582E+005  0.19221279E+005  0.21994652E+005  0.21996458E+005  0.51758863E+002  0.52702280E+002  0.10873718E+003  0.10789627E+003  0.19823408E+005
   400.8772  0.25465727E+005  0.25602285E+005  0.22265675E+005  0.25478306E+005  0.25480404E+005  0.50562291E+002  0.51475070E+002  0.10616608E+003  0.10517355E+003  0.22958615E+005
   401.1278  0.29627770E+005  0.29786707E+005  0.25913739E+005  0.29652729E+005  0.29655176E+005  0.49463128E+002  0.50345602E+002  0.10377756E+003  0.10260333E+003  0.26715652E+005
   401.3784  0.34575308E+005  0.34760848E+005  0.30250011E+005  0.34614658E+005  0.34617520E+005  0.48463928E+002  0.49316267E+002  0.10157420E+003  0.10018396E+003  0.31181598E+005
   401.6291  0.40353983E+005  0.40570592E+005  0.35314485E+005  0.40409857E+005  0.40413203E+005  0.47564485E+002  0.48386752E+002  0.99554247E+002  0.97911716E+002  0.36397647E+005
   401.8797  0.46886074E+005  0.47137801E+005  0.41039063E+005  0.46960403E+005  0.46964297E+005  0.46757585E+002  0.47549879E+002  0.97704928E+002  0.95777200E+002  0.42293653E+005
   402.1303  0.53861596E+005  0.54150826E+005  0.47152137E+005  0.53955500E+005  0.53959978E+005  0.46022643E+002  0.46785356E+002  0.95992255E+002  0.93759966E+002  0.48589847E+005
   402.3810  0.60624950E+005  0.60950543E+005  0.53079267E+005  0.60737823E+005  0.60742869E+005  0.45319074E+002  0.46053279E+002  0.94350511E+002  0.91822914E+002  0.54694532E+005
   402.6316  0.66159041E+005  0.66514388E+005  0.57929267E+005  0.66287603E+005  0.66293112E+005  0.44585361E+002  0.45293212E+002  0.92680738E+002  0.89911489E+002  0.59689746E+005
   402.8822  0.69313701E+005  0.69686011E+005  0.60694351E+005  0.69451645E+005  0.69457419E+005  0.43752362E+002  0.44437246E+002  0.90871916E+002  0.87964882E+002  0.62537426E+005
   403.1328  0.69293965E+005  0.69666173E+005  0.60677965E+005  0.69432895E+005  0.69438668E+005  0.42771777E+002  0.43437921E+002  0.88846248E+002  0.85940001E+002  0.62520091E+005
   403.3835  0.66104853E+005  0.66459922E+005  0.57884509E+005  0.66236385E+005  0.66241892E+005  0.41642076E+002  0.42293668E+002  0.86600417E+002  0.83833310E+002  0.59642273E+005
   403.6341  0.60548317E+005  0.60873521E+005  0.53016664E+005  0.60666184E+005  0.60671226E+005  0.40408317E+002  0.41048625E+002  0.84205283E+002  0.81680661E+002  0.54627761E+005
   403.8847  0.53775410E+005  0.54064211E+005  0.47082993E+005  0.53876374E+005  0.53880850E+005  0.39136016E+002  0.39767005E+002  0.81764311E+002  0.79535269E+002  0.48515418E+005
   404.1353  0.46799856E+005  0.47051163E+005  0.40971731E+005  0.46883351E+005  0.46887243E+005  0.37882776E+002  0.38505261E+002  0.79368420E+002  0.77443801E+002  0.42220164E+005
   404.3860  0.40272950E+005  0.40489176E+005  0.35253553E+005  0.40340126E+005  0.40343473E+005  0.36685149E+002  0.37299200E+002  0.77075079E+002  0.75435292E+002  0.36329816E+005
   404.6366  0.34501373E+005  0.34686577E+005  0.30197175E+005  0.34554189E+005  0.34557054E+005  0.35559674E+002  0.36164993E+002  0.74909949E+002  0.73522017E+002  0.31121163E+005
   404.8872  0.29560907E+005  0.29719557E+005  0.25868998E+005  0.29601523E+005  0.29603974E+005  0.34509498E+002  0.35105680E+002  0.72877424E+002  0.71705061E+002  0.26662601E+005
   405.1378  0.25405003E+005  0.25541317E+005  0.22228239E+005  0.25435457E+005  0.25437561E+005  0.33530705E+002  0.34117374E+002  0.70970693E+002  0.69979647E+002  0.22912119E+005
   405.3885  0.21936880E+005  0.22054554E+005  0.19190096E+005  0.21958956E+005  0.21960770E+005  0.32616518E+002  0.33193383E+002  0.69178423E+002  0.68338666E+002  0.19782370E+005
   405.6391  0.19048769E+005  0.19150922E+005  0.16660144E+005  0.19063970E+005  0.19065544E+005  0.31759577E+002  0.32326446E+002  0.67488390E+002  0.66774598E+002  0.17176090E+005
   405.8897  0.16640012E+005  0.16729219E+005  0.14550185E+005  0.16649576E+005  0.16650948E+005  0.30952999E+002  0.31509770E+002  0.65889150E+002  0.65280395E+002  0.15002430E+005
   406.1404  0.14623636E+005  0.14702007E+005  0.12784015E+005  0.14628574E+005  0.14629777E+005  0.30190751E+002  0.30737402E+002  0.64370642E+002  0.63849792E+002  0.13182898E+005
   406.3910  0.12927401E+005  0.12996657E+005  0.11298335E+005  0.12928533E+005  0.12929595E+005  0.29467711E+002  0.30004281E+002  0.62924278E+002  0.62477355E+002  0.11652292E+005
   406.6416  0.11492511E+005  0.11554057E+005  0.10041631E+005  0.11490505E+005  0.11491447E+005  0.28779587E+002  0.29306165E+002  0.61542815E+002  0.61158408E+002  0.10357550E+005
   406.8922  0.10271582E+005  0.10326567E+005  0.89723833E+004  0.10266981E+005  0.10267822E+005  0.28122800E+002  0.28639509E+002  0.60220165E+002  0.59888932E+002  0.92559047E+004
   407.1429  0.92265705E+004  0.92759410E+004  0.80572596E+004  0.92198185E+004  0.92205720E+004  0.27494355E+002  0.28001348E+002  0.58951190E+002  0.58665450E+002  0.83130219E+004
   407.3935  0.83269301E+004  0.83714673E+004  0.72694954E+004  0.83183916E+004  0.83190702E+004  0.26891735E+002  0.27389184E+002  0.57731533E+002  0.57484938E+002  0.75013329E+004
   407.6441  0.75480782E+004  0.75884312E+004  0.65875517E+004  0.75380535E+004  0.75386673E+004  0.26312807E+002  0.26800897E+002  0.56557464E+002  0.56344740E+002  0.67986512E+004
   407.8947  0.68701566E+004  0.69068680E+004  0.59940294E+004  0.68588947E+004  0.68594521E+004  0.25755750E+002  0.26234675E+002  0.55425767E+002  0.55242506E+002  0.61870547E+004
   408.1454  0.62770503E+004  0.63105759E+004  0.54748088E+004  0.62647581E+004  0.62652662E+004  0.25218992E+002  0.25688953E+002  0.54333639E+002  0.54176137E+002  0.56519992E+004
   408.3960  0.57556148E+004  0.57863398E+004  0.50183732E+004  0.57424655E+004  0.57429303E+004  0.24701166E+002  0.25162366E+002  0.53278617E+002  0.53143744E+002  0.51816218E+004
   408.6466  0.52950718E+004  0.53233234E+004  0.46152790E+004  0.52812107E+004  0.52816372E+004  0.24201072E+002  0.24653715E+002  0.52258517E+002  0.52143615E+002  0.47661947E+004
   408.8972  0.48865346E+004  0.49125925E+004  0.42577403E+004  0.48720842E+004  0.48724769E+004  0.23717648E+002  0.24161938E+002  0.51271391E+002  0.51174187E+002  0.43976981E+004
   409.1479  0.45226374E+004  0.45467413E+004  0.39393033E+004  0.45077013E+004  0.45080639E+004  0.23249945E+002  0.23686085E+002  0.50315481E+002  0.50234026E+002  0.40694840E+004
   409.3985  0.41972416E+004  0.42195985E+004  0.36545900E+004  0.41819080E+004  0.41822436E+004  0.22797112E+002  0.23225300E+002  0.49389196E+002  0.49321809E+002  0.37760126E+004
   409.6491  0.39052057E+004  0.39259948E+004  0.33990957E+004  0.38895495E+004  0.38898609E+004  0.22358379E+002  0.22778811E+002  0.48491085E+002  0.48436309E+002  0.35126436E+004
   409.8997  0.36422011E+004  0.36615784E+004  0.31690280E+004  0.36262863E+004  0.36265760E+004  0.21933043E+002  0.22345911E+002  0.47619817E+002  0.47576383E+002  0.32754705E+004
   410.1504  0.34045660E+004  0.34226679E+004  0.29611791E+004  0.33884476E+004  0.33887177E+004  0.21520461E+002  0.21925954E+002  0.46774166E+002  0.46740967E+002  0.30611889E+004
   410.4010  0.31891887E+004  0.32061348E+004  0.27728225E+004  0.31729137E+004  0.31731661E+004  0.21120045E+002  0.21518345E+002  0.45952997E+002  0.45929060E+002  0.28669903E+004
   410.6516  0.29934125E+004  0.30093081E+004  0.26016310E+004  0.29770216E+004  0.29772578E+004  0.20731247E+002  0.21122534E+002  0.45155255E+002  0.45139725E+002  0.26904772E+004
   410.9023  0.28149600E+004  0.28298982E+004  0.24456092E+004  0.27984881E+004  0.27987096E+004  0.20353562E+002  0.20738010E+002  0.44379957E+002  0.44372076E+002  0.25295944E+004
   411.1529  0.26518705E+004  0.26659338E+004  0.23030398E+004  0.26353478E+004  0.26355559E+004  0.19986517E+002  0.20364297E+002  0.43626183E+002  0.43625281E+002  0.23825724E+004
   411.4035  0.25024496E+004  0.25157114E+004  0.21724381E+004  0.24859021E+004  0.24860979E+004  0.19629674E+002  0.20000949E+002  0.42893070E+002  0.42898549E+002  0.22478823E+004
   411.6541  0.23652274E+004  0.23777532E+004  0.20525167E+004  0.23486776E+004  0.23488622E+004  0.19282619E+002  0.19647551E+002  0.42179807E+002  0.42191135E+002  0.21241974E+004
   411.9048  0.22389242E+004  0.22507727E+004  0.19421546E+004  0.22223917E+004  0.22225659E+004  0.18944966E+002  0.19303709E+002  0.41485630E+002  0.41502329E+002  0.20103630E+004
   412.1554  0.21224220E+004  0.21336459E+004  0.18403725E+004  0.21059237E+004  0.21060884E+004  0.18616350E+002  0.18969057E+002  0.40809816E+002  0.40831458E+002  0.19053703E+004
   412.4060  0.20147411E+004  0.20253878E+004  0.17463120E+004  0.19982915E+004  0.19984474E+004  0.18296427E+002  0.18643244E+002  0.40151682E+002  0.40177883E+002  0.18083351E+004
   412.6566  0.19150199E+004  0.19251321E+004  0.16592187E+004  0.18986317E+004  0.18987795E+004  0.17984873E+002  0.18325943E+002  0.39510581E+002  0.39540993E+002  0.17184799E+004
   412.9073  0.18224987E+004  0.18321150E+004  0.15784269E+004  0.18061827E+004  0.18063230E+004  0.17681380E+002  0.18016841E+002  0.38885900E+002  0.38920208E+002  0.16351192E+004
   413.1579  0.17365053E+004  0.17456609E+004  0.15033482E+004  0.17202711E+004  0.17204044E+004  0.17385656E+002  0.17715643E+002  0.38277055E+002  0.38314974E+002  0.15576466E+004
   413.4085  0.16564440E+004  0.16651706E+004  0.14334606E+004  0.16402996E+004  0.16404263E+004  0.17097425E+002  0.17422068E+002  0.37683490E+002  0.37724761E+002  0.14855244E+004
   413.6591  0.15817846E+004  0.15901113E+004  0.13682998E+004  0.15657369E+004  0.15658576E+004  0.16816425E+002  0.17135850E+002  0.37104678E+002  0.37149065E+002  0.14182742E+004
   413.9098  0.15120547E+004  0.15200080E+004  0.13074521E+004  0.14961097E+004  0.14962247E+004  0.16542403E+002  0.16856734E+002  0.36540114E+002  0.36587403E+002  0.13554698E+004
   414.1604  0.14468320E+004  0.14544360E+004  0.12505477E+004  0.14309946E+004  0.14311044E+004  0.16275123E+002  0.16584478E+002  0.35989318E+002  0.36039311E+002  0.12967302E+004
   414.4110  0.13857382E+004  0.13930151E+004  0.11972553E+004  0.13700127E+004  0.13701176E+004  0.16014356E+002  0.16318850E+002  0.35451830E+002  0.35504347E+002  0.12417140E+004
   414.6617  0.13284336E+004  0.13354037E+004  0.11472774E+004  0.13128237E+004  0.13129238E+004  0.15759885E+002  0.16059632E+002  0.34927211E+002  0.34982087E+002  0.11901147E+004
   414.9123  0.12746125E+004  0.12812946E+004  0.11003465E+004  0.12591211E+004  0.12592170E+004  0.15511503E+002  0.15806611E+002  0.34415042E+002  0.34472124E+002  0.11416566E+004
   415.1629  0.12239995E+004  0.12304107E+004  0.10562212E+004  0.12086290E+004  0.12087208E+004  0.15269012E+002  0.15559586E+002  0.33914921E+002  0.33974069E+002  0.10960910E+004
   415.4135  0.11763454E+004  0.11825016E+004  0.10146834E+004  0.11610978E+004  0.11611858E+004  0.15032221E+002  0.15318364E+002  0.33426462E+002  0.33487548E+002  0.10531934E+004
   415.6642  0.11314248E+004  0.11373408E+004  0.97553591E+003  0.11163018E+004  0.11163861E+004  0.14800948E+002  0.15082760E+002  0.32949297E+002  0.33012201E+002  0.10127602E+004
   415.9148  0.10890334E+004  0.10947227E+004  0.93859963E+003  0.10740360E+004  0.10741169E+004  0.14575020E+002  0.14852598E+002  0.32483072E+002  0.32547684E+002  0.97460719E+003
   416.1654  0.10489853E+004  0.10544604E+004  0.90371194E+003  0.10341144E+004  0.10341921E+004  0.14354270E+002  0.14627707E+002  0.32027447E+002  0.32093665E+002  0.93856663E+003
   416.4160  0.10111114E+004  0.10163840E+004  0.87072483E+003  0.99636757E+003  0.99644230E+003  0.14138537E+002  0.14407925E+002  0.31582097E+002  0.31649826E+002  0.90448602E+003
   416.6667  0.97525748E+003  0.98033847E+003  0.83950333E+003  0.96064114E+003  0.96071301E+003  0.13927667E+002  0.14193094E+002  0.31146709E+002  0.31215861E+002  0.87222627E+003
   416.9173  0.94128286E+003  0.94618229E+003  0.80992420E+003  0.92679405E+003  0.92686322E+003  0.13721513E+002  0.13983066E+002  0.30720981E+002  0.30791474E+002  0.84166038E+003
   417.1679  0.90905870E+003  0.91378595E+003  0.78187474E+003  0.89469733E+003  0.89476394E+003  0.13519932E+002  0.13777695E+002  0.30304625E+002  0.30376383E+002  0.81267218E+003
   417.4185  0.87846703E+003  0.88303086E+003  0.75525168E+003  0.86423283E+003  0.86429701E+003  0.13322790E+002  0.13576843E+002  0.29897363E+002  0.29970314E+002  0.78515527E+003
   417.6692  0.84939961E+003  0.85380820E+003  0.72996030E+003  0.83529217E+003  0.83535404E+003  0.13129953E+002  0.13380376E+002  0.29498926E+002  0.29573005E+002  0.75901201E+003
   417.9198  0.82175701E+003  0.82601799E+003  0.70591360E+003  0.80777576E+003  0.80783545E+003  0.12941296E+002  0.13188166E+002  0.29109058E+002  0.29184201E+002  0.73415273E+003
   418.1704  0.79544774E+003  0.79956827E+003  0.68303152E+003  0.78159201E+003  0.78164962E+003  0.12756698E+002  0.13000089E+002  0.28727509E+002  0.28803661E+002  0.71049490E+003
   418.4211  0.77038754E+003  0.77437430E+003  0.66124031E+003  0.75665654E+003  0.75671218E+003  0.12576041E+002  0.12816027E+002  0.28354043E+002  0.28431147E+002  0.68796253E+003
   418.6717  0.74649865E+003  0.75035793E+003  0.64047197E+003  0.73289151E+003  0.73294528E+003  0.12399213E+002  0.12635864E+002  0.27988427E+002  0.28066433E+002  0.66648551E+003
   418.9223  0.72370928E+003  0.72744697E+003  0.62066368E+003  0.71022506E+003  0.71027704E+003  0.12226105E+002  0.12459490E+002  0.27630441E+002  0.27709301E+002  0.64599908E+003
   419.1729  0.70195304E+003  0.70557468E+003  0.60175735E+003  0.68859072E+003  0.68864099E+003  0.12056612E+002  0.12286798E+002  0.27279870E+002  0.27359539E+002  0.62644338E+003
   419.4236  0.68116846E+003  0.68467925E+003  0.58369922E+003  0.66792697E+003  0.66797561E+003  0.11890634E+002  0.12117686E+002  0.26936507E+002  0.27016944E+002  0.60776297E+003
   419.6742  0.66129856E+003  0.66470341E+003  0.56643946E+003  0.64817677E+003  0.64822386E+003  0.11728073E+002  0.11952054E+002  0.26600155E+002  0.26681319E+002  0.58990648E+003
   419.9248  0.64229049E+003  0.64559402E+003  0.54993183E+003  0.62928723E+003  0.62933283E+003  0.11568836E+002  0.11789808E+002  0.26270620E+002  0.26352474E+002  0.57282624E+003
   420.1754  0.62409513E+003  0.62730168E+003  0.53413337E+003  0.61120919E+003  0.61125338E+003  0.11412830E+002  0.11630854E+002  0.25947717E+002  0.26030226E+002  0.55647797E+003
   420.4261  0.60666682E+003  0.60978051E+003  0.51900417E+003  0.59389695E+003  0.59393979E+003  0.11259970E+002  0.11475103E+002  0.25631266E+002  0.25714397E+002  0.54082051E+003
   420.6767  0.58996305E+003  0.59298776E+003  0.50450703E+003  0.57730800E+003  0.57734954E+003  0.11110170E+002  0.11322469E+002  0.25321095E+002  0.25404816E+002  0.52581551E+003
   420.9273  0.57394421E+003  0.57688360E+003  0.49060734E+003  0.56140269E+003  0.56144299E+003  0.10963348E+002  0.11172870E+002  0.25017037E+002  0.25101318E+002  0.51142729E+003
   421.1779  0.55857337E+003  0.56143090E+003  0.47727279E+003  0.54614407E+003  0.54618318E+003  0.10819426E+002  0.11026225E+002  0.24718928E+002  0.24803742E+002  0.49762252E+003
   421.4286  0.54381602E+003  0.54659500E+003  0.46447324E+003  0.53149764E+003  0.53153561E+003  0.10678328E+002  0.10882455E+002  0.24426615E+002  0.24511934E+002  0.48437012E+003
   421.6792  0.52963994E+003  0.53234347E+003  0.45218051E+003  0.51743116E+003  0.51746804E+003  0.10539978E+002  0.10741486E+002  0.24139944E+002  0.24225744E+002  0.47164104E+003
   421.9298  0.51601500E+003  0.51864603E+003  0.44036826E+003  0.50391448E+003  0.50395031E+003  0.10404307E+002  0.10603246E+002  0.23858770E+002  0.23945027E+002  0.45940811E+003
   422.1805  0.50291298E+003  0.50547431E+003  0.42901182E+003  0.49091939E+003  0.49095422E+003  0.10271245E+002  0.10467663E+002  0.23582951E+002  0.23669642E+002  0.44764590E+003
   422.4311  0.49030744E+003  0.49280173E+003  0.41808810E+003  0.47841945E+003  0.47845331E+003  0.10140725E+002  0.10334670E+002  0.23312351E+002  0.23399455E+002  0.43633059E+003
   422.6817  0.47817361E+003  0.48060337E+003  0.40757544E+003  0.46638988E+003  0.46642281E+003  0.10012683E+002  0.10204201E+002  0.23046837E+002  0.23134334E+002  0.42543982E+003
   422.9323  0.46648821E+003  0.46885585E+003  0.39745351E+003  0.45480742E+003  0.45483946E+003  0.98870552E+001  0.10076192E+002  0.22786281E+002  0.22874151E+002  0.41495265E+003
   423.1830  0.45522941E+003  0.45753721E+003  0.38770323E+003  0.44365023E+003  0.44368142E+003  0.97637821E+001  0.99505817E+001  0.22530558E+002  0.22618783E+002  0.40484938E+003
   423.4336  0.44437667E+003  0.44662681E+003  0.37830665E+003  0.43289779E+003  0.43292815E+003  0.96428046E+001  0.98273100E+001  0.22279548E+002  0.22368110E+002  0.39511151E+003
   423.6842  0.43391069E+003  0.43610522E+003  0.36924692E+003  0.42253079E+003  0.42256035E+003  0.95240657E+001  0.97063191E+001  0.22033134E+002  0.22122018E+002  0.38572164E+003
   423.9348  0.42381327E+003  0.42595419E+003  0.36050815E+003  0.41253106E+003  0.41255986E+003  0.94075105E+001  0.95875527E+001  0.21791204E+002  0.21880393E+002  0.37666339E+003
   424.1855  0.41406731E+003  0.41615648E+003  0.35207538E+003  0.40288150E+003  0.40290956E+003  0.92930855E+001  0.94709566E+001  0.21553648E+002  0.21643127E+002  0.36792132E+003
   424.4361  0.40465666E+003  0.40669587E+003  0.34393453E+003  0.39356596E+003  0.39359331E+003  0.91807389E+001  0.93564780E+001  0.21320360E+002  0.21410114E+002  0.35948091E+003
   424.6867  0.39556610E+003  0.39755706E+003  0.33607229E+003  0.38456924E+003  0.38459591E+003  0.90704205E+001  0.92440657E+001  0.21091237E+002  0.21181252E+002  0.35132842E+003
   424.9373  0.38678125E+003  0.38872560E+003  0.32847612E+003  0.37587699E+003  0.37590299E+003  0.89620816E+001  0.91336702E+001  0.20866178E+002  0.20956443E+002  0.34345092E+003
   425.1880  0.37828854E+003  0.38018784E+003  0.32113417E+003  0.36747563E+003  0.36750099E+003  0.88556750E+001  0.90252433E+001  0.20645088E+002  0.20735589E+002  0.33583618E+003
   425.4386  0.37007514E+003  0.37193089E+003  0.31403524E+003  0.35935235E+003  0.35937710E+003  0.87511549E+001  0.89187385E+001  0.20427872E+002  0.20518597E+002  0.32847263E+003
   425.6892  0.36212892E+003  0.36394254E+003  0.30716873E+003  0.35149504E+003  0.35151920E+003  0.86484768E+001  0.88141103E+001  0.20214439E+002  0.20305377E+002  0.32134935E+003
   425.9398  0.35443840E+003  0.35621126E+003  0.30052463E+003  0.34389223E+003  0.34391581E+003  0.85475975E+001  0.87113148E+001  0.20004700E+002  0.20095840E+002  0.31445600E+003
   426.1905  0.34699271E+003  0.34872612E+003  0.29409345E+003  0.33653306E+003  0.33655608E+003  0.84484752E+001  0.86103095E+001  0.19798570E+002  0.19889902E+002  0.30778278E+003
   426.4411  0.33978155E+003  0.34147675E+003  0.28786621E+003  0.32940725E+003  0.32942974E+003  0.83510692E+001  0.85110528E+001  0.19595965E+002  0.19687479E+002  0.30132043E+003
   426.6917  0.33279516E+003  0.33445336E+003  0.28183438E+003  0.32250505E+003  0.32252702E+003  0.82553400E+001  0.84135045E+001  0.19396804E+002  0.19488490E+002  0.29506015E+003
   426.9424  0.32602427E+003  0.32764661E+003  0.27598988E+003  0.31581721E+003  0.31583868E+003  0.81612493E+001  0.83176256E+001  0.19201009E+002  0.19292858E+002  0.28899359E+003
   427.1930  0.31946010E+003  0.32104769E+003  0.27032505E+003  0.30933497E+003  0.30935595E+003  0.80687598E+001  0.82233781E+001  0.19008503E+002  0.19100506E+002  0.28311285E+003
   427.4436  0.31309429E+003  0.31464820E+003  0.26483261E+003  0.30304999E+003  0.30307050E+003  0.79778352E+001  0.81307251E+001  0.18819211E+002  0.18911360E+002  0.27741041E+003
   427.6942  0.30691894E+003  0.30844018E+003  0.25950565E+003  0.29695436E+003  0.29697442E+003  0.78884404E+001  0.80396308E+001  0.18633062E+002  0.18725349E+002  0.27187913E+003
   427.9449  0.30092649E+003  0.30241603E+003  0.25433758E+003  0.29104056E+003  0.29106018E+003  0.78005413E+001  0.79500603E+001  0.18449985E+002  0.18542402E+002  0.26651223E+003
   428.1955  0.29510979E+003  0.29656857E+003  0.24932217E+003  0.28530144E+003  0.28532063E+003  0.77141045E+001  0.78619798E+001  0.18269913E+002  0.18362452E+002  0.26130325E+003
   428.4461  0.28946200E+003  0.29089093E+003  0.24445347E+003  0.27973020E+003  0.27974897E+003  0.76290977E+001  0.77753564E+001  0.18092778E+002  0.18185433E+002  0.25624606E+003
   428.6967  0.28397665E+003  0.28537659E+003  0.23972582E+003  0.27432036E+003  0.27433873E+003  0.75454895E+001  0.76901580E+001  0.17918517E+002  0.18011281E+002  0.25133481E+003
   428.9474  0.27864755E+003  0.28001933E+003  0.23513382E+003  0.26906575E+003  0.26908373E+003  0.74632494E+001  0.76063534E+001  0.17747066E+002  0.17839932E+002  0.24656393E+003
   429.1980  0.27346881E+003  0.27481323E+003  0.23067235E+003  0.26396050E+003  0.26397811E+003  0.73823475E+001  0.75239125E+001  0.17578365E+002  0.17671327E+002  0.24192813E+003
   429.4486  0.26843481E+003  0.26975265E+003  0.22633651E+003  0.25899901E+003  0.25901625E+003  0.73027551E+001  0.74428058E+001  0.17412354E+002  0.17505406E+002  0.23742236E+003
   429.6992  0.26354020E+003  0.26483219E+003  0.22212164E+003  0.25417593E+003  0.25419282E+003  0.72244439E+001  0.73630045E+001  0.17248976E+002  0.17342112E+002  0.23304178E+003
   429.9499  0.25877986E+003  0.26004673E+003  0.21802327E+003  0.24948618E+003  0.24950272E+003  0.71473865E+001  0.72844807E+001  0.17088174E+002  0.17181388E+002  0.22878180E+003
   430.2005  0.25414893E+003  0.25539136E+003  0.21403716E+003  0.24492489E+003  0.24494109E+003  0.70715563E+001  0.72072074E+001  0.16929894E+002  0.17023181E+002  0.22463803E+003
   430.4511  0.24964273E+003  0.25086140E+003  0.21015926E+003  0.24048741E+003  0.24050329E+003  0.69969273E+001  0.71311580E+001  0.16774082E+002  0.16867437E+002  0.22060628E+003
   430.7018  0.24525682E+003  0.24645236E+003  0.20638568E+003  0.23616931E+003  0.23618487E+003  0.69234742E+001  0.70563068E+001  0.16620686E+002  0.16714104E+002  0.21668254E+003
   430.9524  0.24098695E+003  0.24215998E+003  0.20271273E+003  0.23196635E+003  0.23198160E+003  0.68511725E+001  0.69826287E+001  0.16469656E+002  0.16563133E+002  0.21286299E+003
   431.2030  0.23682905E+003  0.23798017E+003  0.19913685E+003  0.22787447E+003  0.22788943E+003  0.67799981E+001  0.69100993E+001  0.16320944E+002  0.16414473E+002  0.20914397E+003
   431.4536  0.23277923E+003  0.23390901E+003  0.19565466E+003  0.22388981E+003  0.22390447E+003  0.67099277E+001  0.68386949E+001  0.16174500E+002  0.16268079E+002  0.20552197E+003
   431.7043  0.22883377E+003  0.22994276E+003  0.19226292E+003  0.22000865E+003  0.22002303E+003  0.66409387E+001  0.67683922E+001  0.16030278E+002  0.16123902E+002  0.20199365E+003
   431.9549  0.22498909E+003  0.22607784E+003  0.18895853E+003  0.21622743E+003  0.21624154E+003  0.65730087E+001  0.66991687E+001  0.15888233E+002  0.15981897E+002  0.19855580E+003
   432.2055  0.22124180E+003  0.22231081E+003  0.18573852E+003  0.21254277E+003  0.21255661E+003  0.65061163E+001  0.66310023E+001  0.15748320E+002  0.15842021E+002  0.19520535E+003
   432.4561  0.21758861E+003  0.21863840E+003  0.18260003E+003  0.20895141E+003  0.20896499E+003  0.64402403E+001  0.65638718E+001  0.15610497E+002  0.15704231E+002  0.19193937E+003
   432.7068  0.21402640E+003  0.21505745E+003  0.17954036E+003  0.20545022E+003  0.20546355E+003  0.63753603E+001  0.64977560E+001  0.15474721E+002  0.15568483E+002  0.18875503E+003
   432.9574  0.21055217E+003  0.21156494E+003  0.17655687E+003  0.20203621E+003  0.20204929E+003  0.63114563E+001  0.64326348E+001  0.15340951E+002  0.15434739E+002  0.18564962E+003
   433.2080  0.20716302E+003  0.20815797E+003  0.17364706E+003  0.19870652E+003  0.19871937E+003  0.62485087E+001  0.63684881E+001  0.15209147E+002  0.15302957E+002  0.18262057E+003
   433.4586  0.20385621E+003  0.20483377E+003  0.17080854E+003  0.19545840E+003  0.19547101E+003  0.61864987E+001  0.63052967E+001  0.15079270E+002  0.15173099E+002  0.17966539E+003
   433.7093  0.20062906E+003  0.20158967E+003  0.16803899E+003  0.19228920E+003  0.19230158E+003  0.61254075E+001  0.62430416E+001  0.14951282E+002  0.15045126E+002  0.17678168E+003
   433.9599  0.19747905E+003  0.19842311E+003  0.16533619E+003  0.18919639E+003  0.18920855E+003  0.60652172E+001  0.61817044E+001  0.14825146E+002  0.14919003E+002  0.17396717E+003
   434.2105  0.19440373E+003  0.19533163E+003  0.16269803E+003  0.18617754E+003  0.18618948E+003  0.60059100E+001  0.61212672E+001  0.14700826E+002  0.14794692E+002  0.17121964E+003
   434.4612  0.19140073E+003  0.19231287E+003  0.16012245E+003  0.18323031E+003  0.18324204E+003  0.59474689E+001  0.60617125E+001  0.14578286E+002  0.14672158E+002  0.16853700E+003
   434.7118  0.18846782E+003  0.18936456E+003  0.15760751E+003  0.18035245E+003  0.18036398E+003  0.58898770E+001  0.60030230E+001  0.14457492E+002  0.14551368E+002  0.16591721E+003
   434.9624  0.18560281E+003  0.18648452E+003  0.15515130E+003  0.17754181E+003  0.17755313E+003  0.58331178E+001  0.59451821E+001  0.14338411E+002  0.14432288E+002  0.16335832E+003
   435.2130  0.18280363E+003  0.18367066E+003  0.15275202E+003  0.17479630E+003  0.17480744E+003  0.57771755E+001  0.58881736E+001  0.14221009E+002  0.14314884E+002  0.16085845E+003
   435.4637  0.18006826E+003  0.18092094E+003  0.15040792E+003  0.17211395E+003  0.17212489E+003  0.57220344E+001  0.58319815E+001  0.14105254E+002  0.14199125E+002  0.15841580E+003
   435.7143  0.17739477E+003  0.17823344E+003  0.14811732E+003  0.16949281E+003  0.16950357E+003  0.56676793E+001  0.57765902E+001  0.13991116E+002  0.14084980E+002  0.15602864E+003
   435.9649  0.17478131E+003  0.17560628E+003  0.14587861E+003  0.16693106E+003  0.16694163E+003  0.56140952E+001  0.57219847E+001  0.13878563E+002  0.13972418E+002  0.15369530E+003
   436.2155  0.17222609E+003  0.17303767E+003  0.14369024E+003  0.16442690E+003  0.16443730E+003  0.55612678E+001  0.56681501E+001  0.13767566E+002  0.13861410E+002  0.15141416E+003
   436.4662  0.16972738E+003  0.17052587E+003  0.14155071E+003  0.16197863E+003  0.16198885E+003  0.55091827E+001  0.56150720E+001  0.13658096E+002  0.13751926E+002  0.14918368E+003
   436.7168  0.16728352E+003  0.16806922E+003  0.13945857E+003  0.15958459E+003  0.15959465E+003  0.54578261E+001  0.55627363E+001  0.13550124E+002  0.13643938E+002  0.14700237E+003
   436.9674  0.16489292E+003  0.16566610E+003  0.13741244E+003  0.15724320E+003  0.15725309E+003  0.54071845E+001  0.55111291E+001  0.13443623E+002  0.13537419E+002  0.14486879E+003
   437.2180  0.16255403E+003  0.16331498E+003  0.13541098E+003  0.15495293E+003  0.15496266E+003  0.53572447E+001  0.54602371E+001  0.13338565E+002  0.13432342E+002  0.14278156E+003
   437.4687  0.16026538E+003  0.16101435E+003  0.13345291E+003  0.15271229E+003  0.15272187E+003  0.53079938E+001  0.54100470E+001  0.13234924E+002  0.13328679E+002  0.14073934E+003
   437.7193  0.15802551E+003  0.15876277E+003  0.13153696E+003  0.15051988E+003  0.15052930E+003  0.52594191E+001  0.53605460E+001  0.13132674E+002  0.13226405E+002  0.13874085E+003
   437.9699  0.15583307E+003  0.15655887E+003  0.12966196E+003  0.14837430E+003  0.14838358E+003  0.52115083E+001  0.53117215E+001  0.13031789E+002  0.13125495E+002  0.13678484E+003
   438.2206  0.15368670E+003  0.15440128E+003  0.12782673E+003  0.14627425E+003  0.14628338E+003  0.51642494E+001  0.52635612E+001  0.12932246E+002  0.13025925E+002  0.13487012E+003
   438.4712  0.15158513E+003  0.15228873E+003  0.12603017E+003  0.14421844E+003  0.14422742E+003  0.51176306E+001  0.52160532E+001  0.12834019E+002  0.12927669E+002  0.13299553E+003
   438.7218  0.14952711E+003  0.15021997E+003  0.12427120E+003  0.14220564E+003  0.14221448E+003  0.50716403E+001  0.51691857E+001  0.12737086E+002  0.12830705E+002  0.13115996E+003
   438.9724  0.14751145E+003  0.14819378E+003  0.12254876E+003  0.14023465E+003  0.14024336E+003  0.50262673E+001  0.51229473E+001  0.12641423E+002  0.12735010E+002  0.12936232E+003
   439.2231  0.14553698E+003  0.14620901E+003  0.12086187E+003  0.13830434E+003  0.13831291E+003  0.49815007E+001  0.50773267E+001  0.12547007E+002  0.12640560E+002  0.12760158E+003
   439.4737  0.14360259E+003  0.14426452E+003  0.11920955E+003  0.13641358E+003  0.13642202E+003  0.49373296E+001  0.50323130E+001  0.12453817E+002  0.12547335E+002  0.12587674E+003
   439.7243  0.14170719E+003  0.14235924E+003  0.11759086E+003  0.13456131E+003  0.13456962E+003  0.48937436E+001  0.49878954E+001  0.12361830E+002  0.12455311E+002  0.12418682E+003
   439.9749  0.13984975E+003  0.14049211E+003  0.11600490E+003  0.13274648E+003  0.13275467E+003  0.48507322E+001  0.49440635E+001  0.12271026E+002  0.12364469E+002  0.12253089E+003
   440.2256  0.13802924E+003  0.13866211E+003  0.11445079E+003  0.13096811E+003  0.13097617E+003  0.48082856E+001  0.49008070E+001  0.12181384E+002  0.12274788E+002  0.12090803E+003
   440.4762  0.13624470E+003  0.13686828E+003  0.11292768E+003  0.12922521E+003  0.12923315E+003  0.47663938E+001  0.48581158E+001  0.12092885E+002  0.12186247E+002  0.11931738E+003
   440.7268  0.13449519E+003  0.13510964E+003  0.11143475E+003  0.12751685E+003  0.12752468E+003  0.47250472E+001  0.48159803E+001  0.12005507E+002  0.12098827E+002  0.11775808E+003
   440.9774  0.13277977E+003  0.13338530E+003  0.10997122E+003  0.12584212E+003  0.12584984E+003  0.46842363E+001  0.47743907E+001  0.11919231E+002  0.12012508E+002  0.11622932E+003
   441.2281  0.13109758E+003  0.13169435E+003  0.10853632E+003  0.12420015E+003  0.12420776E+003  0.46439520E+001  0.47333377E+001  0.11834040E+002  0.11927272E+002  0.11473030E+003
   441.4787  0.12944776E+003  0.13003595E+003  0.10712930E+003  0.12259010E+003  0.12259759E+003  0.46041853E+001  0.46928120E+001  0.11749914E+002  0.11843101E+002  0.11326025E+003
   441.7293  0.12782948E+003  0.12840924E+003  0.10574945E+003  0.12101113E+003  0.12101852E+003  0.45649272E+001  0.46528047E+001  0.11666835E+002  0.11759975E+002  0.11181843E+003
   441.9799  0.12624193E+003  0.12681344E+003  0.10439607E+003  0.11946245E+003  0.11946974E+003  0.45261692E+001  0.46133070E+001  0.11584786E+002  0.11677877E+002  0.11040412E+003
   442.2306  0.12468435E+003  0.12524776E+003  0.10306850E+003  0.11794330E+003  0.11795048E+003  0.44879028E+001  0.45743103E+001  0.11503749E+002  0.11596791E+002  0.10901662E+003
   442.4812  0.12315597E+003  0.12371145E+003  0.10176607E+003  0.11645293E+003  0.11646001E+003  0.44501198E+001  0.45358060E+001  0.11423706E+002  0.11516698E+002  0.10765527E+003
   442.7318  0.12165608E+003  0.12220376E+003  0.10048816E+003  0.11499061E+003  0.11499760E+003  0.44128119E+001  0.44977860E+001  0.11344643E+002  0.11437583E+002  0.10631940E+003
   442.9825  0.12018396E+003  0.12072400E+003  0.99234164E+002  0.11355566E+003  0.11356254E+003  0.43759713E+001  0.44602422E+001  0.11266541E+002  0.11359430E+002  0.10500838E+003
   443.2331  0.11873893E+003  0.11927147E+003  0.98003480E+002  0.11214738E+003  0.11215417E+003  0.43395902E+001  0.44231666E+001  0.11189386E+002  0.11282221E+002  0.10372160E+003
   443.4837  0.11732033E+003  0.11784551E+003  0.96795536E+002  0.11076512E+003  0.11077182E+003  0.43036610E+001  0.43865515E+001  0.11113161E+002  0.11205942E+002  0.10245846E+003
   443.7343  0.11592751E+003  0.11644546E+003  0.95609778E+002  0.10940825E+003  0.10941486E+003  0.42681762E+001  0.43503893E+001  0.11037851E+002  0.11130578E+002  0.10121839E+003
   443.9850  0.11455986E+003  0.11507072E+003  0.94445664E+002  0.10807615E+003  0.10808267E+003  0.42331285E+001  0.43146725E+001  0.10963442E+002  0.11056112E+002  0.10000083E+003
   444.2356  0.11321676E+003  0.11372066E+003  0.93302672E+002  0.10676822E+003  0.10677465E+003  0.41985108E+001  0.42793939E+001  0.10889918E+002  0.10982532E+002  0.98805232E+002
   444.4862  0.11189763E+003  0.11239469E+003  0.92180293E+002  0.10548387E+003  0.10549022E+003  0.41643161E+001  0.42445463E+001  0.10817266E+002  0.10909822E+002  0.97631074E+002
   444.7368  0.11060190E+003  0.11109225E+003  0.91078036E+002  0.10422256E+003  0.10422882E+003  0.41305375E+001  0.42101227E+001  0.10745471E+002  0.10837969E+002  0.96477845E+002
   444.9875  0.10932902E+003  0.10981278E+003  0.89995423E+002  0.10298372E+003  0.10298990E+003  0.40971683E+001  0.41761164E+001  0.10674519E+002  0.10766958E+002  0.95345049E+002
   445.2381  0.10807846E+003  0.10855574E+003  0.88931989E+002  0.10176682E+003  0.10177293E+003  0.40642019E+001  0.41425204E+001  0.10604397E+002  0.10696776E+002  0.94232205E+002
   445.4887  0.10684968E+003  0.10732061E+003  0.87887285E+002  0.10057136E+003  0.10057739E+003  0.40316318E+001  0.41093284E+001  0.10535092E+002  0.10627410E+002  0.93138847E+002
   445.7393  0.10564219E+003  0.10610688E+003  0.86860874E+002  0.99396834E+002  0.99402784E+002  0.39994517E+001  0.40765338E+001  0.10466590E+002  0.10558847E+002  0.92064523E+002
   445.9900  0.10445550E+003  0.10491405E+003  0.85852330E+002  0.98242752E+002  0.98248627E+002  0.39676554E+001  0.40441303E+001  0.10398879E+002  0.10491074E+002  0.91008790E+002
   446.2406  0.10328912E+003  0.10374164E+003  0.84861243E+002  0.97108645E+002  0.97114447E+002  0.39362368E+001  0.40121117E+001  0.10331946E+002  0.10424078E+002  0.89971224E+002
   446.4912  0.10214260E+003  0.10258920E+003  0.83887211E+002  0.95994055E+002  0.95999785E+002  0.39051900E+001  0.39804719E+001  0.10265780E+002  0.10357849E+002  0.88951408E+002
   446.7419  0.10101549E+003  0.10145627E+003  0.82929847E+002  0.94898537E+002  0.94904197E+002  0.38745092E+001  0.39492050E+001  0.10200368E+002  0.10292373E+002  0.87948938E+002
   446.9925  0.99907347E+002  0.10034240E+003  0.81988770E+002  0.93821658E+002  0.93827249E+002  0.38441884E+001  0.39183052E+001  0.10135698E+002  0.10227638E+002  0.86963424E+002
   447.2431  0.98817746E+002  0.99247179E+002  0.81063616E+002  0.92762999E+002  0.92768523E+002  0.38142223E+001  0.38877667E+001  0.10071759E+002  0.10163634E+002  0.85994485E+002
   447.4937  0.97746275E+002  0.98170182E+002  0.80154026E+002  0.91722150E+002  0.91727608E+002  0.37846053E+001  0.38575839E+001  0.10008540E+002  0.10100349E+002  0.85041749E+002
   447.7444  0.96692533E+002  0.97111006E+002  0.79259654E+002  0.90698715E+002  0.90704108E+002  0.37553319E+001  0.38277513E+001  0.99460287E+001  0.10037772E+002  0.84104858E+002
   447.9950  0.95656130E+002  0.96069261E+002  0.78380161E+002  0.89692307E+002  0.89697637E+002  0.37263968E+001  0.37982636E+001  0.98842154E+001  0.99758915E+001  0.83183461E+002
   448.2456  0.94636685E+002  0.95044563E+002  0.77515221E+002  0.88702551E+002  0.88707820E+002  0.36977950E+001  0.37691153E+001  0.98230891E+001  0.99146978E+001  0.82277218E+002
   448.4962  0.93633828E+002  0.94036541E+002  0.76664514E+002  0.87729083E+002  0.87734290E+002  0.36695212E+001  0.37403014E+001  0.97626393E+001  0.98541801E+001  0.81385798E+002
   448.7469  0.92647201E+002  0.93044835E+002  0.75827729E+002  0.86771545E+002  0.86776694E+002  0.36415705E+001  0.37118167E+001  0.97028558E+001  0.97943281E+001  0.80508880E+002
   448.9975  0.91676454E+002  0.92069091E+002  0.75004565E+002  0.85829594E+002  0.85834685E+002  0.36139379E+001  0.36836563E+001  0.96437284E+001  0.97351319E+001  0.79646148E+002
   449.2481  0.90721246E+002  0.91108969E+002  0.74194727E+002  0.84902893E+002  0.84907927E+002  0.35866188E+001  0.36558152E+001  0.95852473E+001  0.96765814E+001  0.78797300E+002
   449.4987  0.89781246E+002  0.90164135E+002  0.73397930E+002  0.83991114E+002  0.83996093E+002  0.35596082E+001  0.36282886E+001  0.95274029E+001  0.96186672E+001  0.77962039E+002
   449.7494  0.88856131E+002  0.89234265E+002  0.72613895E+002  0.83093940E+002  0.83098865E+002  0.35329017E+001  0.36010718E+001  0.94701855E+001  0.95613795E+001  0.77140074E+002
   450.0000  0.87945588E+002  0.88319043E+002  0.71842351E+002  0.82211059E+002  0.82215931E+002  0.35064947E+001  0.35741602E+001  0.94135860E+001  0.95047093E+001  0.76331127E+002
