#Raman spectra
#Laser energy   2.33 eV
#Raman shift (cm-1), Raman Spectra (XX,YY,ZZ,s+s+,s-s-,XY,YX,s+s-,s-s+,nonpol)
   350.0000  0.12023564E+003  0.11857341E+003  0.44775240E+002  0.81482773E+002  0.81883022E+002  0.34283578E+002  0.34893725E+002  0.72216716E+002  0.72403850E+002  0.84304900E+002
   350.2506  0.12155302E+003  0.11987290E+003  0.45201282E+002  0.82258187E+002  0.82662192E+002  0.34807904E+002  0.35427373E+002  0.73276818E+002  0.73464004E+002  0.85131708E+002
   350.5013  0.12289403E+003  0.12119568E+003  0.45633432E+002  0.83044720E+002  0.83452534E+002  0.35344340E+002  0.35973348E+002  0.74361450E+002  0.74548697E+002  0.85973129E+002
   350.7519  0.12425926E+003  0.12254235E+003  0.46071807E+002  0.83842587E+002  0.84254262E+002  0.35893265E+002  0.36532033E+002  0.75471371E+002  0.75658687E+002  0.86829496E+002
   351.0025  0.12564934E+003  0.12391350E+003  0.46516527E+002  0.84652005E+002  0.85067596E+002  0.36455067E+002  0.37103824E+002  0.76607371E+002  0.76794764E+002  0.87701156E+002
   351.2531  0.12706490E+003  0.12530978E+003  0.46967716E+002  0.85473198E+002  0.85892761E+002  0.37030153E+002  0.37689136E+002  0.77770269E+002  0.77957746E+002  0.88588464E+002
   351.5038  0.12850661E+003  0.12673184E+003  0.47425499E+002  0.86306397E+002  0.86729987E+002  0.37618944E+002  0.38288396E+002  0.78960915E+002  0.79148487E+002  0.89491788E+002
   351.7544  0.12997515E+003  0.12818034E+003  0.47890005E+002  0.87151835E+002  0.87579511E+002  0.38221878E+002  0.38902052E+002  0.80180197E+002  0.80367871E+002  0.90411507E+002
   352.0050  0.13147122E+003  0.12965599E+003  0.48361367E+002  0.88009755E+002  0.88441574E+002  0.38839413E+002  0.39530567E+002  0.81429036E+002  0.81616822E+002  0.91348014E+002
   352.2556  0.13299557E+003  0.13115950E+003  0.48839721E+002  0.88880403E+002  0.89316425E+002  0.39472022E+002  0.40174426E+002  0.82708390E+002  0.82896298E+002  0.92301714E+002
   352.5063  0.13454894E+003  0.13269163E+003  0.49325204E+002  0.89764031E+002  0.90204317E+002  0.40120200E+002  0.40834130E+002  0.84019258E+002  0.84207297E+002  0.93273026E+002
   352.7569  0.13613213E+003  0.13425315E+003  0.49817960E+002  0.90660900E+002  0.91105512E+002  0.40784462E+002  0.41510205E+002  0.85362678E+002  0.85550859E+002  0.94262384E+002
   353.0075  0.13774595E+003  0.13584486E+003  0.50318135E+002  0.91571275E+002  0.92020275E+002  0.41465344E+002  0.42203195E+002  0.86739733E+002  0.86928066E+002  0.95270235E+002
   353.2581  0.13939124E+003  0.13746759E+003  0.50825877E+002  0.92495429E+002  0.92948881E+002  0.42163404E+002  0.42913668E+002  0.88151550E+002  0.88340046E+002  0.96297044E+002
   353.5088  0.14106888E+003  0.13912221E+003  0.51341341E+002  0.93433640E+002  0.93891610E+002  0.42879225E+002  0.43642218E+002  0.89599305E+002  0.89787974E+002  0.97343290E+002
   353.7594  0.14277977E+003  0.14080960E+003  0.51864683E+002  0.94386195E+002  0.94848751E+002  0.43613413E+002  0.44389463E+002  0.91084222E+002  0.91273077E+002  0.98409470E+002
   354.0100  0.14452485E+003  0.14253070E+003  0.52396066E+002  0.95353390E+002  0.95820598E+002  0.44366602E+002  0.45156046E+002  0.92607580E+002  0.92796632E+002  0.99496097E+002
   354.2607  0.14630511E+003  0.14428646E+003  0.52935654E+002  0.96335523E+002  0.96807453E+002  0.45139452E+002  0.45942640E+002  0.94170711E+002  0.94359974E+002  0.10060371E+003
   354.5113  0.14812154E+003  0.14607789E+003  0.53483618E+002  0.97332906E+002  0.97809629E+002  0.45932653E+002  0.46749948E+002  0.95775008E+002  0.95964493E+002  0.10173285E+003
   354.7619  0.14997522E+003  0.14790602E+003  0.54040131E+002  0.98345855E+002  0.98827442E+002  0.46746925E+002  0.47578701E+002  0.97421922E+002  0.97611643E+002  0.10288409E+003
   355.0125  0.15186722E+003  0.14977192E+003  0.54605372E+002  0.99374696E+002  0.99861221E+002  0.47583021E+002  0.48429666E+002  0.99112972E+002  0.99302942E+002  0.10405803E+003
   355.2632  0.15379869E+003  0.15167672E+003  0.55179525E+002  0.10041976E+003  0.10091130E+003  0.48441725E+002  0.49303642E+002  0.10084974E+003  0.10103998E+003  0.10525529E+003
   355.5138  0.15577080E+003  0.15362158E+003  0.55762777E+002  0.10148140E+003  0.10197803E+003  0.49323861E+002  0.50201466E+002  0.10263389E+003  0.10282440E+003  0.10647649E+003
   355.7644  0.15778479E+003  0.15560772E+003  0.56355323E+002  0.10255995E+003  0.10306175E+003  0.50230286E+002  0.51124013E+002  0.10446715E+003  0.10465795E+003  0.10772231E+003
   356.0150  0.15984193E+003  0.15763637E+003  0.56957360E+002  0.10365579E+003  0.10416283E+003  0.51161901E+002  0.52072197E+002  0.10635133E+003  0.10654244E+003  0.10899343E+003
   356.2657  0.16194356E+003  0.15970887E+003  0.57569093E+002  0.10476929E+003  0.10528165E+003  0.52119646E+002  0.53046976E+002  0.10828834E+003  0.10847977E+003  0.11029056E+003
   356.5163  0.16409104E+003  0.16182657E+003  0.58190729E+002  0.10590081E+003  0.10641859E+003  0.53104506E+002  0.54049352E+002  0.11028015E+003  0.11047192E+003  0.11161444E+003
   356.7669  0.16628584E+003  0.16399090E+003  0.58822486E+002  0.10705077E+003  0.10757404E+003  0.54117514E+002  0.55080377E+002  0.11232884E+003  0.11252098E+003  0.11296585E+003
   357.0175  0.16852946E+003  0.16620332E+003  0.59464582E+002  0.10821955E+003  0.10874840E+003  0.55159750E+002  0.56141150E+002  0.11443661E+003  0.11462912E+003  0.11434560E+003
   357.2682  0.17082345E+003  0.16846540E+003  0.60117245E+002  0.10940757E+003  0.10994209E+003  0.56232349E+002  0.57232827E+002  0.11660573E+003  0.11679864E+003  0.11575450E+003
   357.5188  0.17316946E+003  0.17077874E+003  0.60780708E+002  0.11061526E+003  0.11115554E+003  0.57336501E+002  0.58356617E+002  0.11883859E+003  0.11903192E+003  0.11719343E+003
   357.7694  0.17556918E+003  0.17314501E+003  0.61455211E+002  0.11184306E+003  0.11238918E+003  0.58473452E+002  0.59513792E+002  0.12113772E+003  0.12133148E+003  0.11866329E+003
   358.0201  0.17802442E+003  0.17556598E+003  0.62140999E+002  0.11309140E+003  0.11364346E+003  0.59644515E+002  0.60705683E+002  0.12350575E+003  0.12369997E+003  0.12016504E+003
   358.2707  0.18053701E+003  0.17804347E+003  0.62838325E+002  0.11436076E+003  0.11491886E+003  0.60851064E+002  0.61933694E+002  0.12594546E+003  0.12614016E+003  0.12169963E+003
   358.5213  0.18310891E+003  0.18057941E+003  0.63547451E+002  0.11565160E+003  0.11621583E+003  0.62094546E+002  0.63199294E+002  0.12845976E+003  0.12865496E+003  0.12326810E+003
   358.7719  0.18574215E+003  0.18317578E+003  0.64268643E+002  0.11696442E+003  0.11753488E+003  0.63376483E+002  0.64504033E+002  0.13105171E+003  0.13124743E+003  0.12487152E+003
   359.0226  0.18843886E+003  0.18583469E+003  0.65002177E+002  0.11829972E+003  0.11887651E+003  0.64698474E+002  0.65849539E+002  0.13372453E+003  0.13392081E+003  0.12651099E+003
   359.2732  0.19120125E+003  0.18855833E+003  0.65748335E+002  0.11965800E+003  0.12024123E+003  0.66062201E+002  0.67237524E+002  0.13648161E+003  0.13667846E+003  0.12818769E+003
   359.5238  0.19403167E+003  0.19134899E+003  0.66507409E+002  0.12103981E+003  0.12162958E+003  0.67469439E+002  0.68669794E+002  0.13932653E+003  0.13952398E+003  0.12990281E+003
   359.7744  0.19693255E+003  0.19420908E+003  0.67279700E+002  0.12244569E+003  0.12304211E+003  0.68922055E+002  0.70148250E+002  0.14226303E+003  0.14246111E+003  0.13165764E+003
   360.0251  0.19990645E+003  0.19714111E+003  0.68065514E+002  0.12387620E+003  0.12447937E+003  0.70422018E+002  0.71674895E+002  0.14529508E+003  0.14549382E+003  0.13345349E+003
   360.2757  0.20295606E+003  0.20014774E+003  0.68865170E+002  0.12533192E+003  0.12594196E+003  0.71971405E+002  0.73251843E+002  0.14842686E+003  0.14862630E+003  0.13529176E+003
   360.5263  0.20608419E+003  0.20323173E+003  0.69678994E+002  0.12681345E+003  0.12743047E+003  0.73572407E+002  0.74881326E+002  0.15166279E+003  0.15186294E+003  0.13717389E+003
   360.7769  0.20929379E+003  0.20639599E+003  0.70507323E+002  0.12832139E+003  0.12894552E+003  0.75227340E+002  0.76565697E+002  0.15500750E+003  0.15520841E+003  0.13910141E+003
   361.0276  0.21258799E+003  0.20964359E+003  0.71350504E+002  0.12985639E+003  0.13048773E+003  0.76938647E+002  0.78307448E+002  0.15846593E+003  0.15866763E+003  0.14107592E+003
   361.2782  0.21597005E+003  0.21297775E+003  0.72208893E+002  0.13141909E+003  0.13205777E+003  0.78708914E+002  0.80109207E+002  0.16204327E+003  0.16224579E+003  0.14309908E+003
   361.5288  0.21944339E+003  0.21640185E+003  0.73082859E+002  0.13301016E+003  0.13365630E+003  0.80540877E+002  0.81973760E+002  0.16574502E+003  0.16594840E+003  0.14517266E+003
   361.7794  0.22301166E+003  0.21991945E+003  0.73972780E+002  0.13463030E+003  0.13528403E+003  0.82437430E+002  0.83904052E+002  0.16957699E+003  0.16978127E+003  0.14729849E+003
   362.0301  0.22667864E+003  0.22353432E+003  0.74879047E+002  0.13628021E+003  0.13694166E+003  0.84401639E+002  0.85903205E+002  0.17354535E+003  0.17375058E+003  0.14947850E+003
   362.2807  0.23044838E+003  0.22725039E+003  0.75802062E+002  0.13796064E+003  0.13862993E+003  0.86436755E+002  0.87974526E+002  0.17765663E+003  0.17786285E+003  0.15171475E+003
   362.5313  0.23432510E+003  0.23107186E+003  0.76742241E+002  0.13967233E+003  0.14034961E+003  0.88546225E+002  0.90121524E+002  0.18191776E+003  0.18212501E+003  0.15400936E+003
   362.7820  0.23831327E+003  0.23500312E+003  0.77700011E+002  0.14141607E+003  0.14210147E+003  0.90733708E+002  0.92347923E+002  0.18633608E+003  0.18654441E+003  0.15636460E+003
   363.0326  0.24241764E+003  0.23904884E+003  0.78675815E+002  0.14319266E+003  0.14388632E+003  0.93003090E+002  0.94657680E+002  0.19091940E+003  0.19112886E+003  0.15878284E+003
   363.2832  0.24664319E+003  0.24321392E+003  0.79670106E+002  0.14500294E+003  0.14570500E+003  0.95358502E+002  0.97054997E+002  0.19567601E+003  0.19588665E+003  0.16126659E+003
   363.5338  0.25099521E+003  0.24750359E+003  0.80683355E+002  0.14684776E+003  0.14755837E+003  0.97804337E+002  0.99544347E+002  0.20061474E+003  0.20082662E+003  0.16381849E+003
   363.7845  0.25547931E+003  0.25192334E+003  0.81716047E+002  0.14872801E+003  0.14944731E+003  0.10034527E+003  0.10213049E+003  0.20574497E+003  0.20595814E+003  0.16644133E+003
   364.0351  0.26010141E+003  0.25647903E+003  0.82768683E+002  0.15064459E+003  0.15137275E+003  0.10298630E+003  0.10481850E+003  0.21107669E+003  0.21129122E+003  0.16913808E+003
   364.2857  0.26486782E+003  0.26117685E+003  0.83841777E+002  0.15259846E+003  0.15333562E+003  0.10573271E+003  0.10761378E+003  0.21662057E+003  0.21683652E+003  0.17191184E+003
   364.5363  0.26978520E+003  0.26602336E+003  0.84935865E+002  0.15459058E+003  0.15533690E+003  0.10859020E+003  0.11052211E+003  0.22238798E+003  0.22260541E+003  0.17476594E+003
   364.7870  0.27486065E+003  0.27102557E+003  0.86051497E+002  0.15662196E+003  0.15737760E+003  0.11156481E+003  0.11354964E+003  0.22839106E+003  0.22861005E+003  0.17770387E+003
   365.0376  0.28010172E+003  0.27619089E+003  0.87189241E+002  0.15869364E+003  0.15945877E+003  0.11466300E+003  0.11670296E+003  0.23464277E+003  0.23486340E+003  0.18072935E+003
   365.2882  0.28551645E+003  0.28152724E+003  0.88349687E+002  0.16080669E+003  0.16158148E+003  0.11789172E+003  0.11998912E+003  0.24115701E+003  0.24137935E+003  0.18384633E+003
   365.5388  0.29111338E+003  0.28704303E+003  0.89533440E+002  0.16296223E+003  0.16374684E+003  0.12125837E+003  0.12341567E+003  0.24794862E+003  0.24817276E+003  0.18705900E+003
   365.7895  0.29690164E+003  0.29274725E+003  0.90741131E+002  0.16516139E+003  0.16595600E+003  0.12477089E+003  0.12699069E+003  0.25503353E+003  0.25525955E+003  0.19037184E+003
   366.0401  0.30289097E+003  0.29864948E+003  0.91973407E+002  0.16740538E+003  0.16821016E+003  0.12843781E+003  0.13072287E+003  0.26242880E+003  0.26265680E+003  0.19378957E+003
   366.2907  0.30909177E+003  0.30475997E+003  0.93230940E+002  0.16969540E+003  0.17051054E+003  0.13226830E+003  0.13462150E+003  0.27015276E+003  0.27038284E+003  0.19731729E+003
   366.5414  0.31551518E+003  0.31108967E+003  0.94514425E+002  0.17203273E+003  0.17285841E+003  0.13627218E+003  0.13869663E+003  0.27822512E+003  0.27845738E+003  0.20096038E+003
   366.7920  0.32217311E+003  0.31765031E+003  0.95824581E+002  0.17441869E+003  0.17525510E+003  0.14046005E+003  0.14295902E+003  0.28666707E+003  0.28690163E+003  0.20472463E+003
   367.0426  0.32907835E+003  0.32445448E+003  0.97162151E+002  0.17685464E+003  0.17770196E+003  0.14484332E+003  0.14742028E+003  0.29550143E+003  0.29573840E+003  0.20861621E+003
   367.2932  0.33624460E+003  0.33151566E+003  0.98527904E+002  0.17934197E+003  0.18020040E+003  0.14943429E+003  0.15209295E+003  0.30475281E+003  0.30499231E+003  0.21264174E+003
   367.5439  0.34368659E+003  0.33884837E+003  0.99922639E+002  0.18188215E+003  0.18275189E+003  0.15424625E+003  0.15699054E+003  0.31444777E+003  0.31468994E+003  0.21680832E+003
   367.7945  0.35142019E+003  0.34646820E+003  0.10134718E+003  0.18447669E+003  0.18535794E+003  0.15929356E+003  0.16212766E+003  0.32461500E+003  0.32485998E+003  0.22112354E+003
   368.0451  0.35946246E+003  0.35439196E+003  0.10280238E+003  0.18712715E+003  0.18802011E+003  0.16459175E+003  0.16752013E+003  0.33528555E+003  0.33553349E+003  0.22559561E+003
   368.2957  0.36783182E+003  0.36263777E+003  0.10428913E+003  0.18983516E+003  0.19074002E+003  0.17015767E+003  0.17318509E+003  0.34649306E+003  0.34674412E+003  0.23023333E+003
   368.5464  0.37654816E+003  0.37122521E+003  0.10580834E+003  0.19260238E+003  0.19351937E+003  0.17600958E+003  0.17914114E+003  0.35827399E+003  0.35852835E+003  0.23504619E+003
   368.7970  0.38563298E+003  0.38017544E+003  0.10736097E+003  0.19543057E+003  0.19635988E+003  0.18216734E+003  0.18540848E+003  0.37066798E+003  0.37092581E+003  0.24004445E+003
   369.0476  0.39510958E+003  0.38951140E+003  0.10894799E+003  0.19832153E+003  0.19926338E+003  0.18865253E+003  0.19200907E+003  0.38371808E+003  0.38397959E+003  0.24523919E+003
   369.2982  0.40500322E+003  0.39925794E+003  0.11057045E+003  0.20127713E+003  0.20223174E+003  0.19548867E+003  0.19896687E+003  0.39747123E+003  0.39773661E+003  0.25064239E+003
   369.5489  0.41534135E+003  0.40944207E+003  0.11222939E+003  0.20429932E+003  0.20526691E+003  0.20270144E+003  0.20630800E+003  0.41197857E+003  0.41224806E+003  0.25626707E+003
   369.7995  0.42615380E+003  0.42009317E+003  0.11392592E+003  0.20739012E+003  0.20837090E+003  0.21031886E+003  0.21406098E+003  0.42729598E+003  0.42756982E+003  0.26212736E+003
   370.0501  0.43747312E+003  0.43124325E+003  0.11566118E+003  0.21055163E+003  0.21154582E+003  0.21837163E+003  0.22225706E+003  0.44348458E+003  0.44376303E+003  0.26823863E+003
   370.3008  0.44933480E+003  0.44292725E+003  0.11743636E+003  0.21378602E+003  0.21479384E+003  0.22689337E+003  0.23093046E+003  0.46061134E+003  0.46089467E+003  0.27461761E+003
   370.5514  0.46177765E+003  0.45518337E+003  0.11925269E+003  0.21709557E+003  0.21811723E+003  0.23592101E+003  0.24011876E+003  0.47874974E+003  0.47903826E+003  0.28128261E+003
   370.8020  0.47484420E+003  0.46805343E+003  0.12111146E+003  0.22048261E+003  0.22151833E+003  0.24549516E+003  0.24986330E+003  0.49798056E+003  0.49827459E+003  0.28825363E+003
   371.0526  0.48858108E+003  0.48158335E+003  0.12301399E+003  0.22394960E+003  0.22499960E+003  0.25566055E+003  0.26020960E+003  0.51839275E+003  0.51869264E+003  0.29555258E+003
   371.3033  0.50303957E+003  0.49582360E+003  0.12496167E+003  0.22749908E+003  0.22856357E+003  0.26646657E+003  0.27120794E+003  0.54008446E+003  0.54039058E+003  0.30320354E+003
   371.5539  0.51827617E+003  0.51082974E+003  0.12695593E+003  0.23113370E+003  0.23221288E+003  0.27796783E+003  0.28291389E+003  0.56316414E+003  0.56347691E+003  0.31123299E+003
   371.8045  0.53435322E+003  0.52666315E+003  0.12899828E+003  0.23485622E+003  0.23595030E+003  0.29022484E+003  0.29538905E+003  0.58775194E+003  0.58807179E+003  0.31967014E+003
   372.0551  0.55133967E+003  0.54339167E+003  0.13109026E+003  0.23866950E+003  0.23977867E+003  0.30330479E+003  0.30870180E+003  0.61398117E+003  0.61430859E+003  0.32854728E+003
   372.3058  0.56931198E+003  0.56109053E+003  0.13323351E+003  0.24257654E+003  0.24370099E+003  0.31728246E+003  0.32292824E+003  0.64200008E+003  0.64233560E+003  0.33790015E+003
   372.5564  0.58835507E+003  0.57984331E+003  0.13542970E+003  0.24658045E+003  0.24772035E+003  0.33224122E+003  0.33815324E+003  0.67197392E+003  0.67231811E+003  0.34776846E+003
   372.8070  0.60856352E+003  0.59974307E+003  0.13768060E+003  0.25068448E+003  0.25183999E+003  0.34827428E+003  0.35447167E+003  0.70408729E+003  0.70444077E+003  0.35819639E+003
   373.0576  0.63004293E+003  0.62089371E+003  0.13998804E+003  0.25489201E+003  0.25606328E+003  0.36548608E+003  0.37198981E+003  0.73854689E+003  0.73891034E+003  0.36923327E+003
   373.3083  0.65291147E+003  0.64341152E+003  0.14235392E+003  0.25920658E+003  0.26039374E+003  0.38399393E+003  0.39082708E+003  0.77558475E+003  0.77595893E+003  0.38093427E+003
   373.5589  0.67730177E+003  0.66742701E+003  0.14478023E+003  0.26363189E+003  0.26483504E+003  0.40392996E+003  0.41111795E+003  0.81546202E+003  0.81584775E+003  0.39336129E+003
   373.8095  0.70336306E+003  0.69308701E+003  0.14726905E+003  0.26817178E+003  0.26939100E+003  0.42544338E+003  0.43301429E+003  0.85847339E+003  0.85887158E+003  0.40658402E+003
   374.0602  0.73126377E+003  0.72055725E+003  0.14982254E+003  0.27283029E+003  0.27406561E+003  0.44870318E+003  0.45668810E+003  0.90495238E+003  0.90536402E+003  0.42068108E+003
   374.3108  0.76119452E+003  0.75002529E+003  0.15244296E+003  0.27761164E+003  0.27886306E+003  0.47390130E+003  0.48233474E+003  0.95527748E+003  0.95570369E+003  0.43574150E+003
   374.5614  0.79337177E+003  0.78170412E+003  0.15513266E+003  0.28252022E+003  0.28378770E+003  0.50125646E+003  0.51017682E+003  0.10098796E+004  0.10103216E+004  0.45186639E+003
   374.8120  0.82804206E+003  0.81583633E+003  0.15789412E+003  0.28756067E+003  0.28884409E+003  0.53101865E+003  0.54046877E+003  0.10692510E+004  0.10697101E+004  0.46917101E+003
   375.0627  0.86548723E+003  0.85269921E+003  0.16072990E+003  0.29273781E+003  0.29403701E+003  0.56347460E+003  0.57350244E+003  0.11339554E+004  0.11344332E+004  0.48778719E+003
   375.3133  0.90603050E+003  0.89261081E+003  0.16364269E+003  0.29805673E+003  0.29937145E+003  0.59895434E+003  0.60961373E+003  0.12046415E+004  0.12051397E+004  0.50786624E+003
   375.5639  0.95004401E+003  0.93593729E+003  0.16663531E+003  0.30352274E+003  0.30485265E+003  0.63783912E+003  0.64919068E+003  0.12820576E+004  0.12825781E+004  0.52958256E+003
   375.8145  0.99795783E+003  0.98310179E+003  0.16971070E+003  0.30914144E+003  0.31048607E+003  0.68057107E+003  0.69268330E+003  0.13670708E+004  0.13676157E+004  0.55313792E+003
   376.0652  0.10502710E+004  0.10345953E+004  0.17287193E+003  0.31491872E+003  0.31627747E+003  0.72766500E+003  0.74061555E+003  0.14606895E+004  0.14612612E+004  0.57876675E+003
   376.3158  0.11075649E+004  0.10909900E+004  0.17612224E+003  0.32086077E+003  0.32223289E+003  0.77972284E+003  0.79360008E+003  0.15640914E+004  0.15646927E+004  0.60674260E+003
   376.5664  0.11705201E+004  0.11529552E+004  0.17946499E+003  0.32697411E+003  0.32835865E+003  0.83745148E+003  0.85235638E+003  0.16786583E+004  0.16792922E+004  0.63738613E+003
   376.8170  0.12399365E+004  0.12212783E+004  0.18290373E+003  0.33326565E+003  0.33466143E+003  0.90168491E+003  0.91773326E+003  0.18060179E+004  0.18066880E+004  0.67107501E+003
   377.0677  0.13167591E+004  0.12968887E+004  0.18644216E+003  0.33974268E+003  0.34114823E+003  0.97341168E+003  0.99073690E+003  0.19480976E+004  0.19488079E+004  0.70825621E+003
   377.3183  0.14021095E+004  0.13808902E+004  0.19008419E+003  0.34641290E+003  0.34782644E+003  0.10538095E+004  0.10725659E+004  0.21071903E+004  0.21079455E+004  0.74946141E+003
   377.5689  0.14973258E+004  0.14745994E+004  0.19383389E+003  0.35328454E+003  0.35470385E+003  0.11442883E+004  0.11646555E+004  0.22860376E+004  0.22868430E+004  0.79532636E+003
   377.8195  0.16040131E+004  0.15795953E+004  0.19769555E+003  0.36036631E+003  0.36178870E+003  0.12465453E+004  0.12687329E+004  0.24879349E+004  0.24887968E+004  0.84661540E+003
   378.0702  0.17241066E+004  0.16977821E+004  0.20167368E+003  0.36766753E+003  0.36908968E+003  0.13626343E+004  0.13868887E+004  0.27168645E+004  0.27177900E+004  0.90425243E+003
   378.3208  0.18599524E+004  0.18314681E+004  0.20577302E+003  0.37519818E+003  0.37661604E+003  0.14950541E+004  0.15216659E+004  0.29776644E+004  0.29786620E+004  0.96936047E+003
   378.5714  0.20144108E+004  0.19834674E+004  0.20999854E+003  0.38296900E+003  0.38437758E+003  0.16468613E+004  0.16761758E+004  0.32762445E+004  0.32773243E+004  0.10433121E+004
   378.8221  0.21909873E+004  0.21572291E+004  0.21435550E+003  0.39099157E+003  0.39238474E+003  0.18218144E+004  0.18542436E+004  0.36198622E+004  0.36210359E+004  0.11277936E+004
   379.0727  0.23940003E+004  0.23570019E+004  0.21884942E+003  0.39927846E+003  0.40064870E+003  0.20245572E+004  0.20605960E+004  0.40174734E+004  0.40187549E+004  0.12248875E+004
   379.3233  0.26287945E+004  0.25880444E+004  0.22348612E+003  0.40784340E+003  0.40918141E+003  0.22608519E+004  0.23010976E+004  0.44801787E+004  0.44815849E+004  0.13371758E+004
   379.5739  0.29020093E+004  0.28568891E+004  0.22827174E+003  0.41670148E+003  0.41799573E+003  0.25378690E+004  0.25830469E+004  0.50217831E+004  0.50233341E+004  0.14678705E+004
   379.8246  0.32219125E+004  0.31716703E+004  0.23321277E+003  0.42586933E+003  0.42710556E+003  0.28645431E+004  0.29155372E+004  0.56594839E+004  0.56612042E+004  0.16209716E+004
   380.0752  0.35987985E+004  0.35425165E+004  0.23831606E+003  0.43536548E+003  0.43652596E+003  0.32519844E+004  0.33098768E+004  0.64146828E+004  0.64166020E+004  0.18014518E+004
   380.3258  0.40454373E+004  0.39819918E+004  0.24358886E+003  0.44521058E+003  0.44627331E+003  0.37139157E+004  0.37800327E+004  0.73138696E+004  0.73160241E+004  0.20154510E+004
   380.5764  0.45775114E+004  0.45055259E+004  0.24903882E+003  0.45542766E+003  0.45636544E+003  0.42670312E+004  0.43429964E+004  0.83894186E+004  0.83918531E+004  0.22704371E+004
   380.8271  0.52138864E+004  0.51316801E+004  0.25467409E+003  0.46604229E+003  0.46682171E+003  0.49310457E+004  0.50188338E+004  0.96799063E+004  0.96826758E+004  0.25752280E+004
   381.0777  0.59763685E+004  0.58819089E+004  0.26050325E+003  0.47708215E+003  0.47766293E+003  0.57279375E+004  0.58299144E+004  0.11229106E+005  0.11232278E+005  0.29396532E+004
   381.3283  0.68882423E+004  0.67791211E+004  0.26653538E+003  0.48857583E+003  0.48891080E+003  0.66794241E+004  0.67983421E+004  0.13081992E+005  0.13085651E+005  0.33734264E+004
   381.5789  0.79702847E+004  0.78437582E+004  0.27278008E+003  0.50054968E+003  0.50058662E+003  0.78010081E+004  0.79398953E+004  0.15274781E+005  0.15279029E+005  0.38834863E+004
   381.8296  0.92321544E+004  0.90853221E+004  0.27924733E+003  0.51302145E+003  0.51270864E+003  0.90902402E+004  0.92520803E+004  0.17814556E+005  0.17819511E+005  0.44687540E+004
   382.0802  0.10656635E+005  0.10486873E+005  0.28594749E+003  0.52598976E+003  0.52528753E+003  0.10507278E+005  0.10694344E+005  0.20644028E+005  0.20649825E+005  0.51114489E+004
   382.3308  0.12176050E+005  0.11981822E+005  0.29289102E+003  0.53942025E+003  0.53832036E+003  0.11950191E+005  0.12162939E+005  0.23593247E+005  0.23600015E+005  0.57660582E+004
   382.5815  0.13647875E+005  0.13429944E+005  0.30008841E+003  0.55323597E+003  0.55178634E+003  0.13239117E+005  0.13474798E+005  0.26339445E+005  0.26347267E+005  0.63522599E+004
   382.8321  0.14851772E+005  0.14614453E+005  0.30755022E+003  0.56732762E+003  0.56565092E+003  0.14138005E+005  0.14389669E+005  0.28426039E+005  0.28434882E+005  0.67646336E+004
   383.0827  0.15539679E+005  0.15291292E+005  0.31528771E+003  0.58159676E+003  0.57988428E+003  0.14435542E+005  0.14692478E+005  0.29393933E+005  0.29403576E+005  0.69088074E+004
   383.3333  0.15541644E+005  0.15293258E+005  0.32331380E+003  0.59601673E+003  0.59448795E+003  0.14052815E+005  0.14302913E+005  0.28995051E+005  0.29005075E+005  0.67495493E+004
   383.5840  0.14861121E+005  0.14623757E+005  0.33164392E+003  0.61066356E+003  0.60950924E+003  0.13090496E+005  0.13323446E+005  0.27334381E+005  0.27344267E+005  0.63318454E+004
   383.8346  0.13672888E+005  0.13454752E+005  0.34029588E+003  0.62568749E+003  0.62502975E+003  0.11769277E+005  0.11978700E+005  0.24807807E+005  0.24817093E+005  0.57542955E+004
   384.0852  0.12225671E+005  0.12030955E+005  0.34928907E+003  0.64125256E+003  0.64113925E+003  0.10321284E+005  0.10504931E+005  0.21896029E+005  0.21904419E+005  0.51206122E+004
   384.3358  0.10737568E+005  0.10566940E+005  0.35864364E+003  0.65749250E+003  0.65791594E+003  0.89164843E+004  0.90751297E+004  0.18986667E+005  0.18994047E+005  0.45067455E+004
   384.5865  0.93482263E+004  0.92000982E+004  0.36838031E+003  0.67449940E+003  0.67542109E+003  0.76475450E+004  0.77836101E+004  0.16311585E+005  0.16317974E+005  0.39541185E+004
   384.8371  0.81231301E+004  0.79948562E+004  0.37852047E+003  0.69233312E+003  0.69370297E+003  0.65481712E+004  0.66646748E+004  0.13969654E+005  0.13975142E+005  0.34778185E+004
   385.0877  0.70782351E+004  0.69669105E+004  0.38908658E+003  0.71103535E+003  0.71280318E+003  0.56175926E+004  0.57175389E+004  0.11975866E+005  0.11980573E+005  0.30775347E+004
   385.3383  0.62033276E+004  0.61062120E+004  0.40010244E+003  0.73064065E+003  0.73276164E+003  0.48390004E+004  0.49250938E+004  0.10303093E+005  0.10307139E+005  0.27457941E+004
   385.5890  0.54774929E+004  0.53921834E+004  0.41159348E+003  0.75118329E+003  0.75361982E+003  0.41904041E+004  0.42649577E+004  0.89083712E+004  0.89118637E+004  0.24728112E+004
   385.8396  0.48775171E+004  0.48019857E+004  0.42358699E+003  0.77270081E+003  0.77542250E+003  0.36500248E+004  0.37149638E+004  0.77466682E+004  0.77497000E+004  0.22488979E+004
   386.0902  0.43817533E+004  0.43143217E+004  0.43611225E+003  0.79523569E+003  0.79821867E+003  0.31985165E+004  0.32554221E+004  0.67769555E+004  0.67796036E+004  0.20654553E+004
   386.3409  0.39715221E+004  0.39108138E+004  0.44920078E+003  0.81883616E+003  0.82206211E+003  0.28195786E+004  0.28697418E+004  0.59642152E+004  0.59665429E+004  0.19152486E+004
   386.5915  0.36313273E+004  0.35762161E+004  0.46288653E+003  0.84355644E+003  0.84701169E+003  0.24998468E+004  0.25443209E+004  0.52795420E+004  0.52816009E+004  0.17923574E+004
   386.8421  0.33485751E+004  0.32981386E+004  0.47720606E+003  0.86945701E+003  0.87313171E+003  0.22285139E+004  0.22681601E+004  0.46994834E+004  0.47013156E+004  0.16920080E+004
   387.0927  0.31131356E+004  0.30666151E+004  0.49219883E+003  0.89660474E+003  0.90049225E+003  0.19968940E+004  0.20324187E+004  0.42051633E+004  0.42068031E+004  0.16103778E+004
   387.3434  0.29168957E+004  0.28736638E+004  0.50790743E+003  0.92507320E+003  0.92916951E+003  0.17980152E+004  0.18300009E+004  0.37814287E+004  0.37829041E+004  0.15444148E+004
   387.5940  0.27533628E+004  0.27128973E+004  0.52437788E+003  0.95494298E+003  0.95924633E+003  0.16262740E+004  0.16552035E+004  0.34161070E+004  0.34174412E+004  0.14916830E+004
   387.8446  0.26173350E+004  0.25791982E+004  0.54165998E+003  0.98630212E+003  0.99081266E+003  0.14771517E+004  0.15034275E+004  0.30993927E+004  0.31006048E+004  0.14502367E+004
   388.0952  0.25046352E+004  0.24684572E+004  0.55980765E+003  0.10192467E+004  0.10239663E+004  0.13469893E+004  0.13709486E+004  0.28233557E+004  0.28244616E+004  0.14185200E+004
   388.3459  0.24119005E+004  0.23773660E+004  0.57887936E+003  0.10538814E+004  0.10588133E+004  0.12328090E+004  0.12547362E+004  0.25815520E+004  0.25825650E+004  0.13952878E+004
   388.5965  0.23364168E+004  0.23032549E+004  0.59893863E+003  0.10903204E+004  0.10954694E+004  0.11321748E+004  0.11523109E+004  0.23687181E+004  0.23696494E+004  0.13795447E+004
   388.8471  0.22759892E+004  0.22439651E+004  0.62005445E+003  0.11286881E+004  0.11340603E+004  0.10430832E+004  0.10616335E+004  0.21805318E+004  0.21813908E+004  0.13704962E+004
   389.0977  0.22288418E+004  0.21977497E+004  0.64230199E+003  0.11691204E+004  0.11747228E+004  0.96387729E+003  0.98101775E+003  0.20134243E+004  0.20142190E+004  0.13675116E+004
   389.3484  0.21935382E+004  0.21631963E+004  0.66576315E+003  0.12117654E+004  0.12176066E+004  0.89317974E+003  0.90906168E+003  0.18644333E+004  0.18651705E+004  0.13700951E+004
   389.5990  0.21689204E+004  0.21391662E+004  0.69052737E+003  0.12567853E+004  0.12628749E+004  0.82983936E+003  0.84459366E+003  0.17310868E+004  0.17317725E+004  0.13778627E+004
   389.8496  0.21540601E+004  0.21247469E+004  0.71669242E+003  0.13043574E+004  0.13107062E+004  0.77288917E+003  0.78662951E+003  0.16113115E+004  0.16119506E+004  0.13905248E+004
   390.1003  0.21482215E+004  0.21192152E+004  0.74436539E+003  0.13546761E+004  0.13612962E+004  0.72151294E+003  0.73433847E+003  0.15033594E+004  0.15039563E+004  0.14078729E+004
   390.3509  0.21508312E+004  0.21220079E+004  0.77366374E+003  0.14079547E+004  0.14148594E+004  0.67501839E+003  0.68701594E+003  0.14057504E+004  0.14063088E+004  0.14297688E+004
   390.6015  0.21614555E+004  0.21326994E+004  0.80471652E+003  0.14644276E+004  0.14716318E+004  0.63281572E+003  0.64406161E+003  0.13172249E+004  0.13177480E+004  0.14561369E+004
   390.8521  0.21797829E+004  0.21509842E+004  0.83766578E+003  0.15243530E+004  0.15318729E+004  0.59440022E+003  0.60496182E+003  0.12367062E+004  0.12371969E+004  0.14869588E+004
   391.1028  0.22056099E+004  0.21766633E+004  0.87266813E+003  0.15880157E+004  0.15958690E+004  0.55933822E+003  0.56927515E+003  0.11632706E+004  0.11637313E+004  0.15222688E+004
   391.3534  0.22388317E+004  0.22096349E+004  0.90989659E+003  0.16557301E+004  0.16639365E+004  0.52725557E+003  0.53662081E+003  0.10961218E+004  0.10965547E+004  0.15621518E+004
   391.6040  0.22794345E+004  0.22498871E+004  0.94954268E+003  0.17278445E+004  0.17364253E+004  0.49782828E+003  0.50666901E+003  0.10345710E+004  0.10349780E+004  0.16067420E+004
   391.8546  0.23274914E+004  0.22974932E+004  0.99181879E+003  0.18047452E+004  0.18137239E+004  0.47077470E+003  0.47913312E+003  0.97802032E+003  0.97840288E+003  0.16562229E+004
   392.1053  0.23831598E+004  0.23526099E+004  0.10369610E+004  0.18868616E+004  0.18962639E+004  0.44584920E+003  0.45376311E+003  0.92594850E+003  0.92630806E+003  0.17108286E+004
   392.3559  0.24466813E+004  0.24154771E+004  0.10852322E+004  0.19746719E+004  0.19845259E+004  0.42283681E+003  0.43034020E+003  0.87789994E+003  0.87823769E+003  0.17708460E+004
   392.6065  0.25183835E+004  0.24864191E+004  0.11369259E+004  0.20687100E+004  0.20790467E+004  0.40154879E+003  0.40867227E+003  0.83347499E+003  0.83379194E+003  0.18366183E+004
   392.8571  0.25986832E+004  0.25658488E+004  0.11923707E+004  0.21695733E+004  0.21804269E+004  0.38181897E+003  0.38859019E+003  0.79232199E+003  0.79261899E+003  0.19085497E+004
   393.1078  0.26880930E+004  0.26542731E+004  0.12519348E+004  0.22779322E+004  0.22893400E+004  0.36350053E+003  0.36994452E+003  0.75413060E+003  0.75440836E+003  0.19871111E+004
   393.3584  0.27872282E+004  0.27523008E+004  0.13160327E+004  0.23945404E+004  0.24065437E+004  0.34646350E+003  0.35260297E+003  0.71862618E+003  0.71888525E+003  0.20728480E+004
   393.6090  0.28968179E+004  0.28606526E+004  0.13851315E+004  0.25202478E+004  0.25328923E+004  0.33059243E+003  0.33644802E+003  0.68556503E+003  0.68580583E+003  0.21663891E+004
   393.8596  0.30177171E+004  0.29801738E+004  0.14597596E+004  0.26560154E+004  0.26693517E+004  0.31578454E+003  0.32137507E+003  0.65473030E+003  0.65495314E+003  0.22684581E+004
   394.1103  0.31509234E+004  0.31118505E+004  0.15405159E+004  0.28029332E+004  0.28170173E+004  0.30194813E+003  0.30729074E+003  0.62592861E+003  0.62613365E+003  0.23798863E+004
   394.3609  0.32975959E+004  0.32568286E+004  0.16280819E+004  0.29622406E+004  0.29771351E+004  0.28900115E+003  0.29411154E+003  0.59898707E+003  0.59917436E+003  0.25016294E+004
   394.6115  0.34590800E+004  0.34164372E+004  0.17232350E+004  0.31353523E+004  0.31511266E+004  0.27687007E+003  0.28176260E+003  0.57375078E+003  0.57392023E+003  0.26347871E+004
   394.8622  0.36369354E+004  0.35922182E+004  0.18268651E+004  0.33238872E+004  0.33406192E+004  0.26548883E+003  0.27017668E+003  0.55008065E+003  0.55023203E+003  0.27806258E+004
   395.1128  0.38329723E+004  0.37859602E+004  0.19399946E+004  0.35297054E+004  0.35474823E+004  0.25479799E+003  0.25929323E+003  0.52785152E+003  0.52798448E+003  0.29406080E+004
   395.3634  0.40492941E+004  0.39997417E+004  0.20638021E+004  0.37549512E+004  0.37738710E+004  0.24474395E+003  0.24905770E+003  0.50695061E+003  0.50706464E+003  0.31164262E+004
   395.6140  0.42883497E+004  0.42359826E+004  0.21996513E+004  0.40021057E+004  0.40222792E+004  0.23527832E+003  0.23942080E+003  0.48727606E+003  0.48737047E+003  0.33100452E+004
   395.8647  0.45529979E+004  0.44975076E+004  0.23491268E+004  0.42740515E+004  0.42956039E+004  0.22635731E+003  0.23033793E+003  0.46873573E+003  0.46880968E+003  0.35237528E+004
   396.1153  0.48465859E+004  0.47876244E+004  0.25140765E+004  0.45741510E+004  0.45972246E+004  0.21794131E+003  0.22176874E+003  0.45124619E+003  0.45129863E+003  0.37602230E+004
   396.3659  0.51730468E+004  0.51102189E+004  0.26966656E+004  0.49063432E+004  0.49311003E+004  0.20999440E+003  0.21367663E+003  0.43473179E+003  0.43476143E+003  0.40225930E+004
   396.6165  0.55370192E+004  0.54698745E+004  0.28994417E+004  0.52752634E+004  0.53018896E+004  0.20248402E+003  0.20602838E+003  0.41912382E+003  0.41912913E+003  0.43145588E+004
   396.8672  0.59439967E+004  0.58720194E+004  0.31254169E+004  0.56863915E+004  0.57151002E+004  0.19538061E+003  0.19879389E+003  0.40435992E+003  0.40433904E+003  0.46404939E+004
   397.1178  0.64005149E+004  0.63231111E+004  0.33781692E+004  0.61462370E+004  0.61772747E+004  0.18865741E+003  0.19194580E+003  0.39038339E+003  0.39033413E+003  0.50055974E+004
   397.3684  0.69143849E+004  0.68308674E+004  0.36619703E+004  0.66625720E+004  0.66962245E+004  0.18229015E+003  0.18545935E+003  0.37714274E+003  0.37706250E+003  0.54160799E+004
   397.6190  0.74949886E+004  0.74045582E+004  0.39819470E+004  0.72447238E+004  0.72813239E+004  0.17625690E+003  0.17931211E+003  0.36459125E+003  0.36447692E+003  0.58793983E+004
   397.8697  0.81536527E+004  0.80553750E+004  0.43442843E+004  0.79039455E+004  0.79438830E+004  0.17053794E+003  0.17348387E+003  0.35268657E+003  0.35253448E+003  0.64045518E+004
   398.1203  0.89041232E+004  0.87968994E+004  0.47564850E+004  0.86538870E+004  0.86976209E+004  0.16511559E+003  0.16795648E+003  0.34139051E+003  0.34119625E+003  0.70024595E+004
   398.3709  0.97631708E+004  0.96457019E+004  0.52276991E+004  0.95111957E+004  0.95592692E+004  0.15997415E+003  0.16271380E+003  0.33066873E+003  0.33042706E+003  0.76864408E+004
   398.6216  0.10751364E+005  0.10622105E+005  0.57691454E+004  0.10496283E+005  0.10549342E+005  0.15509991E+003  0.15774161E+003  0.32049065E+003  0.32019528E+003  0.84728288E+004
   398.8722  0.11894057E+005  0.11751160E+005  0.63946493E+004  0.11634302E+005  0.11693121E+005  0.15048111E+003  0.15302765E+003  0.31082937E+003  0.31047271E+003  0.93817537E+004
   399.1228  0.13222640E+005  0.13063882E+005  0.71213265E+004  0.12956392E+005  0.13021903E+005  0.14610799E+003  0.14856167E+003  0.30166167E+003  0.30123455E+003  0.10438139E+005
   399.3734  0.14776127E+005  0.14598819E+005  0.79704454E+004  0.14501249E+005  0.14574578E+005  0.14197298E+003  0.14433549E+003  0.29296810E+003  0.29245938E+003  0.11672956E+005
   399.6241  0.16603115E+005  0.16403986E+005  0.89684956E+004  0.16317067E+005  0.16399585E+005  0.13807082E+003  0.14034323E+003  0.28473325E+003  0.28412932E+003  0.13124783E+005
   399.8747  0.18764131E+005  0.18539188E+005  0.10148469E+005  0.18463871E+005  0.18557252E+005  0.13439884E+003  0.13658149E+003  0.27694597E+003  0.27623019E+003  0.14841669E+005
   400.1253  0.21334282E+005  0.21078633E+005  0.11551301E+005  0.21016137E+005  0.21122434E+005  0.13095727E+003  0.13304964E+003  0.26959982E+003  0.26875175E+003  0.16883233E+005
   400.3759  0.24405837E+005  0.24113488E+005  0.13227281E+005  0.24065358E+005  0.24187085E+005  0.12774952E+003  0.12975012E+003  0.26269342E+003  0.26168798E+003  0.19322718E+005
   400.6266  0.28089848E+005  0.27753477E+005  0.15236932E+005  0.27721650E+005  0.27861878E+005  0.12478234E+003  0.12668855E+003  0.25623066E+003  0.25503719E+003  0.22248273E+005
   400.8772  0.32514769E+005  0.32125519E+005  0.17650260E+005  0.32112379E+005  0.32274825E+005  0.12206562E+003  0.12387354E+003  0.25022033E+003  0.24880169E+003  0.25761862E+005
   401.1278  0.37817955E+005  0.37365327E+005  0.20542123E+005  0.37373740E+005  0.37562809E+005  0.11961106E+003  0.12131546E+003  0.24467422E+003  0.24298637E+003  0.29972515E+005
   401.3784  0.44122375E+005  0.43594399E+005  0.23979537E+005  0.43627657E+005  0.43848371E+005  0.11742885E+003  0.11902329E+003  0.23960227E+003  0.23759498E+003  0.34977837E+005
   401.6291  0.51486196E+005  0.50870209E+005  0.27994204E+005  0.50931813E+005  0.51189486E+005  0.11552043E+003  0.11699783E+003  0.23500215E+003  0.23262225E+003  0.40824003E+005
   401.8797  0.59810354E+005  0.59094875E+005  0.32532144E+005  0.59187993E+005  0.59487442E+005  0.11386525E+003  0.11521929E+003  0.23084018E+003  0.22803948E+003  0.47432384E+005
   402.1303  0.68699752E+005  0.67878024E+005  0.37378050E+005  0.68004475E+005  0.68348535E+005  0.11240096E+003  0.11362868E+003  0.22702277E+003  0.22377294E+003  0.54489375E+005
   402.3810  0.77318781E+005  0.76394036E+005  0.42076555E+005  0.76552783E+005  0.76940098E+005  0.11100280E+003  0.11210841E+003  0.22336673E+003  0.21968144E+003  0.61331721E+005
   402.6316  0.84371082E+005  0.83362047E+005  0.45921207E+005  0.83547616E+005  0.83970325E+005  0.10948063E+003  0.11047960E+003  0.21959501E+003  0.21555311E+003  0.66930446E+005
   402.8822  0.88390686E+005  0.87333613E+005  0.48113121E+005  0.87535513E+005  0.87978401E+005  0.10762047E+003  0.10854098E+003  0.21539646E+003  0.21115048E+003  0.70121947E+005
   403.1328  0.88364356E+005  0.87307607E+005  0.48100132E+005  0.87511879E+005  0.87954648E+005  0.10527319E+003  0.10615219E+003  0.21055345E+003  0.20630686E+003  0.70101976E+005
   403.3835  0.84298485E+005  0.83290349E+005  0.45885727E+005  0.83483061E+005  0.83905445E+005  0.10243534E+003  0.10330965E+003  0.20505826E+003  0.20101419E+003  0.66875610E+005
   403.6341  0.77215216E+005  0.76291761E+005  0.42026929E+005  0.76462487E+005  0.76849349E+005  0.99248580E+002  0.10014602E+003  0.19911217E+003  0.19542237E+003  0.61254170E+005
   403.8847  0.68581639E+005  0.67761397E+005  0.37323239E+005  0.67904744E+005  0.68248305E+005  0.95918266E+002  0.96853761E+002  0.19300828E+003  0.18975077E+003  0.54402150E+005
   404.1353  0.59689812E+005  0.58975869E+005  0.32478770E+005  0.59090874E+005  0.59389838E+005  0.92625010E+002  0.93602133E+002  0.18700428E+003  0.18419208E+003  0.47345117E+005
   404.3860  0.51369854E+005  0.50755374E+005  0.27945904E+005  0.50843921E+005  0.51101158E+005  0.89483766E+002  0.90498774E+002  0.18126344E+003  0.17886786E+003  0.40741972E+005
   404.6366  0.44012647E+005  0.43486121E+005  0.23937653E+005  0.43551439E+005  0.43771777E+005  0.86547049E+002  0.87592727E+002  0.17585930E+003  0.17383199E+003  0.34902979E+005
   404.8872  0.37714778E+005  0.37263544E+005  0.20506657E+005  0.37309194E+005  0.37497948E+005  0.83825588E+002  0.84893823E+002  0.17080537E+003  0.16909313E+003  0.29904803E+005
   405.1378  0.32416918E+005  0.32029020E+005  0.17620584E+005  0.32058366E+005  0.32220551E+005  0.81308049E+002  0.82391195E+002  0.16608351E+003  0.16463611E+003  0.25700353E+005
   405.3885  0.27995709E+005  0.27660669E+005  0.15212213E+005  0.27676652E+005  0.27816667E+005  0.78974128E+002  0.80065568E+002  0.16166277E+003  0.16043618E+003  0.22191717E+005
   405.6391  0.24313795E+005  0.24022774E+005  0.13206691E+005  0.24027868E+005  0.24149422E+005  0.76801671E+002  0.77895944E+002  0.15750963E+003  0.15646674E+003  0.19269869E+005
   405.8897  0.21242874E+005  0.20988570E+005  0.11534101E+005  0.20984812E+005  0.21090969E+005  0.74769955E+002  0.75862676E+002  0.15359273E+003  0.15270286E+003  0.16832972E+005
   406.1404  0.18672097E+005  0.18448530E+005  0.10134037E+005  0.18437580E+005  0.18530849E+005  0.72860876E+002  0.73948589E+002  0.14988456E+003  0.14912260E+003  0.14793040E+005
   406.3910  0.16509385E+005  0.16311677E+005  0.89563222E+004  0.16294882E+005  0.16377310E+005  0.71059127E+002  0.72139141E+002  0.14636169E+003  0.14570717E+003  0.13076988E+005
   406.6416  0.14679799E+005  0.14503968E+005  0.79601177E+004  0.14482419E+005  0.14555676E+005  0.69351958E+002  0.70422201E+002  0.14300447E+003  0.14244069E+003  0.11625334E+005
   406.8922  0.13122943E+005  0.12965728E+005  0.71125128E+004  0.12940314E+005  0.13005768E+005  0.67728804E+002  0.68787696E+002  0.13979647E+003  0.13930974E+003  0.10390139E+005
   407.1429  0.11790327E+005  0.11649048E+005  0.63870835E+004  0.11620490E+005  0.11679267E+005  0.66180894E+002  0.67227246E+002  0.13672387E+003  0.13630295E+003  0.93329172E+004
   407.3935  0.10643018E+005  0.10515460E+005  0.57626136E+004  0.10484349E+005  0.10537377E+005  0.64700915E+002  0.65733848E+002  0.13377504E+003  0.13341066E+003  0.84227642E+004
   407.6441  0.96496816E+004  0.95340030E+004  0.52220289E+004  0.95008260E+004  0.95488783E+004  0.63282728E+002  0.64301605E+002  0.13094009E+003  0.13062453E+003  0.76348104E+004
   407.8947  0.87850070E+004  0.86796701E+004  0.47515368E+004  0.86448272E+004  0.86885486E+004  0.61921134E+002  0.62925512E+002  0.12821054E+003  0.12793735E+003  0.69489660E+004
   408.1454  0.80284537E+004  0.79321657E+004  0.43399446E+004  0.78959889E+004  0.79359217E+004  0.60611692E+002  0.61601281E+002  0.12557902E+003  0.12534282E+003  0.63489275E+004
   408.3960  0.73632675E+004  0.72749362E+004  0.39781228E+004  0.72377013E+004  0.72743037E+004  0.59350578E+002  0.60325208E+002  0.12303914E+003  0.12283535E+003  0.58213970E+004
   408.6466  0.67757097E+004  0.66944070E+004  0.36585853E+004  0.66563445E+004  0.66900056E+004  0.58134465E+002  0.59094061E+002  0.12058525E+003  0.12040998E+003  0.53554702E+004
   408.8972  0.62544535E+004  0.61793867E+004  0.33751602E+004  0.61406893E+004  0.61717417E+004  0.56960435E+002  0.57905000E+002  0.11821231E+003  0.11806227E+003  0.49421568E+004
   409.1479  0.57901095E+004  0.57205981E+004  0.31227314E+004  0.56814281E+004  0.57101569E+004  0.55825909E+002  0.56755505E+002  0.11591584E+003  0.11578819E+003  0.45740048E+004
   409.3985  0.53748535E+004  0.53103106E+004  0.28970359E+004  0.52708044E+004  0.52974558E+004  0.54728591E+002  0.55643326E+002  0.11369180E+003  0.11358409E+003  0.42448040E+004
   409.6491  0.50021314E+004  0.49420485E+004  0.26945026E+004  0.49023212E+004  0.49271085E+004  0.53666418E+002  0.54566439E+002  0.11153649E+003  0.11144660E+003  0.39493527E+004
   409.8997  0.46664257E+004  0.46103602E+004  0.25121253E+004  0.45705092E+004  0.45936180E+004  0.52637529E+002  0.53523011E+002  0.10944656E+003  0.10937267E+003  0.36832718E+004
   410.1504  0.43630689E+004  0.43106338E+004  0.23473610E+004  0.42707419E+004  0.42923341E+004  0.51640232E+002  0.52511373E+002  0.10741894E+003  0.10735943E+003  0.34428569E+004
   410.4010  0.40880941E+004  0.40389501E+004  0.21980485E+004  0.39990871E+004  0.40193051E+004  0.50672984E+002  0.51529998E+002  0.10545079E+003  0.10540425E+003  0.32249598E+004
   410.6516  0.38381148E+004  0.37919632E+004  0.20623430E+004  0.37521883E+004  0.37711573E+004  0.49734365E+002  0.50577481E+002  0.10353947E+003  0.10350467E+003  0.30268928E+004
   410.9023  0.36102278E+004  0.35668042E+004  0.19386627E+004  0.35271680E+004  0.35449987E+004  0.48823068E+002  0.49652524E+002  0.10168254E+003  0.10165839E+003  0.28463519E+004
   411.1529  0.34019338E+004  0.33610039E+004  0.18256462E+004  0.33215490E+004  0.33383396E+004  0.47937883E+002  0.48753922E+002  0.99877730E+002  0.99863259E+002  0.26813534E+004
   411.4035  0.32110726E+004  0.31724279E+004  0.17221168E+004  0.31331904E+004  0.31490282E+004  0.47077684E+002  0.47880555E+002  0.98122899E+002  0.98117248E+002  0.25301833E+004
   411.6541  0.30357703E+004  0.29992248E+004  0.16270537E+004  0.29602352E+004  0.29751982E+004  0.46241424E+002  0.47031377E+002  0.96416049E+002  0.96418453E+002  0.23913544E+004
   411.9048  0.28743955E+004  0.28397827E+004  0.15395684E+004  0.28010668E+004  0.28152246E+004  0.45428121E+002  0.46205408E+002  0.94755300E+002  0.94765075E+002  0.22635722E+004
   412.1554  0.27255231E+004  0.26926933E+004  0.14588845E+004  0.26542727E+004  0.26676880E+004  0.44636856E+002  0.45401729E+002  0.93138881E+002  0.93155413E+002  0.21457055E+004
   412.4060  0.25879037E+004  0.25567223E+004  0.13843217E+004  0.25186151E+004  0.25313442E+004  0.43866766E+002  0.44619476E+002  0.91565116E+002  0.91587856E+002  0.20367632E+004
   412.6566  0.24604390E+004  0.24307846E+004  0.13152817E+004  0.23930057E+004  0.24050995E+004  0.43117037E+002  0.43857831E+002  0.90032425E+002  0.90060876E+002  0.19358736E+004
   412.9073  0.23421603E+004  0.23139230E+004  0.12512372E+004  0.22764847E+004  0.22879891E+004  0.42386902E+002  0.43116025E+002  0.88539306E+002  0.88573022E+002  0.18422680E+004
   413.1579  0.22322107E+004  0.22052908E+004  0.11917214E+004  0.21682032E+004  0.21791600E+004  0.41675634E+002  0.42393329E+002  0.87084338E+002  0.87122912E+002  0.17552668E+004
   413.4085  0.21298304E+004  0.21041374E+004  0.11363207E+004  0.20674085E+004  0.20778555E+004  0.40982546E+002  0.41689051E+002  0.85666169E+002  0.85709234E+002  0.16742668E+004
   413.6591  0.20343436E+004  0.20097950E+004  0.10846670E+004  0.19734311E+004  0.19834028E+004  0.40306987E+002  0.41002536E+002  0.84283511E+002  0.84330734E+002  0.15987320E+004
   413.9098  0.19451477E+004  0.19216683E+004  0.10364323E+004  0.18856742E+004  0.18952020E+004  0.39648336E+002  0.40333161E+002  0.82935142E+002  0.82986218E+002  0.15281843E+004
   414.1604  0.18617044E+004  0.18392253E+004  0.99132354E+003  0.18036044E+004  0.18127172E+004  0.39006007E+002  0.39680332E+002  0.81619892E+002  0.81674544E+002  0.14621965E+004
   414.4110  0.17835310E+004  0.17619892E+004  0.94907802E+003  0.17267439E+004  0.17354680E+004  0.38379438E+002  0.39043484E+002  0.80336648E+002  0.80394624E+002  0.14003858E+004
   414.6617  0.17101946E+004  0.16895321E+004  0.90945998E+003  0.16546638E+004  0.16630234E+004  0.37768095E+002  0.38422080E+002  0.79084346E+002  0.79145413E+002  0.13424087E+004
   414.9123  0.16413053E+004  0.16214689E+004  0.87225728E+003  0.15869780E+004  0.15949953E+004  0.37171468E+002  0.37815604E+002  0.77861970E+002  0.77925915E+002  0.12879559E+004
   415.1629  0.15765116E+004  0.15574523E+004  0.83727861E+003  0.15233387E+004  0.15310341E+004  0.36589073E+002  0.37223565E+002  0.76668545E+002  0.76735174E+002  0.12367486E+004
   415.4135  0.15154959E+004  0.14971686E+004  0.80435116E+003  0.14634312E+004  0.14708237E+004  0.36020443E+002  0.36645495E+002  0.75503142E+002  0.75572274E+002  0.11885349E+004
   415.6642  0.14579707E+004  0.14403335E+004  0.77331847E+003  0.14069710E+004  0.14140781E+004  0.35465133E+002  0.36080944E+002  0.74364868E+002  0.74436338E+002  0.11430867E+004
   415.9148  0.14036753E+004  0.13866895E+004  0.74403865E+003  0.13537000E+004  0.13605376E+004  0.34922720E+002  0.35529482E+002  0.73252869E+002  0.73326523E+002  0.11001972E+004
   416.1654  0.13523726E+004  0.13360025E+004  0.71638278E+003  0.13033835E+004  0.13099667E+004  0.34392794E+002  0.34990696E+002  0.72166323E+002  0.72242022E+002  0.10596784E+004
   416.4160  0.13038469E+004  0.12880592E+004  0.69023351E+003  0.12558081E+004  0.12621507E+004  0.33874966E+002  0.34464192E+002  0.71104446E+002  0.71182058E+002  0.10213593E+004
   416.6667  0.12579016E+004  0.12426654E+004  0.66548386E+003  0.12107791E+004  0.12168941E+004  0.33368861E+002  0.33949591E+002  0.70066481E+002  0.70145886E+002  0.98508390E+003
   416.9173  0.12143571E+004  0.11996436E+004  0.64203615E+003  0.11681188E+004  0.11740181E+004  0.32874120E+002  0.33446528E+002  0.69051703E+002  0.69132788E+002  0.95070974E+003
   417.1679  0.11730490E+004  0.11588315E+004  0.61980101E+003  0.11276646E+004  0.11333594E+004  0.32390397E+002  0.32954656E+002  0.68059415E+002  0.68142076E+002  0.91810654E+003
   417.4185  0.11338268E+004  0.11200803E+004  0.59869660E+003  0.10892677E+004  0.10947683E+004  0.31917361E+002  0.32473637E+002  0.67088947E+002  0.67173087E+002  0.88715494E+003
   417.6692  0.10965524E+004  0.10832535E+004  0.57864784E+003  0.10527914E+004  0.10581076E+004  0.31454694E+002  0.32003149E+002  0.66139653E+002  0.66225183E+002  0.85774545E+003
   417.9198  0.10610990E+004  0.10482259E+004  0.55958574E+003  0.10181101E+004  0.10232510E+004  0.31002089E+002  0.31542883E+002  0.65210914E+002  0.65297750E+002  0.82977746E+003
   418.1704  0.10273497E+004  0.10148821E+004  0.54144684E+003  0.98510859E+003  0.99008262E+003  0.30559252E+002  0.31092539E+002  0.64302132E+002  0.64390195E+002  0.80315844E+003
   418.4211  0.99519705E+003  0.98311572E+003  0.52417270E+003  0.95368034E+003  0.95849548E+003  0.30125900E+002  0.30651830E+002  0.63412732E+002  0.63501949E+002  0.77780310E+003
   418.6717  0.96454184E+003  0.95282887E+003  0.50770940E+003  0.92372730E+003  0.92839102E+003  0.29701758E+002  0.30220479E+002  0.62542161E+002  0.62632463E+002  0.75363281E+003
   418.9223  0.93529241E+003  0.92393095E+003  0.49200713E+003  0.89515888E+003  0.89967818E+003  0.29286565E+002  0.29798221E+002  0.61689883E+002  0.61781208E+002  0.73057493E+003
   419.1729  0.90736403E+003  0.89633826E+003  0.47701987E+003  0.86789131E+003  0.87227278E+003  0.28880067E+002  0.29384797E+002  0.60855385E+002  0.60947672E+002  0.70856229E+003
   419.4236  0.88067822E+003  0.86997325E+003  0.46270499E+003  0.84184705E+003  0.84609686E+003  0.28482020E+002  0.28979961E+002  0.60038169E+002  0.60131362E+002  0.68753271E+003
   419.6742  0.85516226E+003  0.84476407E+003  0.44902297E+003  0.81695423E+003  0.82107821E+003  0.28092188E+002  0.28583474E+002  0.59237758E+002  0.59331805E+002  0.66742854E+003
   419.9248  0.83074867E+003  0.82064404E+003  0.43593718E+003  0.79314615E+003  0.79714979E+003  0.27710345E+002  0.28195104E+002  0.58453688E+002  0.58548539E+002  0.64819630E+003
   420.1754  0.80737474E+003  0.79755122E+003  0.42341356E+003  0.77036088E+003  0.77424935E+003  0.27336271E+002  0.27814631E+002  0.57685514E+002  0.57781123E+002  0.62978631E+003
   420.4261  0.78498217E+003  0.77542799E+003  0.41142047E+003  0.74854082E+003  0.75231900E+003  0.26969755E+002  0.27441839E+002  0.56932805E+002  0.57029129E+002  0.61215236E+003
   420.6767  0.76351668E+003  0.75422072E+003  0.39992842E+003  0.72763236E+003  0.73130487E+003  0.26610592E+002  0.27076521E+002  0.56195144E+002  0.56292142E+002  0.59525147E+003
   420.9273  0.74292769E+003  0.73387945E+003  0.38890997E+003  0.70758556E+003  0.71115675E+003  0.26258585E+002  0.26718476E+002  0.55472131E+002  0.55569764E+002  0.57904354E+003
   421.1779  0.72316803E+003  0.71435756E+003  0.37833952E+003  0.68835384E+003  0.69182782E+003  0.25913545E+002  0.26367513E+002  0.54763376E+002  0.54861608E+002  0.56349121E+003
   421.4286  0.70419364E+003  0.69561153E+003  0.36819317E+003  0.66989371E+003  0.67327439E+003  0.25575286E+002  0.26023442E+002  0.54068505E+002  0.54167301E+002  0.54855959E+003
   421.6792  0.68596337E+003  0.67760070E+003  0.35844858E+003  0.65216453E+003  0.65545562E+003  0.25243630E+002  0.25686085E+002  0.53387153E+002  0.53486482E+002  0.53421607E+003
   421.9298  0.66843872E+003  0.66028701E+003  0.34908487E+003  0.63512832E+003  0.63833331E+003  0.24918407E+002  0.25355266E+002  0.52718970E+002  0.52818801E+002  0.52043017E+003
   422.1805  0.65158364E+003  0.64363487E+003  0.34008250E+003  0.61874951E+003  0.62187173E+003  0.24599448E+002  0.25030817E+002  0.52063616E+002  0.52163920E+002  0.50717332E+003
   422.4311  0.63536437E+003  0.62761091E+003  0.33142314E+003  0.60299478E+003  0.60603739E+003  0.24286594E+002  0.24712573E+002  0.51420763E+002  0.51521512E+002  0.49441880E+003
   422.6817  0.61974923E+003  0.61218384E+003  0.32308963E+003  0.58783290E+003  0.59079888E+003  0.23979689E+002  0.24400377E+002  0.50790092E+002  0.50891262E+002  0.48214152E+003
   422.9323  0.60470851E+003  0.59732429E+003  0.31506586E+003  0.57323454E+003  0.57612676E+003  0.23678581E+002  0.24094075E+002  0.50171296E+002  0.50272861E+002  0.47031796E+003
   423.1830  0.59021429E+003  0.58300469E+003  0.30733670E+003  0.55917219E+003  0.56199335E+003  0.23383124E+002  0.23793519E+002  0.49564075E+002  0.49666013E+002  0.45892601E+003
   423.4336  0.57624034E+003  0.56919911E+003  0.29988792E+003  0.54561997E+003  0.54837265E+003  0.23093178E+002  0.23498566E+002  0.48968142E+002  0.49070430E+002  0.44794491E+003
   423.6842  0.56276198E+003  0.55588317E+003  0.29270617E+003  0.53255356E+003  0.53524022E+003  0.22808605E+002  0.23209076E+002  0.48383216E+002  0.48485835E+002  0.43735511E+003
   423.9348  0.54975597E+003  0.54303391E+003  0.28577884E+003  0.51995006E+003  0.52257303E+003  0.22529273E+002  0.22924915E+002  0.47809027E+002  0.47911956E+002  0.42713822E+003
   424.1855  0.53720042E+003  0.53062971E+003  0.27909409E+003  0.50778789E+003  0.51034941E+003  0.22255054E+002  0.22645952E+002  0.47245311E+002  0.47348531E+002  0.41727692E+003
   424.4361  0.52507471E+003  0.51865019E+003  0.27264075E+003  0.49604672E+003  0.49854893E+003  0.21985821E+002  0.22372061E+002  0.46691813E+002  0.46795308E+002  0.40775488E+003
   424.6867  0.51335936E+003  0.50707610E+003  0.26640826E+003  0.48470739E+003  0.48715231E+003  0.21721456E+002  0.22103119E+002  0.46148288E+002  0.46252040E+002  0.39855670E+003
   424.9373  0.50203600E+003  0.49588930E+003  0.26038669E+003  0.47375180E+003  0.47614136E+003  0.21461840E+002  0.21839006E+002  0.45614495E+002  0.45718488E+002  0.38966784E+003
   425.1880  0.49108728E+003  0.48507263E+003  0.25456664E+003  0.46316284E+003  0.46549891E+003  0.21206861E+002  0.21579608E+002  0.45090201E+002  0.45194421E+002  0.38107456E+003
   425.4386  0.48049679E+003  0.47460990E+003  0.24893923E+003  0.45292438E+003  0.45520873E+003  0.20956407E+002  0.21324813E+002  0.44575183E+002  0.44679615E+002  0.37276389E+003
   425.6892  0.47024902E+003  0.46448576E+003  0.24349607E+003  0.44302114E+003  0.44525546E+003  0.20710372E+002  0.21074511E+002  0.44069220E+002  0.44173850E+002  0.36472355E+003
   425.9398  0.46032928E+003  0.45468572E+003  0.23822922E+003  0.43343866E+003  0.43562457E+003  0.20468653E+002  0.20828598E+002  0.43572100E+002  0.43676915E+002  0.35694192E+003
   426.1905  0.45072367E+003  0.44519603E+003  0.23313115E+003  0.42416327E+003  0.42630233E+003  0.20231148E+002  0.20586971E+002  0.43083619E+002  0.43188606E+002  0.34940802E+003
   426.4411  0.44141901E+003  0.43600368E+003  0.22819474E+003  0.41518200E+003  0.41727569E+003  0.19997760E+002  0.20349530E+002  0.42603574E+002  0.42708722E+002  0.34211141E+003
   426.6917  0.43240281E+003  0.42709632E+003  0.22341324E+003  0.40648256E+003  0.40853231E+003  0.19768394E+002  0.20116180E+002  0.42131773E+002  0.42237071E+002  0.33504222E+003
   426.9424  0.42366323E+003  0.41846226E+003  0.21878024E+003  0.39805331E+003  0.40006047E+003  0.19542958E+002  0.19886827E+002  0.41668026E+002  0.41773463E+002  0.32819109E+003
   427.1930  0.41518901E+003  0.41009037E+003  0.21428967E+003  0.38988318E+003  0.39184908E+003  0.19321362E+002  0.19661379E+002  0.41212151E+002  0.41317715E+002  0.32154911E+003
   427.4436  0.40696948E+003  0.40197011E+003  0.20993575E+003  0.38196168E+003  0.38388756E+003  0.19103519E+002  0.19439749E+002  0.40763968E+002  0.40869651E+002  0.31510785E+003
   427.6942  0.39899449E+003  0.39409145E+003  0.20571300E+003  0.37427883E+003  0.37616591E+003  0.18889345E+002  0.19221849E+002  0.40323306E+002  0.40429098E+002  0.30885929E+003
   427.9449  0.39125441E+003  0.38644487E+003  0.20161622E+003  0.36682516E+003  0.36867459E+003  0.18678758E+002  0.19007598E+002  0.39889995E+002  0.39995888E+002  0.30279580E+003
   428.1955  0.38374004E+003  0.37902130E+003  0.19764044E+003  0.35959165E+003  0.36140455E+003  0.18471677E+002  0.18796913E+002  0.39463873E+002  0.39569857E+002  0.29691013E+003
   428.4461  0.37644267E+003  0.37181211E+003  0.19378097E+003  0.35256973E+003  0.35434717E+003  0.18268025E+002  0.18589716E+002  0.39044780E+002  0.39150848E+002  0.29119539E+003
   428.6967  0.36935399E+003  0.36480910E+003  0.19003330E+003  0.34575124E+003  0.34749424E+003  0.18067727E+002  0.18385929E+002  0.38632561E+002  0.38738706E+002  0.28564500E+003
   428.9474  0.36246607E+003  0.35800444E+003  0.18639318E+003  0.33912840E+003  0.34083796E+003  0.17870709E+002  0.18185480E+002  0.38227068E+002  0.38333280E+002  0.28025271E+003
   429.1980  0.35577138E+003  0.35139069E+003  0.18285652E+003  0.33269381E+003  0.33437087E+003  0.17676900E+002  0.17988293E+002  0.37828152E+002  0.37934426E+002  0.27501256E+003
   429.4486  0.34926272E+003  0.34496073E+003  0.17941945E+003  0.32644041E+003  0.32808590E+003  0.17486230E+002  0.17794300E+002  0.37435672E+002  0.37542001E+002  0.26991887E+003
   429.6992  0.34293324E+003  0.33870778E+003  0.17607827E+003  0.32036147E+003  0.32197626E+003  0.17298632E+002  0.17603432E+002  0.37049490E+002  0.37155867E+002  0.26496622E+003
   429.9499  0.33677638E+003  0.33262539E+003  0.17282945E+003  0.31445057E+003  0.31603551E+003  0.17114040E+002  0.17415621E+002  0.36669470E+002  0.36775889E+002  0.26014944E+003
   430.2005  0.33078590E+003  0.32670738E+003  0.16966962E+003  0.30870157E+003  0.31025748E+003  0.16932389E+002  0.17230802E+002  0.36295483E+002  0.36401937E+002  0.25546359E+003
   430.4511  0.32495584E+003  0.32094784E+003  0.16659556E+003  0.30310863E+003  0.30463630E+003  0.16753619E+002  0.17048913E+002  0.35927399E+002  0.36033883E+002  0.25090397E+003
   430.7018  0.31928048E+003  0.31534115E+003  0.16360420E+003  0.29766615E+003  0.29916634E+003  0.16577667E+002  0.16869891E+002  0.35565094E+002  0.35671604E+002  0.24646606E+003
   430.9524  0.31375437E+003  0.30988193E+003  0.16069260E+003  0.29236879E+003  0.29384223E+003  0.16404476E+002  0.16693676E+002  0.35208449E+002  0.35314977E+002  0.24214557E+003
   431.2030  0.30837232E+003  0.30456501E+003  0.15785796E+003  0.28721145E+003  0.28865885E+003  0.16233986E+002  0.16520211E+002  0.34857344E+002  0.34963887E+002  0.23793838E+003
   431.4536  0.30312932E+003  0.29938548E+003  0.15509759E+003  0.28218922E+003  0.28361127E+003  0.16066144E+002  0.16349437E+002  0.34511665E+002  0.34618218E+002  0.23384055E+003
   431.7043  0.29802061E+003  0.29433862E+003  0.15240892E+003  0.27729745E+003  0.27869480E+003  0.15900892E+002  0.16181300E+002  0.34171301E+002  0.34277858E+002  0.22984832E+003
   431.9549  0.29304161E+003  0.28941991E+003  0.14978950E+003  0.27253166E+003  0.27390495E+003  0.15738180E+002  0.16015745E+002  0.33836141E+002  0.33942699E+002  0.22595808E+003
   432.2055  0.28818796E+003  0.28462504E+003  0.14723696E+003  0.26788756E+003  0.26923740E+003  0.15577954E+002  0.15852720E+002  0.33506081E+002  0.33612635E+002  0.22216638E+003
   432.4561  0.28345546E+003  0.27994986E+003  0.14474904E+003  0.26336105E+003  0.26468804E+003  0.15420165E+002  0.15692173E+002  0.33181016E+002  0.33287563E+002  0.21846991E+003
   432.7068  0.27884010E+003  0.27539041E+003  0.14232360E+003  0.25894819E+003  0.26025290E+003  0.15264763E+002  0.15534054E+002  0.32860846E+002  0.32967381E+002  0.21486550E+003
   432.9574  0.27433801E+003  0.27094287E+003  0.13995856E+003  0.25464522E+003  0.25592821E+003  0.15111700E+002  0.15378315E+002  0.32545472E+002  0.32651992E+002  0.21135011E+003
   433.2080  0.26994551E+003  0.26660359E+003  0.13765192E+003  0.25044852E+003  0.25171032E+003  0.14960929E+002  0.15224908E+002  0.32234799E+002  0.32341300E+002  0.20792082E+003
   433.4586  0.26565905E+003  0.26236908E+003  0.13540179E+003  0.24635462E+003  0.24759576E+003  0.14812405E+002  0.15073786E+002  0.31928733E+002  0.32035211E+002  0.20457485E+003
   433.7093  0.26147523E+003  0.25823597E+003  0.13320634E+003  0.24236020E+003  0.24358117E+003  0.14666083E+002  0.14924905E+002  0.31627182E+002  0.31733635E+002  0.20130950E+003
   433.9599  0.25739078E+003  0.25420103E+003  0.13106380E+003  0.23846206E+003  0.23966336E+003  0.14521920E+002  0.14778220E+002  0.31330059E+002  0.31436483E+002  0.19812220E+003
   434.2105  0.25340257E+003  0.25026117E+003  0.12897250E+003  0.23465713E+003  0.23583923E+003  0.14379874E+002  0.14633688E+002  0.31037276E+002  0.31143668E+002  0.19501048E+003
   434.4612  0.24950757E+003  0.24641341E+003  0.12693081E+003  0.23094247E+003  0.23210582E+003  0.14239903E+002  0.14491267E+002  0.30748749E+002  0.30855106E+002  0.19197196E+003
   434.7118  0.24570290E+003  0.24265488E+003  0.12493718E+003  0.22731525E+003  0.22846029E+003  0.14101967E+002  0.14350917E+002  0.30464395E+002  0.30570714E+002  0.18900435E+003
   434.9624  0.24198576E+003  0.23898283E+003  0.12299012E+003  0.22377275E+003  0.22489991E+003  0.13966026E+002  0.14212597E+002  0.30184133E+002  0.30290412E+002  0.18610546E+003
   435.2130  0.23835348E+003  0.23539461E+003  0.12108818E+003  0.22031235E+003  0.22142205E+003  0.13832043E+002  0.14076268E+002  0.29907885E+002  0.30014121E+002  0.18327318E+003
   435.4637  0.23480349E+003  0.23188769E+003  0.11922999E+003  0.21693154E+003  0.21802417E+003  0.13699980E+002  0.13941892E+002  0.29635575E+002  0.29741765E+002  0.18050548E+003
   435.7143  0.23133330E+003  0.22845961E+003  0.11741421E+003  0.21362789E+003  0.21470385E+003  0.13569801E+002  0.13809432E+002  0.29367126E+002  0.29473269E+002  0.17780040E+003
   435.9649  0.22794053E+003  0.22510801E+003  0.11563956E+003  0.21039908E+003  0.21145875E+003  0.13441468E+002  0.13678852E+002  0.29102467E+002  0.29208560E+002  0.17515607E+003
   436.2155  0.22462287E+003  0.22183063E+003  0.11390481E+003  0.20724287E+003  0.20828661E+003  0.13314949E+002  0.13550116E+002  0.28841526E+002  0.28947566E+002  0.17257068E+003
   436.4662  0.22137813E+003  0.21862527E+003  0.11220878E+003  0.20415710E+003  0.20518526E+003  0.13190209E+002  0.13423190E+002  0.28584233E+002  0.28690219E+002  0.17004247E+003
   436.7168  0.21820416E+003  0.21548984E+003  0.11055032E+003  0.20113968E+003  0.20215261E+003  0.13067214E+002  0.13298040E+002  0.28330520E+002  0.28436449E+002  0.16756978E+003
   436.9674  0.21509892E+003  0.21242230E+003  0.10892833E+003  0.19818862E+003  0.19918666E+003  0.12945933E+002  0.13174633E+002  0.28080320E+002  0.28186190E+002  0.16515098E+003
   437.2180  0.21206041E+003  0.20942070E+003  0.10734175E+003  0.19530198E+003  0.19628546E+003  0.12826332E+002  0.13052936E+002  0.27833568E+002  0.27939378E+002  0.16278451E+003
   437.4687  0.20908674E+003  0.20648315E+003  0.10578956E+003  0.19247791E+003  0.19344714E+003  0.12708383E+002  0.12932919E+002  0.27590202E+002  0.27695950E+002  0.16046888E+003
   437.7193  0.20617607E+003  0.20360783E+003  0.10427077E+003  0.18971461E+003  0.19066989E+003  0.12592053E+002  0.12814550E+002  0.27350158E+002  0.27455842E+002  0.15820263E+003
   437.9699  0.20332661E+003  0.20079299E+003  0.10278443E+003  0.18701035E+003  0.18795199E+003  0.12477315E+002  0.12697799E+002  0.27113377E+002  0.27218995E+002  0.15598437E+003
   438.2206  0.20053665E+003  0.19803694E+003  0.10132963E+003  0.18436347E+003  0.18529175E+003  0.12364138E+002  0.12582637E+002  0.26879799E+002  0.26985350E+002  0.15381274E+003
   438.4712  0.19780454E+003  0.19533804E+003  0.99905475E+002  0.18177234E+003  0.18268755E+003  0.12252494E+002  0.12469036E+002  0.26649366E+002  0.26754848E+002  0.15168644E+003
   438.7218  0.19512869E+003  0.19269471E+003  0.98511115E+002  0.17923543E+003  0.18013784E+003  0.12142357E+002  0.12356966E+002  0.26422022E+002  0.26527434E+002  0.14960422E+003
   438.9724  0.19250755E+003  0.19010543E+003  0.97145724E+002  0.17675122E+003  0.17764110E+003  0.12033699E+002  0.12246401E+002  0.26197712E+002  0.26303051E+002  0.14756487E+003
   439.2231  0.18993963E+003  0.18756873E+003  0.95808506E+002  0.17431827E+003  0.17519587E+003  0.11926493E+002  0.12137314E+002  0.25976380E+002  0.26081647E+002  0.14556721E+003
   439.4737  0.18742349E+003  0.18508319E+003  0.94498692E+002  0.17193518E+003  0.17280076E+003  0.11820714E+002  0.12029679E+002  0.25757975E+002  0.25863167E+002  0.14361010E+003
   439.7243  0.18495775E+003  0.18264744E+003  0.93215539E+002  0.16960059E+003  0.17045439E+003  0.11716336E+002  0.11923470E+002  0.25542445E+002  0.25647561E+002  0.14169247E+003
   439.9749  0.18254105E+003  0.18026014E+003  0.91958328E+002  0.16731320E+003  0.16815547E+003  0.11613335E+002  0.11818661E+002  0.25329739E+002  0.25434777E+002  0.13981324E+003
   440.2256  0.18017211E+003  0.17792001E+003  0.90726366E+002  0.16507175E+003  0.16590271E+003  0.11511688E+002  0.11715229E+002  0.25119807E+002  0.25224768E+002  0.13797140E+003
   440.4762  0.17784966E+003  0.17562582E+003  0.89518980E+002  0.16287502E+003  0.16369490E+003  0.11411369E+002  0.11613149E+002  0.24912602E+002  0.25017483E+002  0.13616596E+003
   440.7268  0.17557249E+003  0.17337636E+003  0.88335522E+002  0.16072182E+003  0.16153084E+003  0.11312356E+002  0.11512398E+002  0.24708076E+002  0.24812876E+002  0.13439596E+003
   440.9774  0.17333943E+003  0.17117047E+003  0.87175365E+002  0.15861101E+003  0.15940938E+003  0.11214627E+002  0.11412953E+002  0.24506182E+002  0.24610901E+002  0.13266048E+003
   441.2281  0.17114933E+003  0.16900702E+003  0.86037900E+002  0.15654149E+003  0.15732942E+003  0.11118160E+002  0.11314792E+002  0.24306876E+002  0.24411512E+002  0.13095863E+003
   441.4787  0.16900109E+003  0.16688494E+003  0.84922541E+002  0.15451219E+003  0.15528989E+003  0.11022932E+002  0.11217891E+002  0.24110112E+002  0.24214665E+002  0.12928953E+003
   441.7293  0.16689365E+003  0.16480316E+003  0.83828719E+002  0.15252207E+003  0.15328973E+003  0.10928922E+002  0.11122231E+002  0.23915849E+002  0.24020317E+002  0.12765236E+003
   441.9799  0.16482598E+003  0.16276067E+003  0.82755882E+002  0.15057014E+003  0.15132795E+003  0.10836111E+002  0.11027789E+002  0.23724042E+002  0.23828425E+002  0.12604630E+003
   442.2306  0.16279708E+003  0.16075647E+003  0.81703498E+002  0.14865541E+003  0.14940357E+003  0.10744477E+002  0.10934545E+002  0.23534651E+002  0.23638947E+002  0.12447056E+003
   442.4812  0.16080598E+003  0.15878962E+003  0.80671051E+002  0.14677696E+003  0.14751564E+003  0.10654001E+002  0.10842480E+002  0.23347635E+002  0.23451844E+002  0.12292438E+003
   442.7318  0.15885174E+003  0.15685919E+003  0.79658040E+002  0.14493387E+003  0.14566326E+003  0.10564663E+002  0.10751572E+002  0.23162954E+002  0.23267075E+002  0.12140704E+003
   442.9825  0.15693345E+003  0.15496427E+003  0.78663980E+002  0.14312526E+003  0.14384553E+003  0.10476445E+002  0.10661804E+002  0.22980569E+002  0.23084602E+002  0.11991780E+003
   443.2331  0.15505023E+003  0.15310400E+003  0.77688403E+002  0.14135028E+003  0.14206160E+003  0.10389327E+002  0.10573155E+002  0.22800442E+002  0.22904385E+002  0.11845599E+003
   443.4837  0.15320122E+003  0.15127753E+003  0.76730854E+002  0.13960810E+003  0.14031063E+003  0.10303292E+002  0.10485608E+002  0.22622536E+002  0.22726388E+002  0.11702092E+003
   443.7343  0.15138561E+003  0.14948404E+003  0.75790890E+002  0.13789791E+003  0.13859182E+003  0.10218321E+002  0.10399143E+002  0.22446813E+002  0.22550575E+002  0.11561195E+003
   443.9850  0.14960258E+003  0.14772275E+003  0.74868084E+002  0.13621894E+003  0.13690438E+003  0.10134397E+002  0.10313744E+002  0.22273239E+002  0.22376909E+002  0.11422845E+003
   444.2356  0.14785136E+003  0.14599287E+003  0.73962022E+002  0.13457043E+003  0.13524756E+003  0.10051503E+002  0.10229393E+002  0.22101777E+002  0.22205355E+002  0.11286981E+003
   444.4862  0.14613118E+003  0.14429367E+003  0.73072300E+002  0.13295166E+003  0.13362062E+003  0.99696228E+001  0.10146073E+002  0.21932393E+002  0.22035878E+002  0.11153543E+003
   444.7368  0.14444133E+003  0.14262442E+003  0.72198529E+002  0.13136190E+003  0.13202285E+003  0.98887389E+001  0.10063767E+002  0.21765055E+002  0.21868446E+002  0.11022473E+003
   444.9875  0.14278107E+003  0.14098442E+003  0.71340329E+002  0.12980048E+003  0.13045356E+003  0.98088355E+001  0.99824588E+001  0.21599728E+002  0.21703025E+002  0.10893717E+003
   445.2381  0.14114973E+003  0.13937298E+003  0.70497334E+002  0.12826671E+003  0.12891206E+003  0.97298969E+001  0.99021321E+001  0.21436380E+002  0.21539583E+002  0.10767219E+003
   445.4887  0.13954663E+003  0.13778944E+003  0.69669186E+002  0.12675996E+003  0.12739772E+003  0.96519076E+001  0.98227713E+001  0.21274980E+002  0.21378088E+002  0.10642926E+003
   445.7393  0.13797112E+003  0.13623315E+003  0.68855538E+002  0.12527960E+003  0.12590989E+003  0.95748524E+001  0.97443609E+001  0.21115496E+002  0.21218509E+002  0.10520789E+003
   445.9900  0.13642257E+003  0.13470350E+003  0.68056055E+002  0.12382500E+003  0.12444796E+003  0.94987166E+001  0.96668859E+001  0.20957898E+002  0.21060815E+002  0.10400756E+003
   446.2406  0.13490037E+003  0.13319987E+003  0.67270410E+002  0.12239558E+003  0.12301133E+003  0.94234854E+001  0.95903314E+001  0.20802157E+002  0.20904977E+002  0.10282781E+003
   446.4912  0.13340390E+003  0.13172167E+003  0.66498284E+002  0.12099076E+003  0.12159943E+003  0.93491446E+001  0.95146829E+001  0.20648242E+002  0.20750966E+002  0.10166815E+003
   446.7419  0.13193260E+003  0.13026833E+003  0.65739371E+002  0.11960998E+003  0.12021169E+003  0.92756803E+001  0.94399261E+001  0.20496126E+002  0.20598752E+002  0.10052814E+003
   446.9925  0.13048591E+003  0.12883930E+003  0.64993370E+002  0.11825269E+003  0.11884756E+003  0.92030786E+001  0.93660471E+001  0.20345779E+002  0.20448307E+002  0.99407326E+002
   447.2431  0.12906326E+003  0.12743403E+003  0.64259990E+002  0.11691836E+003  0.11750650E+003  0.91313262E+001  0.92930323E+001  0.20197175E+002  0.20299605E+002  0.98305288E+002
   447.4937  0.12766414E+003  0.12605199E+003  0.63538949E+002  0.11560648E+003  0.11618801E+003  0.90604098E+001  0.92208680E+001  0.20050287E+002  0.20152618E+002  0.97221604E+002
   447.7444  0.12628801E+003  0.12469267E+003  0.62829970E+002  0.11431655E+003  0.11489158E+003  0.89903166E+001  0.91495413E+001  0.19905087E+002  0.20007320E+002  0.96155869E+002
   447.9950  0.12493438E+003  0.12335558E+003  0.62132788E+002  0.11304808E+003  0.11361672E+003  0.89210337E+001  0.90790391E+001  0.19761550E+002  0.19863683E+002  0.95107686E+002
   448.2456  0.12360276E+003  0.12204023E+003  0.61447140E+002  0.11180060E+003  0.11236295E+003  0.88525488E+001  0.90093489E+001  0.19619650E+002  0.19721684E+002  0.94076673E+002
   448.4962  0.12229267E+003  0.12074614E+003  0.60772776E+002  0.11057364E+003  0.11112982E+003  0.87848496E+001  0.89404582E+001  0.19479363E+002  0.19581297E+002  0.93062454E+002
   448.7469  0.12100365E+003  0.11947287E+003  0.60109448E+002  0.10936677E+003  0.10991686E+003  0.87179242E+001  0.88723547E+001  0.19340663E+002  0.19442497E+002  0.92064667E+002
   448.9975  0.11973523E+003  0.11821996E+003  0.59456917E+002  0.10817954E+003  0.10872365E+003  0.86517608E+001  0.88050267E+001  0.19203527E+002  0.19305261E+002  0.91082957E+002
   449.2481  0.11848700E+003  0.11698698E+003  0.58814951E+002  0.10701153E+003  0.10754976E+003  0.85863479E+001  0.87384623E+001  0.19067931E+002  0.19169564E+002  0.90116980E+002
   449.4987  0.11725850E+003  0.11577351E+003  0.58183322E+002  0.10586233E+003  0.10639477E+003  0.85216741E+001  0.86726499E+001  0.18933852E+002  0.19035384E+002  0.89166403E+002
   449.7494  0.11604934E+003  0.11457913E+003  0.57561809E+002  0.10473154E+003  0.10525828E+003  0.84577285E+001  0.86075785E+001  0.18801267E+002  0.18902698E+002  0.88230897E+002
   450.0000  0.11485911E+003  0.11340345E+003  0.56950199E+002  0.10361876E+003  0.10413990E+003  0.83945000E+001  0.85432368E+001  0.18670154E+002  0.18771483E+002  0.87310146E+002
