#Raman spectra
#Laser energy   2.33 eV
#Raman shift (cm-1), Raman Spectra (XX,YY,ZZ,s+s+,s-s-,XY,YX,s+s-,s-s+)
  1500.0000  0.96971939E+003  0.94638908E+003  0.30462720E-003  0.79589129E-001  0.79613916E-001  0.97188857E+003  0.97189214E+003  0.19298575E+004  0.19298724E+004
  1500.2506  0.98392126E+003  0.96024926E+003  0.30908864E-003  0.80754746E-001  0.80779895E-001  0.98612256E+003  0.98612618E+003  0.19581213E+004  0.19581364E+004
  1500.5013  0.99843718E+003  0.97441594E+003  0.31364874E-003  0.81946139E-001  0.81971659E-001  0.10006713E+004  0.10006750E+004  0.19870101E+004  0.19870254E+004
  1500.7519  0.10132765E+004  0.98889822E+003  0.31831042E-003  0.83164074E-001  0.83189972E-001  0.10155442E+004  0.10155479E+004  0.20165424E+004  0.20165580E+004
  1501.0025  0.10284488E+004  0.10037055E+004  0.32307673E-003  0.84409342E-001  0.84435629E-001  0.10307509E+004  0.10307546E+004  0.20467376E+004  0.20467534E+004
  1501.2531  0.10439642E+004  0.10188476E+004  0.32795082E-003  0.85682769E-001  0.85709452E-001  0.10463014E+004  0.10463052E+004  0.20776155E+004  0.20776315E+004
  1501.5038  0.10598331E+004  0.10343347E+004  0.33293595E-003  0.86985209E-001  0.87012297E-001  0.10622062E+004  0.10622101E+004  0.21091969E+004  0.21092132E+004
  1501.7544  0.10760663E+004  0.10501774E+004  0.33803553E-003  0.88317549E-001  0.88345051E-001  0.10784762E+004  0.10784801E+004  0.21415033E+004  0.21415199E+004
  1502.0050  0.10926750E+004  0.10663865E+004  0.34325308E-003  0.89680710E-001  0.89708637E-001  0.10951225E+004  0.10951265E+004  0.21745571E+004  0.21745739E+004
  1502.2556  0.11096709E+004  0.10829735E+004  0.34859226E-003  0.91075651E-001  0.91104011E-001  0.11121569E+004  0.11121610E+004  0.22083815E+004  0.22083986E+004
  1502.5063  0.11270661E+004  0.10999502E+004  0.35405689E-003  0.92503365E-001  0.92532169E-001  0.11295915E+004  0.11295957E+004  0.22430006E+004  0.22430179E+004
  1502.7569  0.11448732E+004  0.11173289E+004  0.35965092E-003  0.93964887E-001  0.93994146E-001  0.11474390E+004  0.11474432E+004  0.22784394E+004  0.22784570E+004
  1503.0075  0.11631053E+004  0.11351223E+004  0.36537846E-003  0.95461291E-001  0.95491015E-001  0.11657125E+004  0.11657168E+004  0.23147240E+004  0.23147419E+004
  1503.2581  0.11817760E+004  0.11533439E+004  0.37124379E-003  0.96993696E-001  0.97023897E-001  0.11844256E+004  0.11844299E+004  0.23518816E+004  0.23518998E+004
  1503.5088  0.12008995E+004  0.11720073E+004  0.37725137E-003  0.98563264E-001  0.98593953E-001  0.12035925E+004  0.12035969E+004  0.23899403E+004  0.23899588E+004
  1503.7594  0.12204906E+004  0.11911270E+004  0.38340583E-003  0.10017121E+000  0.10020240E+000  0.12232280E+004  0.12232325E+004  0.24289295E+004  0.24289483E+004
  1504.0100  0.12405645E+004  0.12107180E+004  0.38971199E-003  0.10181878E+000  0.10185048E+000  0.12433475E+004  0.12433521E+004  0.24688797E+004  0.24688988E+004
  1504.2607  0.12611374E+004  0.12307959E+004  0.39617487E-003  0.10350730E+000  0.10353953E+000  0.12639671E+004  0.12639717E+004  0.25098228E+004  0.25098422E+004
  1504.5113  0.12822257E+004  0.12513768E+004  0.40279970E-003  0.10523814E+000  0.10527090E+000  0.12851034E+004  0.12851081E+004  0.25517919E+004  0.25518116E+004
  1504.7619  0.13038469E+004  0.12724779E+004  0.40959194E-003  0.10701271E+000  0.10704603E+000  0.13067737E+004  0.13067785E+004  0.25948215E+004  0.25948415E+004
  1505.0125  0.13260191E+004  0.12941166E+004  0.41655727E-003  0.10883250E+000  0.10886639E+000  0.13289963E+004  0.13290012E+004  0.26389476E+004  0.26389680E+004
  1505.2632  0.13487611E+004  0.13163115E+004  0.42370161E-003  0.11069906E+000  0.11073353E+000  0.13517901E+004  0.13517950E+004  0.26842078E+004  0.26842285E+004
  1505.5138  0.13720927E+004  0.13390817E+004  0.43103115E-003  0.11261401E+000  0.11264907E+000  0.13751747E+004  0.13751797E+004  0.27306412E+004  0.27306623E+004
  1505.7644  0.13960342E+004  0.13624473E+004  0.43855232E-003  0.11457903E+000  0.11461470E+000  0.13991707E+004  0.13991758E+004  0.27782887E+004  0.27783101E+004
  1506.0150  0.14206072E+004  0.13864291E+004  0.44627188E-003  0.11659587E+000  0.11663217E+000  0.14237997E+004  0.14238049E+004  0.28271929E+004  0.28272147E+004
  1506.2657  0.14458341E+004  0.14110490E+004  0.45419684E-003  0.11866638E+000  0.11870333E+000  0.14490840E+004  0.14490893E+004  0.28773984E+004  0.28774206E+004
  1506.5163  0.14717382E+004  0.14363299E+004  0.46233455E-003  0.12079248E+000  0.12083008E+000  0.14750471E+004  0.14750525E+004  0.29289517E+004  0.29289743E+004
  1506.7669  0.14983439E+004  0.14622955E+004  0.47069269E-003  0.12297616E+000  0.12301444E+000  0.15017134E+004  0.15017189E+004  0.29819014E+004  0.29819244E+004
  1507.0175  0.15256768E+004  0.14889708E+004  0.47927929E-003  0.12521953E+000  0.12525851E+000  0.15291086E+004  0.15291142E+004  0.30362983E+004  0.30363217E+004
  1507.2682  0.15537636E+004  0.15163819E+004  0.48810272E-003  0.12752478E+000  0.12756448E+000  0.15572595E+004  0.15572652E+004  0.30921957E+004  0.30922195E+004
  1507.5188  0.15826323E+004  0.15445560E+004  0.49717178E-003  0.12989420E+000  0.12993463E+000  0.15861941E+004  0.15861999E+004  0.31496491E+004  0.31496734E+004
  1507.7694  0.16123121E+004  0.15735217E+004  0.50649565E-003  0.13233019E+000  0.13237139E+000  0.16159416E+004  0.16159475E+004  0.32087167E+004  0.32087415E+004
  1508.0201  0.16428336E+004  0.16033090E+004  0.51608396E-003  0.13483527E+000  0.13487725E+000  0.16465328E+004  0.16465388E+004  0.32694596E+004  0.32694849E+004
  1508.2707  0.16742290E+004  0.16339490E+004  0.52594679E-003  0.13741208E+000  0.13745485E+000  0.16779999E+004  0.16780060E+004  0.33319417E+004  0.33319674E+004
  1508.5213  0.17065318E+004  0.16654747E+004  0.53609470E-003  0.14006337E+000  0.14010697E+000  0.17103765E+004  0.17103828E+004  0.33962297E+004  0.33962559E+004
  1508.7719  0.17397774E+004  0.16979204E+004  0.54653879E-003  0.14279203E+000  0.14283648E+000  0.17436981E+004  0.17437045E+004  0.34623940E+004  0.34624207E+004
  1509.0226  0.17740027E+004  0.17313223E+004  0.55729066E-003  0.14560111E+000  0.14564643E+000  0.17780016E+004  0.17780082E+004  0.35305082E+004  0.35305354E+004
  1509.2732  0.18092466E+004  0.17657182E+004  0.56836252E-003  0.14849379E+000  0.14854001E+000  0.18133261E+004  0.18133328E+004  0.36006495E+004  0.36006772E+004
  1509.5238  0.18455498E+004  0.18011480E+004  0.57976717E-003  0.15147341E+000  0.15152056E+000  0.18497124E+004  0.18497192E+004  0.36728990E+004  0.36729273E+004
  1509.7744  0.18829551E+004  0.18376534E+004  0.59151807E-003  0.15454350E+000  0.15459160E+000  0.18872034E+004  0.18872103E+004  0.37473420E+004  0.37473709E+004
  1510.0251  0.19215075E+004  0.18752783E+004  0.60362935E-003  0.15770774E+000  0.15775683E+000  0.19258442E+004  0.19258512E+004  0.38240681E+004  0.38240976E+004
  1510.2757  0.19612545E+004  0.19140690E+004  0.61611588E-003  0.16097002E+000  0.16102012E+000  0.19656822E+004  0.19656894E+004  0.39031715E+004  0.39032015E+004
  1510.5263  0.20022456E+004  0.19540739E+004  0.62899330E-003  0.16433443E+000  0.16438558E+000  0.20067673E+004  0.20067747E+004  0.39847511E+004  0.39847818E+004
  1510.7769  0.20445335E+004  0.19953444E+004  0.64227808E-003  0.16780526E+000  0.16785749E+000  0.20491522E+004  0.20491597E+004  0.40689113E+004  0.40689427E+004
  1511.0276  0.20881731E+004  0.20379341E+004  0.65598754E-003  0.17138704E+000  0.17144039E+000  0.20928920E+004  0.20928997E+004  0.41557620E+004  0.41557940E+004
  1511.2782  0.21332227E+004  0.20818999E+004  0.67013996E-003  0.17508456E+000  0.17513905E+000  0.21380450E+004  0.21380529E+004  0.42454188E+004  0.42454515E+004
  1511.5288  0.21797436E+004  0.21273015E+004  0.68475459E-003  0.17890283E+000  0.17895852E+000  0.21846728E+004  0.21846808E+004  0.43380038E+004  0.43380372E+004
  1511.7794  0.22278004E+004  0.21742022E+004  0.69985176E-003  0.18284717E+000  0.18290408E+000  0.22328401E+004  0.22328483E+004  0.44336455E+004  0.44336797E+004
  1512.0301  0.22774614E+004  0.22226684E+004  0.71545288E-003  0.18692318E+000  0.18698136E+000  0.22826153E+004  0.22826237E+004  0.45324800E+004  0.45325149E+004
  1512.2807  0.23287987E+004  0.22727705E+004  0.73158063E-003  0.19113677E+000  0.19119626E+000  0.23340707E+004  0.23340792E+004  0.46346506E+004  0.46346862E+004
  1512.5313  0.23818883E+004  0.23245829E+004  0.74825890E-003  0.19549420E+000  0.19555505E+000  0.23872826E+004  0.23872913E+004  0.47403088E+004  0.47403453E+004
  1512.7820  0.24368109E+004  0.23781841E+004  0.76551302E-003  0.20000207E+000  0.20006432E+000  0.24423317E+004  0.24423406E+004  0.48496150E+004  0.48496523E+004
  1513.0326  0.24936517E+004  0.24336573E+004  0.78336974E-003  0.20466738E+000  0.20473108E+000  0.24993034E+004  0.24993126E+004  0.49627387E+004  0.49627769E+004
  1513.2832  0.25525007E+004  0.24910905E+004  0.80185740E-003  0.20949753E+000  0.20956273E+000  0.25582882E+004  0.25582976E+004  0.50798594E+004  0.50798985E+004
  1513.5338  0.26134536E+004  0.25505770E+004  0.82100601E-003  0.21450037E+000  0.21456712E+000  0.26193818E+004  0.26193914E+004  0.52011673E+004  0.52012073E+004
  1513.7845  0.26766117E+004  0.26122155E+004  0.84084740E-003  0.21968419E+000  0.21975256E+000  0.26826857E+004  0.26826955E+004  0.53268640E+004  0.53269050E+004
  1514.0351  0.27420824E+004  0.26761110E+004  0.86141532E-003  0.22505784E+000  0.22512788E+000  0.27483076E+004  0.27483177E+004  0.54571632E+004  0.54572052E+004
  1514.2857  0.28099797E+004  0.27423748E+004  0.88274561E-003  0.23063066E+000  0.23070243E+000  0.28163619E+004  0.28163722E+004  0.55922921E+004  0.55923351E+004
  1514.5363  0.28804248E+004  0.28111251E+004  0.90487633E-003  0.23641260E+000  0.23648618E+000  0.28869700E+004  0.28869806E+004  0.57324917E+004  0.57325358E+004
  1514.7870  0.29535465E+004  0.28824876E+004  0.92784793E-003  0.24241424E+000  0.24248968E+000  0.29602610E+004  0.29602718E+004  0.58780184E+004  0.58780636E+004
  1515.0376  0.30294818E+004  0.29565960E+004  0.95170347E-003  0.24864681E+000  0.24872419E+000  0.30363722E+004  0.30363833E+004  0.60291448E+004  0.60291911E+004
  1515.2882  0.31083766E+004  0.30335927E+004  0.97648878E-003  0.25512230E+000  0.25520169E+000  0.31154499E+004  0.31154613E+004  0.61861613E+004  0.61862089E+004
  1515.5388  0.31903863E+004  0.31136293E+004  0.10022527E-002  0.26185346E+000  0.26193494E+000  0.31976499E+004  0.31976616E+004  0.63493773E+004  0.63494261E+004
  1515.7895  0.32756767E+004  0.31968677E+004  0.10290473E-002  0.26885389E+000  0.26893755E+000  0.32831383E+004  0.32831503E+004  0.65191226E+004  0.65191727E+004
  1516.0401  0.33644246E+004  0.32834805E+004  0.10569281E-002  0.27613812E+000  0.27622405E+000  0.33720924E+004  0.33721048E+004  0.66957492E+004  0.66958007E+004
  1516.2907  0.34568190E+004  0.33736520E+004  0.10859545E-002  0.28372165E+000  0.28380994E+000  0.34647017E+004  0.34647144E+004  0.68796333E+004  0.68796862E+004
  1516.5414  0.35530619E+004  0.34675793E+004  0.11161900E-002  0.29162106E+000  0.29171180E+000  0.35611685E+004  0.35611816E+004  0.70711768E+004  0.70712311E+004
  1516.7920  0.36533693E+004  0.35654735E+004  0.11477025E-002  0.29985409E+000  0.29994740E+000  0.36617096E+004  0.36617230E+004  0.72708099E+004  0.72708657E+004
  1517.0426  0.37579729E+004  0.36675604E+004  0.11805646E-002  0.30843975E+000  0.30853572E+000  0.37665570E+004  0.37665708E+004  0.74789933E+004  0.74790507E+004
  1517.2932  0.38671206E+004  0.37740822E+004  0.12148544E-002  0.31739839E+000  0.31749715E+000  0.38759593E+004  0.38759735E+004  0.76962208E+004  0.76962799E+004
  1517.5439  0.39810788E+004  0.38852986E+004  0.12506555E-002  0.32675188E+000  0.32685355E+000  0.39901836E+004  0.39901982E+004  0.79230224E+004  0.79230832E+004
  1517.7945  0.41001334E+004  0.40014889E+004  0.12880578E-002  0.33652368E+000  0.33662840E+000  0.41095165E+004  0.41095315E+004  0.81599673E+004  0.81600299E+004
  1518.0451  0.42245919E+004  0.41229531E+004  0.13271578E-002  0.34673904E+000  0.34684693E+000  0.42342662E+004  0.42342817E+004  0.84076674E+004  0.84077319E+004
  1518.2957  0.43547853E+004  0.42500142E+004  0.13680595E-002  0.35742513E+000  0.35753634E+000  0.43647644E+004  0.43647804E+004  0.86667814E+004  0.86668479E+004
  1518.5464  0.44910701E+004  0.43830201E+004  0.14108750E-002  0.36861120E+000  0.36872589E+000  0.45013687E+004  0.45013852E+004  0.89380191E+004  0.89380877E+004
  1518.7970  0.46338309E+004  0.45223463E+004  0.14557251E-002  0.38032884E+000  0.38044718E+000  0.46444646E+004  0.46444816E+004  0.92221460E+004  0.92222167E+004
  1519.0476  0.47834833E+004  0.46683982E+004  0.15027403E-002  0.39261213E+000  0.39273429E+000  0.47944684E+004  0.47944860E+004  0.95199888E+004  0.95200618E+004
  1519.2982  0.49404761E+004  0.48216139E+004  0.15520617E-002  0.40549794E+000  0.40562411E+000  0.49518304E+004  0.49518486E+004  0.98324413E+004  0.98325166E+004
  1519.5489  0.51052955E+004  0.49824680E+004  0.16038420E-002  0.41902617E+000  0.41915655E+000  0.51170379E+004  0.51170566E+004  0.10160471E+005  0.10160549E+005
  1519.7995  0.52784684E+004  0.51514745E+004  0.16582468E-002  0.43324007E+000  0.43337486E+000  0.52906189E+004  0.52906383E+004  0.10505126E+005  0.10505207E+005
  1520.0501  0.54605664E+004  0.53291915E+004  0.17154557E-002  0.44818656E+000  0.44832600E+000  0.54731466E+004  0.54731667E+004  0.10867546E+005  0.10867629E+005
  1520.3008  0.56522110E+004  0.55162253E+004  0.17756638E-002  0.46391664E+000  0.46406098E+000  0.56652440E+004  0.56652647E+004  0.11248965E+005  0.11249052E+005
  1520.5514  0.58540780E+004  0.57132357E+004  0.18390837E-002  0.48048582E+000  0.48063531E+000  0.58675886E+004  0.58676101E+004  0.11650731E+005  0.11650820E+005
  1520.8020  0.60669043E+004  0.59209416E+004  0.19059467E-002  0.49795454E+000  0.49810947E+000  0.60809190E+004  0.60809413E+004  0.12074309E+005  0.12074401E+005
  1521.0526  0.62914936E+004  0.61401276E+004  0.19765054E-002  0.51638882E+000  0.51654948E+000  0.63060410E+004  0.63060642E+004  0.12521299E+005  0.12521395E+005
  1521.3033  0.65287247E+004  0.63716511E+004  0.20510359E-002  0.53586076E+000  0.53602747E+000  0.65438356E+004  0.65438596E+004  0.12993450E+005  0.12993549E+005
  1521.5539  0.67795592E+004  0.66164509E+004  0.21298404E-002  0.55644931E+000  0.55662243E+000  0.67952668E+004  0.67952917E+004  0.13492676E+005  0.13492779E+005
  1521.8045  0.70450516E+004  0.68755558E+004  0.22132501E-002  0.57824102E+000  0.57842092E+000  0.70613916E+004  0.70614175E+004  0.14021076E+005  0.14021184E+005
  1522.0551  0.73263599E+004  0.71500961E+004  0.23016289E-002  0.60133096E+000  0.60151804E+000  0.73433711E+004  0.73433981E+004  0.14580956E+005  0.14581067E+005
  1522.3058  0.76247580E+004  0.74413152E+004  0.23953771E-002  0.62582369E+000  0.62601839E+000  0.76424824E+004  0.76425104E+004  0.15174849E+005  0.15174965E+005
  1522.5564  0.79416500E+004  0.77505831E+004  0.24949358E-002  0.65183447E+000  0.65203726E+000  0.79601330E+004  0.79601622E+004  0.15805552E+005  0.15805673E+005
  1522.8070  0.82785861E+004  0.80794129E+004  0.26007921E-002  0.67949055E+000  0.67970194E+000  0.82978770E+004  0.82979075E+004  0.16476149E+005  0.16476275E+005
  1523.0576  0.86372812E+004  0.84294782E+004  0.27134848E-002  0.70893270E+000  0.70915325E+000  0.86574338E+004  0.86574656E+004  0.17190055E+005  0.17190186E+005
  1523.3083  0.90196364E+004  0.88026343E+004  0.28336112E-002  0.74031698E+000  0.74054728E+000  0.90407093E+004  0.90407424E+004  0.17951052E+005  0.17951189E+005
  1523.5589  0.94277632E+004  0.92009421E+004  0.29618349E-002  0.77381671E+000  0.77405744E+000  0.94498203E+004  0.94498549E+004  0.18763345E+005  0.18763488E+005
  1523.8095  0.98640123E+004  0.96266955E+004  0.30988943E-002  0.80962487E+000  0.80987674E+000  0.98871235E+004  0.98871597E+004  0.19631611E+005  0.19631760E+005
  1524.0602  0.10331006E+005  0.10082454E+005  0.32456136E-002  0.84795672E+000  0.84822051E+000  0.10355248E+005  0.10355286E+005  0.20561071E+005  0.20561227E+005
  1524.3108  0.10831677E+005  0.10571080E+005  0.34029141E-002  0.88905300E+000  0.88932957E+000  0.10857134E+005  0.10857174E+005  0.21557561E+005  0.21557725E+005
  1524.5614  0.11369313E+005  0.11095781E+005  0.35718288E-002  0.93318359E+000  0.93347388E+000  0.11396078E+005  0.11396120E+005  0.22627627E+005  0.22627799E+005
  1524.8120  0.11947609E+005  0.11660163E+005  0.37535186E-002  0.98065176E+000  0.98095682E+000  0.11975784E+005  0.11975828E+005  0.23778621E+005  0.23778801E+005
  1525.0627  0.12570727E+005  0.12268290E+005  0.39492917E-002  0.10317993E+001  0.10321202E+001  0.12600425E+005  0.12600471E+005  0.25018829E+005  0.25019019E+005
  1525.3133  0.13243371E+005  0.12924751E+005  0.41606258E-002  0.10870122E+001  0.10873503E+001  0.13274717E+005  0.13274766E+005  0.26357615E+005  0.26357815E+005
  1525.5639  0.13970871E+005  0.13634748E+005  0.43891959E-002  0.11467281E+001  0.11470848E+001  0.14004005E+005  0.14004056E+005  0.27805587E+005  0.27805798E+005
  1525.8145  0.14759284E+005  0.14404192E+005  0.46369050E-002  0.12114443E+001  0.12118211E+001  0.14794360E+005  0.14794414E+005  0.29374802E+005  0.29375025E+005
  1526.0652  0.15615515E+005  0.15239824E+005  0.49059232E-002  0.12817275E+001  0.12821262E+001  0.15652708E+005  0.15652765E+005  0.31079006E+005  0.31079242E+005
  1526.3158  0.16547463E+005  0.16149350E+005  0.51987321E-002  0.13582262E+001  0.13586487E+001  0.16586966E+005  0.16587027E+005  0.32933920E+005  0.32934169E+005
  1526.5664  0.17564191E+005  0.17141617E+005  0.55181801E-002  0.14416845E+001  0.14421329E+001  0.17606224E+005  0.17606288E+005  0.34957586E+005  0.34957850E+005
  1526.8170  0.18676140E+005  0.18226814E+005  0.58675475E-002  0.15329593E+001  0.15334361E+001  0.18720948E+005  0.18721016E+005  0.37170785E+005  0.37171066E+005
  1527.0677  0.19895377E+005  0.19416717E+005  0.62506265E-002  0.16330415E+001  0.16335494E+001  0.19943239E+005  0.19943312E+005  0.39597540E+005  0.39597838E+005
  1527.3183  0.21235907E+005  0.20724995E+005  0.66718179E-002  0.17430807E+001  0.17436228E+001  0.21287139E+005  0.21287217E+005  0.42265727E+005  0.42266046E+005
  1527.5689  0.22714049E+005  0.22167575E+005  0.71362496E-002  0.18644166E+001  0.18649964E+001  0.22769013E+005  0.22769096E+005  0.45207831E+005  0.45208171E+005
  1527.8195  0.24348897E+005  0.23763090E+005  0.76499222E-002  0.19986168E+001  0.19992384E+001  0.24408005E+005  0.24408095E+005  0.48461862E+005  0.48462227E+005
  1528.0702  0.26162894E+005  0.25533445E+005  0.82198883E-002  0.21475238E+001  0.21481917E+001  0.26226622E+005  0.26226718E+005  0.52072496E+005  0.52072887E+005
  1528.3208  0.28182541E+005  0.27504501E+005  0.88544750E-002  0.23133131E+001  0.23140326E+001  0.28251435E+005  0.28251539E+005  0.56092483E+005  0.56092904E+005
  1528.5714  0.30439274E+005  0.29706940E+005  0.95635623E-002  0.24985659E+001  0.24993429E+001  0.30513970E+005  0.30514082E+005  0.60584407E+005  0.60584861E+005
  1528.8221  0.32970580E+005  0.32177345E+005  0.10358930E-001  0.27063594E+001  0.27072011E+001  0.33051818E+005  0.33051939E+005  0.65622888E+005  0.65623379E+005
  1529.0727  0.35821381E+005  0.34959559E+005  0.11254695E-001  0.29403820E+001  0.29412965E+001  0.35910026E+005  0.35910158E+005  0.71297355E+005  0.71297888E+005
  1529.3233  0.39045801E+005  0.38106403E+005  0.12267868E-001  0.32050772E+001  0.32060739E+001  0.39142873E+005  0.39143016E+005  0.77715551E+005  0.77716131E+005
  1529.5739  0.42709396E+005  0.41681856E+005  0.13419049E-001  0.35058272E+001  0.35069174E+001  0.42816100E+005  0.42816257E+005  0.85007982E+005  0.85008615E+005
  1529.8246  0.46892005E+005  0.45763837E+005  0.14733331E-001  0.38491871E+001  0.38503840E+001  0.47009776E+005  0.47009949E+005  0.93333587E+005  0.93334280E+005
  1530.0752  0.51691382E+005  0.50447745E+005  0.16241434E-001  0.42431825E+001  0.42445020E+001  0.51821936E+005  0.51822126E+005  0.10288697E+006  0.10288773E+006
  1530.3258  0.57227833E+005  0.55850995E+005  0.17981169E-001  0.46976913E+001  0.46991520E+001  0.57373236E+005  0.57373446E+005  0.11390764E+006  0.11390848E+006
  1530.5764  0.63650127E+005  0.62118777E+005  0.19999292E-001  0.52249280E+001  0.52265526E+001  0.63812879E+005  0.63813113E+005  0.12669175E+006  0.12669269E+006
  1530.8271  0.71142969E+005  0.69431349E+005  0.22353851E-001  0.58400577E+001  0.58418735E+001  0.71326109E+005  0.71326370E+005  0.14160704E+006  0.14160808E+006
  1531.0777  0.79936304E+005  0.78013126E+005  0.25117115E-001  0.65619601E+001  0.65640003E+001  0.80143547E+005  0.80143841E+005  0.15911126E+006  0.15911243E+006
  1531.3283  0.90316610E+005  0.88143693E+005  0.28379121E-001  0.74141566E+001  0.74164617E+001  0.90552511E+005  0.90552843E+005  0.17977475E+006  0.17977607E+006
  1531.5789  0.10263987E+006  0.10017047E+006  0.32251746E-001  0.84258747E+001  0.84284942E+001  0.10291002E+006  0.10291039E+006  0.20430620E+006  0.20430769E+006
  1531.8296  0.11734489E+006  0.11452170E+006  0.36872898E-001  0.96331422E+001  0.96361369E+001  0.11765614E+006  0.11765658E+006  0.23357917E+006  0.23358087E+006
  1532.0802  0.13496341E+006  0.13171634E+006  0.42409679E-001  0.11079614E+002  0.11083058E+002  0.13532411E+006  0.13532461E+006  0.26865219E+006  0.26865413E+006
  1532.3308  0.15611863E+006  0.15236259E+006  0.49057912E-001  0.12816450E+002  0.12820434E+002  0.15653877E+006  0.15653934E+006  0.31076572E+006  0.31076797E+006
  1532.5815  0.18149487E+006  0.17712830E+006  0.57032581E-001  0.14899817E+002  0.14904448E+002  0.18198601E+006  0.18198668E+006  0.36128173E+006  0.36128433E+006
  1532.8321  0.21174541E+006  0.20665105E+006  0.66538828E-001  0.17383315E+002  0.17388718E+002  0.21232021E+006  0.21232099E+006  0.42149993E+006  0.42150297E+006
  1533.0827  0.24728300E+006  0.24133364E+006  0.77706012E-001  0.20300756E+002  0.20307066E+002  0.24795361E+006  0.24795452E+006  0.49224030E+006  0.49224385E+006
  1533.3333  0.28787836E+006  0.28095233E+006  0.90461458E-001  0.23633183E+002  0.23640529E+002  0.28865332E+006  0.28865437E+006  0.57304348E+006  0.57304762E+006
  1533.5840  0.33201947E+006  0.32403146E+006  0.10432900E+000  0.27256245E+002  0.27264719E+002  0.33289833E+006  0.33289955E+006  0.66089474E+006  0.66089955E+006
  1533.8346  0.37615251E+006  0.36710271E+006  0.11819060E+000  0.30877915E+002  0.30887515E+002  0.37711905E+006  0.37712043E+006  0.74871371E+006  0.74871923E+006
  1534.0852  0.41432518E+006  0.40435699E+006  0.13017489E+000  0.34009338E+002  0.34019914E+002  0.41534265E+006  0.41534417E+006  0.82464739E+006  0.82465357E+006
  1534.3358  0.43916034E+006  0.42859465E+006  0.13796429E+000  0.36045016E+002  0.36056229E+002  0.44017484E+006  0.44017645E+006  0.87401375E+006  0.87402043E+006
  1534.5865  0.44463719E+006  0.43393975E+006  0.13966971E+000  0.36491291E+002  0.36502646E+002  0.44559227E+006  0.44559390E+006  0.88484160E+006  0.88484852E+006
  1534.8371  0.42929159E+006  0.41896335E+006  0.13483521E+000  0.35228850E+002  0.35239816E+002  0.43014649E+006  0.43014807E+006  0.85423610E+006  0.85424293E+006
  1535.0877  0.39710023E+006  0.38754648E+006  0.12471333E+000  0.32584788E+002  0.32594933E+002  0.39783887E+006  0.39784033E+006  0.79012715E+006  0.79013358E+006
  1535.3383  0.35517226E+006  0.34662725E+006  0.11153826E+000  0.29142774E+002  0.29151849E+002  0.35579880E+006  0.35580011E+006  0.70666715E+006  0.70667298E+006
  1535.5890  0.31043782E+006  0.30296907E+006  0.97485893E-001  0.25471350E+002  0.25479283E+002  0.31096658E+006  0.31096772E+006  0.61764255E+006  0.61764769E+006
  1535.8396  0.26770743E+006  0.26126672E+006  0.84065602E-001  0.21964948E+002  0.21971789E+002  0.26815490E+006  0.26815588E+006  0.53261827E+006  0.53262272E+006
  1536.0902  0.22946159E+006  0.22394103E+006  0.72055114E-001  0.18826831E+002  0.18832695E+002  0.22984269E+006  0.22984354E+006  0.45652369E+006  0.45652750E+006
  1536.3409  0.19649929E+006  0.19177176E+006  0.61704493E-001  0.16122375E+002  0.16127397E+002  0.19682632E+006  0.19682704E+006  0.39094444E+006  0.39094771E+006
  1536.5915  0.16867478E+006  0.16461667E+006  0.52967500E-001  0.13839522E+002  0.13843832E+002  0.16895754E+006  0.16895816E+006  0.33558833E+006  0.33559113E+006
  1536.8421  0.14542276E+006  0.14192407E+006  0.45666387E-001  0.11931839E+002  0.11935555E+002  0.14566901E+006  0.14566955E+006  0.28932956E+006  0.28933197E+006
  1537.0927  0.12605764E+006  0.12302485E+006  0.39585769E-001  0.10343054E+002  0.10346275E+002  0.12627355E+006  0.12627401E+006  0.25080364E+006  0.25080572E+006
  1537.3434  0.10991792E+006  0.10727343E+006  0.34517897E-001  0.90188877E+001  0.90216964E+001  0.11010842E+006  0.11010883E+006  0.21869437E+006  0.21869618E+006
  1537.5940  0.96423095E+005  0.94103274E+005  0.30280485E-001  0.79117110E+001  0.79141748E+001  0.96592174E+005  0.96592528E+005  0.19184683E+006  0.19184841E+006
  1537.8446  0.85087097E+005  0.83040006E+005  0.26720908E-001  0.69816452E+001  0.69838193E+001  0.85237979E+005  0.85238291E+005  0.16929401E+006  0.16929540E+006
  1538.0952  0.75512677E+005  0.73695935E+005  0.23714439E-001  0.61961003E+001  0.61980297E+001  0.75648005E+005  0.75648282E+005  0.15024564E+006  0.15024687E+006
  1538.3459  0.67379096E+005  0.65758037E+005  0.21160375E-001  0.55287634E+001  0.55304850E+001  0.67501048E+005  0.67501296E+005  0.13406366E+006  0.13406476E+006
  1538.5965  0.60428695E+005  0.58974855E+005  0.18977817E-001  0.49584968E+001  0.49600408E+001  0.60539079E+005  0.60539301E+005  0.12023551E+006  0.12023650E+006
  1538.8471  0.54454655E+005  0.53144542E+005  0.17101831E-001  0.44683334E+001  0.44697247E+001  0.54554978E+005  0.54555178E+005  0.10834977E+006  0.10835065E+006
  1539.0977  0.49290660E+005  0.48104787E+005  0.15480197E-001  0.40446290E+001  0.40458883E+001  0.49382191E+005  0.49382372E+005  0.98075560E+005  0.98076359E+005
  1539.3484  0.44802511E+005  0.43724617E+005  0.14070780E-001  0.36763739E+001  0.36775185E+001  0.44886318E+005  0.44886482E+005  0.89145924E+005  0.89146649E+005
  1539.5990  0.40881439E+005  0.39897881E+005  0.12839428E-001  0.33546447E+001  0.33556891E+001  0.40958431E+005  0.40958581E+005  0.81344480E+005  0.81345140E+005
  1539.8496  0.37438850E+005  0.36538117E+005  0.11758325E-001  0.30721732E+001  0.30731296E+001  0.37509803E+005  0.37509940E+005  0.74494980E+005  0.74495584E+005
  1540.1003  0.34402200E+005  0.33574525E+005  0.10804692E-001  0.28230077E+001  0.28238866E+001  0.34467779E+005  0.34467905E+005  0.68453105E+005  0.68453658E+005
  1540.3509  0.31711766E+005  0.30948820E+005  0.99597771E-002  0.26022484E+001  0.26030585E+001  0.31772545E+005  0.31772661E+005  0.63100038E+005  0.63100548E+005
  1540.6015  0.29318113E+005  0.28612755E+005  0.92080573E-002  0.24058395E+001  0.24065885E+001  0.29374587E+005  0.29374695E+005  0.58337433E+005  0.58337904E+005
  1540.8521  0.27180102E+005  0.26526182E+005  0.85366154E-002  0.22304058E+001  0.22311002E+001  0.27232704E+005  0.27232804E+005  0.54083448E+005  0.54083883E+005
  1541.1028  0.25263322E+005  0.24655517E+005  0.79346462E-002  0.20731241E+001  0.20737695E+001  0.25312430E+005  0.25312522E+005  0.50269620E+005  0.50270024E+005
  1541.3534  0.23538841E+005  0.22972525E+005  0.73930648E-002  0.19316206E+001  0.19322220E+001  0.23584785E+005  0.23584872E+005  0.46838392E+005  0.46838768E+005
  1541.6040  0.21982218E+005  0.21453352E+005  0.69041962E-002  0.18038901E+001  0.18044516E+001  0.22025288E+005  0.22025369E+005  0.43741134E+005  0.43741485E+005
  1541.8546  0.20572704E+005  0.20077749E+005  0.64615253E-002  0.16882300E+001  0.16887556E+001  0.20613158E+005  0.20613234E+005  0.40936570E+005  0.40936898E+005
  1542.1053  0.19292608E+005  0.18828451E+005  0.60594968E-002  0.15831891E+001  0.15836820E+001  0.19330674E+005  0.19330745E+005  0.38389502E+005  0.38389810E+005
  1542.3559  0.18126781E+005  0.17690673E+005  0.56933535E-002  0.14875243E+001  0.14879873E+001  0.18162661E+005  0.18162728E+005  0.36069790E+005  0.36070078E+005
  1542.6065  0.17062196E+005  0.16651700E+005  0.53590044E-002  0.14001666E+001  0.14006025E+001  0.17096071E+005  0.17096133E+005  0.33951514E+005  0.33951786E+005
  1542.8571  0.16087605E+005  0.15700557E+005  0.50529177E-002  0.13201934E+001  0.13206044E+001  0.16119636E+005  0.16119695E+005  0.32012298E+005  0.32012554E+005
  1543.1078  0.15193262E+005  0.14827730E+005  0.47720327E-002  0.12468048E+001  0.12471929E+001  0.15223593E+005  0.15223649E+005  0.30232749E+005  0.30232991E+005
  1543.3584  0.14370689E+005  0.14024947E+005  0.45136869E-002  0.11793053E+001  0.11796724E+001  0.14399450E+005  0.14399503E+005  0.28596001E+005  0.28596229E+005
  1543.6090  0.13612486E+005  0.13284986E+005  0.42755570E-002  0.11170877E+001  0.11174354E+001  0.13639796E+005  0.13639846E+005  0.27087331E+005  0.27087547E+005
  1543.8596  0.12912174E+005  0.12601523E+005  0.40556080E-002  0.10596204E+001  0.10599502E+001  0.12938138E+005  0.12938186E+005  0.25693848E+005  0.25694053E+005
  1544.1103  0.12264062E+005  0.11969003E+005  0.38520524E-002  0.10064363E+001  0.10067496E+001  0.12288776E+005  0.12288821E+005  0.24404227E+005  0.24404421E+005
  1544.3609  0.11663132E+005  0.11382531E+005  0.36633150E-002  0.95712392E+000  0.95742185E+000  0.11686684E+005  0.11686727E+005  0.23208487E+005  0.23208672E+005
  1544.6115  0.11104952E+005  0.10837780E+005  0.34880037E-002  0.91131946E+000  0.91160312E+000  0.11127421E+005  0.11127462E+005  0.22097809E+005  0.22097985E+005
  1544.8622  0.10585594E+005  0.10330918E+005  0.33248847E-002  0.86870058E+000  0.86897098E+000  0.10607053E+005  0.10607092E+005  0.21064375E+005  0.21064543E+005
  1545.1128  0.10101567E+005  0.98585354E+004  0.31728617E-002  0.82898084E+000  0.82923887E+000  0.10122081E+005  0.10122118E+005  0.20101242E+005  0.20101401E+005
  1545.3634  0.96497602E+004  0.94175984E+004  0.30309580E-002  0.79190502E+000  0.79215152E+000  0.96693899E+004  0.96694253E+004  0.19202219E+005  0.19202371E+005
  1545.6140  0.92273958E+004  0.90053957E+004  0.28983012E-002  0.75724521E+000  0.75748092E+000  0.92461970E+004  0.92462309E+004  0.18361779E+005  0.18361925E+005
  1545.8647  0.88319873E+004  0.86195002E+004  0.27741104E-002  0.72479734E+000  0.72502295E+000  0.88500110E+004  0.88500434E+004  0.17574976E+005  0.17575116E+005
  1546.1153  0.84613031E+004  0.82577342E+004  0.26576846E-002  0.69437832E+000  0.69459446E+000  0.84785962E+004  0.84786273E+004  0.16837369E+005  0.16837503E+005
  1546.3659  0.81133366E+004  0.79181394E+004  0.25483938E-002  0.66582349E+000  0.66603074E+000  0.81299424E+004  0.81299722E+004  0.16144965E+005  0.16145093E+005
  1546.6165  0.77862796E+004  0.75989509E+004  0.24456700E-002  0.63898446E+000  0.63918335E+000  0.78022378E+004  0.78022665E+004  0.15494167E+005  0.15494290E+005
  1546.8672  0.74784989E+004  0.72985751E+004  0.23490004E-002  0.61372724E+000  0.61391827E+000  0.74938466E+004  0.74938741E+004  0.14881725E+005  0.14881843E+005
  1547.1178  0.71885171E+004  0.70155699E+004  0.22579209E-002  0.58993058E+000  0.59011421E+000  0.72032885E+004  0.72033149E+004  0.14304699E+005  0.14304812E+005
  1547.3684  0.69149949E+004  0.67486284E+004  0.21720110E-002  0.56748460E+000  0.56766124E+000  0.69292216E+004  0.69292470E+004  0.13760424E+005  0.13760533E+005
  1547.6190  0.66567160E+004  0.64965633E+004  0.20908885E-002  0.54628948E+000  0.54645952E+000  0.66704274E+004  0.66704519E+004  0.13246480E+005  0.13246585E+005
  1547.8697  0.64125737E+004  0.62582948E+004  0.20142061E-002  0.52625441E+000  0.52641822E+000  0.64257972E+004  0.64258208E+004  0.12760666E+005  0.12760767E+005
  1548.1203  0.61815596E+004  0.60328387E+004  0.19416469E-002  0.50729665E+000  0.50745456E+000  0.61943207E+004  0.61943434E+004  0.12300975E+005  0.12301073E+005
  1548.3709  0.59627533E+004  0.58192966E+004  0.18729219E-002  0.48934067E+000  0.48949299E+000  0.59750757E+004  0.59750976E+004  0.11865575E+005  0.11865669E+005
  1548.6216  0.57553133E+004  0.56168473E+004  0.18077668E-002  0.47231741E+000  0.47246443E+000  0.57672190E+004  0.57672401E+004  0.11452792E+005  0.11452883E+005
  1548.8722  0.55584688E+004  0.54247387E+004  0.17459395E-002  0.45616363E+000  0.45630562E+000  0.55699786E+004  0.55699990E+004  0.11061093E+005  0.11061180E+005
  1549.1228  0.53715134E+004  0.52422811E+004  0.16872182E-002  0.44082136E+000  0.44095858E+000  0.53826466E+004  0.53826663E+004  0.10689071E+005  0.10689155E+005
  1549.3734  0.51937980E+004  0.50688414E+004  0.16313990E-002  0.42623734E+000  0.42637002E+000  0.52045727E+004  0.52045918E+004  0.10335435E+005  0.10335516E+005
  1549.6241  0.50247259E+004  0.49038370E+004  0.15782946E-002  0.41236260E+000  0.41249096E+000  0.50351591E+004  0.50351776E+004  0.99989979E+004  0.99990769E+004
  1549.8747  0.48637477E+004  0.47467317E+004  0.15277322E-002  0.39915206E+000  0.39927630E+000  0.48738553E+004  0.48738731E+004  0.96786664E+004  0.96787429E+004
  1550.1253  0.47103565E+004  0.45970309E+004  0.14795529E-002  0.38656412E+000  0.38668445E+000  0.47201535E+004  0.47201708E+004  0.93734322E+004  0.93735062E+004
  1550.3759  0.45640847E+004  0.44542782E+004  0.14336096E-002  0.37456042E+000  0.37467701E+000  0.45735850E+004  0.45736018E+004  0.90823644E+004  0.90824361E+004
  1550.6266  0.44244998E+004  0.43180516E+004  0.13897665E-002  0.36310545E+000  0.36321847E+000  0.44337167E+004  0.44337330E+004  0.88046026E+004  0.88046721E+004
  1550.8772  0.42912016E+004  0.41879604E+004  0.13478980E-002  0.35216639E+000  0.35227601E+000  0.43001476E+004  0.43001634E+004  0.85393505E+004  0.85394180E+004
  1551.1278  0.41638194E+004  0.40636428E+004  0.13078877E-002  0.34171280E+000  0.34181917E+000  0.41725062E+004  0.41725215E+004  0.82858705E+004  0.82859359E+004
  1551.3784  0.40420092E+004  0.39447633E+004  0.12696274E-002  0.33171647E+000  0.33181973E+000  0.40504479E+004  0.40504627E+004  0.80434781E+004  0.80435415E+004
  1551.6291  0.39254517E+004  0.38310100E+004  0.12330170E-002  0.32215119E+000  0.32225147E+000  0.39336527E+004  0.39336671E+004  0.78115378E+004  0.78115994E+004
  1551.8797  0.38138501E+004  0.37220934E+004  0.11979631E-002  0.31299260E+000  0.31309003E+000  0.38218232E+004  0.38218372E+004  0.75894590E+004  0.75895188E+004
  1552.1303  0.37069280E+004  0.36177437E+004  0.11643790E-002  0.30421803E+000  0.30431273E+000  0.37146826E+004  0.37146963E+004  0.73766919E+004  0.73767501E+004
  1552.3810  0.36044281E+004  0.35177099E+004  0.11321839E-002  0.29580636E+000  0.29589844E+000  0.36119731E+004  0.36119864E+004  0.71727246E+004  0.71727812E+004
  1552.6316  0.35061106E+004  0.34217577E+004  0.11013024E-002  0.28773791E+000  0.28782747E+000  0.35134543E+004  0.35134672E+004  0.69770797E+004  0.69771347E+004
  1552.8822  0.34117515E+004  0.33296688E+004  0.10716643E-002  0.27999429E+000  0.28008145E+000  0.34189019E+004  0.34189144E+004  0.67893115E+004  0.67893650E+004
  1553.1328  0.33211417E+004  0.32412390E+004  0.10432037E-002  0.27255836E+000  0.27264320E+000  0.33281062E+004  0.33281184E+004  0.66090040E+004  0.66090561E+004
  1553.3835  0.32340856E+004  0.31562773E+004  0.10158593E-002  0.26541405E+000  0.26549667E+000  0.32408714E+004  0.32408833E+004  0.64357680E+004  0.64358187E+004
  1553.6341  0.31504002E+004  0.30746053E+004  0.98957367E-003  0.25854636E+000  0.25862684E+000  0.31570141E+004  0.31570256E+004  0.62692393E+004  0.62692887E+004
  1553.8847  0.30699141E+004  0.29960556E+004  0.96429288E-003  0.25194122E+000  0.25201964E+000  0.30763625E+004  0.30763738E+004  0.61090770E+004  0.61091251E+004
  1554.1353  0.29924667E+004  0.29204715E+004  0.93996651E-003  0.24558543E+000  0.24566188E+000  0.29987557E+004  0.29987667E+004  0.59549612E+004  0.59550081E+004
  1554.3860  0.29179072E+004  0.28477058E+004  0.91654722E-003  0.23946665E+000  0.23954119E+000  0.29240426E+004  0.29240533E+004  0.58065921E+004  0.58066378E+004
  1554.6366  0.28460941E+004  0.27776204E+004  0.89399055E-003  0.23357324E+000  0.23364595E+000  0.28520815E+004  0.28520919E+004  0.56636881E+004  0.56637327E+004
  1554.8872  0.27768944E+004  0.27100856E+004  0.87225475E-003  0.22789430E+000  0.22796525E+000  0.27827391E+004  0.27827493E+004  0.55259845E+004  0.55260280E+004
  1555.1378  0.27101832E+004  0.26449794E+004  0.85130054E-003  0.22241957E+000  0.22248881E+000  0.27158901E+004  0.27159001E+004  0.53932327E+004  0.53932751E+004
  1555.3885  0.26458426E+004  0.25821868E+004  0.83109097E-003  0.21713940E+000  0.21720699E+000  0.26514167E+004  0.26514264E+004  0.52651984E+004  0.52652398E+004
  1555.6391  0.25837621E+004  0.25215998E+004  0.81159123E-003  0.21204468E+000  0.21211069E+000  0.25892077E+004  0.25892172E+004  0.51416611E+004  0.51417016E+004
  1555.8897  0.25238370E+004  0.24631165E+004  0.79276853E-003  0.20712686E+000  0.20719134E+000  0.25291587E+004  0.25291680E+004  0.50224132E+004  0.50224527E+004
  1556.1404  0.24659690E+004  0.24066407E+004  0.77459194E-003  0.20237784E+000  0.20244084E+000  0.24711709E+004  0.24711800E+004  0.49072586E+004  0.49072972E+004
  1556.3910  0.24100651E+004  0.23520818E+004  0.75703229E-003  0.19779001E+000  0.19785159E+000  0.24151513E+004  0.24151601E+004  0.47960124E+004  0.47960502E+004
  1556.6416  0.23560376E+004  0.22993541E+004  0.74006200E-003  0.19335617E+000  0.19341637E+000  0.23610118E+004  0.23610205E+004  0.46885002E+004  0.46885371E+004
  1556.8922  0.23038036E+004  0.22483769E+004  0.72365504E-003  0.18906952E+000  0.18912838E+000  0.23086695E+004  0.23086780E+004  0.45845569E+004  0.45845929E+004
  1557.1429  0.22532848E+004  0.21990734E+004  0.70778680E-003  0.18492361E+000  0.18498118E+000  0.22580458E+004  0.22580541E+004  0.44840265E+004  0.44840617E+004
  1557.3935  0.22044069E+004  0.21513715E+004  0.69243399E-003  0.18091237E+000  0.18096869E+000  0.22090664E+004  0.22090745E+004  0.43867615E+004  0.43867960E+004
  1557.6441  0.21570998E+004  0.21052025E+004  0.67757455E-003  0.17703003E+000  0.17708514E+000  0.21616610E+004  0.21616690E+004  0.42926222E+004  0.42926560E+004
  1557.8947  0.21112970E+004  0.20605016E+004  0.66318760E-003  0.17327114E+000  0.17332509E+000  0.21157630E+004  0.21157708E+004  0.42014764E+004  0.42015094E+004
  1558.1454  0.20669354E+004  0.20172074E+004  0.64925336E-003  0.16963054E+000  0.16968335E+000  0.20713092E+004  0.20713168E+004  0.41131985E+004  0.41132309E+004
  1558.3960  0.20239554E+004  0.19752614E+004  0.63575305E-003  0.16610330E+000  0.16615502E+000  0.20282397E+004  0.20282472E+004  0.40276699E+004  0.40277015E+004
  1558.6466  0.19823002E+004  0.19346084E+004  0.62266887E-003  0.16268479E+000  0.16273544E+000  0.19864978E+004  0.19865051E+004  0.39447775E+004  0.39448085E+004
  1558.8972  0.19419160E+004  0.18951958E+004  0.60998391E-003  0.15937059E+000  0.15942020E+000  0.19460295E+004  0.19460366E+004  0.38644143E+004  0.38644447E+004
  1559.1479  0.19027517E+004  0.18569737E+004  0.59768213E-003  0.15615649E+000  0.15620511E+000  0.19067836E+004  0.19067905E+004  0.37864787E+004  0.37865085E+004
  1559.3985  0.18647587E+004  0.18198948E+004  0.58574825E-003  0.15303853E+000  0.15308617E+000  0.18687114E+004  0.18687182E+004  0.37108739E+004  0.37109031E+004
  1559.6491  0.18278909E+004  0.17839140E+004  0.57416779E-003  0.15001289E+000  0.15005960E+000  0.18317666E+004  0.18317733E+004  0.36375081E+004  0.36375367E+004
  1559.8997  0.17921043E+004  0.17489884E+004  0.56292693E-003  0.14707599E+000  0.14712178E+000  0.17959053E+004  0.17959119E+004  0.35662938E+004  0.35663218E+004
  1560.1504  0.17573571E+004  0.17150771E+004  0.55201255E-003  0.14422438E+000  0.14426929E+000  0.17610855E+004  0.17610920E+004  0.34971479E+004  0.34971753E+004
  1560.4010  0.17236094E+004  0.16821414E+004  0.54141213E-003  0.14145481E+000  0.14149885E+000  0.17272674E+004  0.17272737E+004  0.34299910E+004  0.34300179E+004
  1560.6516  0.16908234E+004  0.16501442E+004  0.53111377E-003  0.13876416E+000  0.13880736E+000  0.16944129E+004  0.16944191E+004  0.33647478E+004  0.33647742E+004
  1560.9023  0.16589629E+004  0.16190502E+004  0.52110612E-003  0.13614945E+000  0.13619184E+000  0.16624857E+004  0.16624918E+004  0.33013462E+004  0.33013722E+004
  1561.1529  0.16279935E+004  0.15888259E+004  0.51137834E-003  0.13360787E+000  0.13364947E+000  0.16314515E+004  0.16314575E+004  0.32397178E+004  0.32397433E+004
  1561.4035  0.15978822E+004  0.15594390E+004  0.50192011E-003  0.13113672E+000  0.13117755E+000  0.16012772E+004  0.16012831E+004  0.31797971E+004  0.31798220E+004
  1561.6541  0.15685977E+004  0.15308590E+004  0.49272157E-003  0.12873342E+000  0.12877350E+000  0.15719314E+004  0.15719371E+004  0.31215216E+004  0.31215461E+004
  1561.9048  0.15401100E+004  0.15030567E+004  0.48377332E-003  0.12639550E+000  0.12643486E+000  0.15433840E+004  0.15433896E+004  0.30648317E+004  0.30648558E+004
  1562.1554  0.15123905E+004  0.14760041E+004  0.47506636E-003  0.12412064E+000  0.12415928E+000  0.15156064E+004  0.15156120E+004  0.30096705E+004  0.30096942E+004
  1562.4060  0.14854118E+004  0.14496746E+004  0.46659211E-003  0.12190657E+000  0.12194453E+000  0.14885712E+004  0.14885767E+004  0.29559836E+004  0.29560068E+004
  1562.6566  0.14591479E+004  0.14240425E+004  0.45834235E-003  0.11975115E+000  0.11978844E+000  0.14622522E+004  0.14622576E+004  0.29037190E+004  0.29037418E+004
  1562.9073  0.14335737E+004  0.13990836E+004  0.45030924E-003  0.11765234E+000  0.11768898E+000  0.14366244E+004  0.14366297E+004  0.28528268E+004  0.28528492E+004
  1563.1579  0.14086653E+004  0.13747745E+004  0.44248526E-003  0.11560817E+000  0.11564417E+000  0.14116637E+004  0.14116689E+004  0.28032596E+004  0.28032816E+004
  1563.4085  0.13843999E+004  0.13510928E+004  0.43486322E-003  0.11361676E+000  0.11365214E+000  0.13873473E+004  0.13873524E+004  0.27549718E+004  0.27549934E+004
  1563.6591  0.13607554E+004  0.13280172E+004  0.42743625E-003  0.11167632E+000  0.11171109E+000  0.13636532E+004  0.13636582E+004  0.27079197E+004  0.27079409E+004
  1563.9098  0.13377109E+004  0.13055272E+004  0.42019774E-003  0.10978511E+000  0.10981930E+000  0.13405603E+004  0.13405652E+004  0.26620616E+004  0.26620825E+004
  1564.1604  0.13152464E+004  0.12836031E+004  0.41314138E-003  0.10794150E+000  0.10797511E+000  0.13180486E+004  0.13180534E+004  0.26173575E+004  0.26173780E+004
  1564.4110  0.12933425E+004  0.12622262E+004  0.40626111E-003  0.10614389E+000  0.10617694E+000  0.12960986E+004  0.12961033E+004  0.25737690E+004  0.25737892E+004
  1564.6617  0.12719807E+004  0.12413783E+004  0.39955114E-003  0.10439077E+000  0.10442328E+000  0.12746919E+004  0.12746965E+004  0.25312594E+004  0.25312792E+004
  1564.9123  0.12511433E+004  0.12210423E+004  0.39300588E-003  0.10268070E+000  0.10271267E+000  0.12538107E+004  0.12538153E+004  0.24897933E+004  0.24898128E+004
  1565.1629  0.12308133E+004  0.12012014E+004  0.38662001E-003  0.10101226E+000  0.10104372E+000  0.12334379E+004  0.12334424E+004  0.24493369E+004  0.24493561E+004
  1565.4135  0.12109744E+004  0.11818398E+004  0.38038838E-003  0.99384124E-001  0.99415073E-001  0.12135573E+004  0.12135617E+004  0.24098578E+004  0.24098767E+004
  1565.6642  0.11916110E+004  0.11629422E+004  0.37430608E-003  0.97795002E-001  0.97825457E-001  0.11941530E+004  0.11941574E+004  0.23713247E+004  0.23713432E+004
  1565.9148  0.11727078E+004  0.11444938E+004  0.36836838E-003  0.96243660E-001  0.96273632E-001  0.11752100E+004  0.11752143E+004  0.23337076E+004  0.23337259E+004
  1566.1654  0.11542505E+004  0.11264806E+004  0.36257073E-003  0.94728909E-001  0.94758410E-001  0.11567139E+004  0.11567181E+004  0.22969778E+004  0.22969958E+004
  1566.4160  0.11362253E+004  0.11088890E+004  0.35690876E-003  0.93249610E-001  0.93278650E-001  0.11386506E+004  0.11386548E+004  0.22611077E+004  0.22611254E+004
  1566.6667  0.11186186E+004  0.10917059E+004  0.35137829E-003  0.91804665E-001  0.91833255E-001  0.11210068E+004  0.11210109E+004  0.22260706E+004  0.22260880E+004
  1566.9173  0.11014177E+004  0.10749189E+004  0.34597527E-003  0.90393019E-001  0.90421171E-001  0.11037696E+004  0.11037737E+004  0.21918409E+004  0.21918581E+004
  1567.1679  0.10846102E+004  0.10585157E+004  0.34069582E-003  0.89013659E-001  0.89041381E-001  0.10869266E+004  0.10869306E+004  0.21583941E+004  0.21584110E+004
  1567.4185  0.10681841E+004  0.10424849E+004  0.33553620E-003  0.87665607E-001  0.87692910E-001  0.10704660E+004  0.10704699E+004  0.21257064E+004  0.21257231E+004
  1567.6692  0.10521282E+004  0.10268152E+004  0.33049282E-003  0.86347925E-001  0.86374817E-001  0.10543761E+004  0.10543800E+004  0.20937552E+004  0.20937716E+004
  1567.9198  0.10364313E+004  0.10114959E+004  0.32556221E-003  0.85059706E-001  0.85086198E-001  0.10386460E+004  0.10386499E+004  0.20625184E+004  0.20625346E+004
  1568.1704  0.10210827E+004  0.99651669E+003  0.32074104E-003  0.83800081E-001  0.83826180E-001  0.10232651E+004  0.10232689E+004  0.20319749E+004  0.20319909E+004
  1568.4211  0.10060724E+004  0.98186749E+003  0.31602610E-003  0.82568209E-001  0.82593925E-001  0.10082231E+004  0.10082268E+004  0.20021044E+004  0.20021201E+004
  1568.6717  0.99139039E+003  0.96753871E+003  0.31141428E-003  0.81363283E-001  0.81388624E-001  0.99351004E+003  0.99351368E+003  0.19728873E+004  0.19729028E+004
  1568.9223  0.97702722E+003  0.95352109E+003  0.30690262E-003  0.80184522E-001  0.80209496E-001  0.97911650E+003  0.97912009E+003  0.19443046E+004  0.19443199E+004
  1569.1729  0.96297371E+003  0.93980569E+003  0.30248822E-003  0.79031174E-001  0.79055789E-001  0.96503328E+003  0.96503682E+003  0.19163382E+004  0.19163532E+004
  1569.4236  0.94922104E+003  0.92638390E+003  0.29816832E-003  0.77902515E-001  0.77926780E-001  0.95125153E+003  0.95125502E+003  0.18889704E+004  0.18889852E+004
  1569.6742  0.93576068E+003  0.91324738E+003  0.29394024E-003  0.76797847E-001  0.76821767E-001  0.93776271E+003  0.93776615E+003  0.18621844E+004  0.18621989E+004
  1569.9248  0.92258443E+003  0.90038814E+003  0.28980140E-003  0.75716493E-001  0.75740077E-001  0.92455858E+003  0.92456197E+003  0.18359636E+004  0.18359780E+004
  1570.1754  0.90968434E+003  0.88779841E+003  0.28574930E-003  0.74657803E-001  0.74681058E-001  0.91163119E+003  0.91163453E+003  0.18102925E+004  0.18103067E+004
  1570.4261  0.89705275E+003  0.87547072E+003  0.28178154E-003  0.73621149E-001  0.73644081E-001  0.89897287E+003  0.89897616E+003  0.17851556E+004  0.17851696E+004
  1570.6767  0.88468228E+003  0.86339787E+003  0.27789580E-003  0.72605924E-001  0.72628540E-001  0.88657620E+003  0.88657945E+003  0.17605384E+004  0.17605522E+004
  1570.9273  0.87256577E+003  0.85157287E+003  0.27408983E-003  0.71611541E-001  0.71633847E-001  0.87443404E+003  0.87443724E+003  0.17364265E+004  0.17364401E+004
  1571.1779  0.86069633E+003  0.83998899E+003  0.27036147E-003  0.70637434E-001  0.70659437E-001  0.86253946E+003  0.86254262E+003  0.17128063E+004  0.17128198E+004
  1571.4286  0.84906729E+003  0.82863973E+003  0.26670862E-003  0.69683056E-001  0.69704762E-001  0.85088578E+003  0.85088890E+003  0.16896645E+004  0.16896778E+004
  1571.6792  0.83767220E+003  0.81751880E+003  0.26312926E-003  0.68747878E-001  0.68769293E-001  0.83946655E+003  0.83946962E+003  0.16669883E+004  0.16670014E+004
  1571.9298  0.82650484E+003  0.80662011E+003  0.25962143E-003  0.67831389E-001  0.67852519E-001  0.82827551E+003  0.82827855E+003  0.16447652E+004  0.16447781E+004
  1572.1805  0.81555918E+003  0.79593779E+003  0.25618323E-003  0.66933094E-001  0.66953945E-001  0.81730665E+003  0.81730965E+003  0.16229833E+004  0.16229960E+004
  1572.4311  0.80482940E+003  0.78546615E+003  0.25281285E-003  0.66052516E-001  0.66073092E-001  0.80655411E+003  0.80655707E+003  0.16016310E+004  0.16016436E+004
  1572.6817  0.79430985E+003  0.77519969E+003  0.24950850E-003  0.65189191E-001  0.65209499E-001  0.79601226E+003  0.79601517E+003  0.15806971E+004  0.15807095E+004
  1572.9323  0.78399508E+003  0.76513309E+003  0.24626848E-003  0.64342673E-001  0.64362717E-001  0.78567561E+003  0.78567849E+003  0.15601707E+004  0.15601829E+004
  1573.1830  0.77387983E+003  0.75526119E+003  0.24309112E-003  0.63512528E-001  0.63532314E-001  0.77553889E+003  0.77554174E+003  0.15400413E+004  0.15400533E+004
  1573.4336  0.76395897E+003  0.74557902E+003  0.23997483E-003  0.62698336E-001  0.62717869E-001  0.76559698E+003  0.76559979E+003  0.15202987E+004  0.15203106E+004
  1573.6842  0.75422756E+003  0.73608173E+003  0.23691805E-003  0.61899692E-001  0.61918976E-001  0.75584492E+003  0.75584769E+003  0.15009332E+004  0.15009449E+004
  1573.9348  0.74468081E+003  0.72676467E+003  0.23391927E-003  0.61116203E-001  0.61135243E-001  0.74627790E+003  0.74628064E+003  0.14819351E+004  0.14819467E+004
  1574.1855  0.73531408E+003  0.71762329E+003  0.23097703E-003  0.60347487E-001  0.60366288E-001  0.73689128E+003  0.73689399E+003  0.14632952E+004  0.14633067E+004
  1574.4361  0.72612288E+003  0.70865322E+003  0.22808993E-003  0.59593177E-001  0.59611743E-001  0.72768056E+003  0.72768323E+003  0.14450047E+004  0.14450160E+004
  1574.6867  0.71710284E+003  0.69985019E+003  0.22525660E-003  0.58852914E-001  0.58871250E-001  0.71864136E+003  0.71864400E+003  0.14270548E+004  0.14270659E+004
  1574.9373  0.70824975E+003  0.69121010E+003  0.22247570E-003  0.58126352E-001  0.58144461E-001  0.70976947E+003  0.70977207E+003  0.14094370E+004  0.14094481E+004
  1575.1880  0.69955952E+003  0.68272894E+003  0.21974596E-003  0.57413155E-001  0.57431042E-001  0.70106077E+003  0.70106334E+003  0.13921434E+004  0.13921543E+004
  1575.4386  0.69102817E+003  0.67440285E+003  0.21706613E-003  0.56712997E-001  0.56730667E-001  0.69251129E+003  0.69251382E+003  0.13751660E+004  0.13751767E+004
  1575.6892  0.68265186E+003  0.66622806E+003  0.21443500E-003  0.56025563E-001  0.56043019E-001  0.68411717E+003  0.68411968E+003  0.13584970E+004  0.13585077E+004
  1575.9398  0.67442686E+003  0.65820094E+003  0.21185139E-003  0.55350546E-001  0.55367792E-001  0.67587468E+003  0.67587716E+003  0.13421292E+004  0.13421397E+004
  1576.1905  0.66634954E+003  0.65031795E+003  0.20931418E-003  0.54687650E-001  0.54704690E-001  0.66778019E+003  0.66778263E+003  0.13260553E+004  0.13260656E+004
  1576.4411  0.65841639E+003  0.64257567E+003  0.20682225E-003  0.54036586E-001  0.54053423E-001  0.65983017E+003  0.65983259E+003  0.13102682E+004  0.13102785E+004
  1576.6917  0.65062401E+003  0.63497077E+003  0.20437454E-003  0.53397074E-001  0.53413712E-001  0.65202121E+003  0.65202360E+003  0.12947613E+004  0.12947715E+004
  1576.9424  0.64296909E+003  0.62750001E+003  0.20197000E-003  0.52768842E-001  0.52785285E-001  0.64435000E+003  0.64435236E+003  0.12795279E+004  0.12795380E+004
  1577.1930  0.63544840E+003  0.62016026E+003  0.19960763E-003  0.52151628E-001  0.52167878E-001  0.63681331E+003  0.63681564E+003  0.12645617E+004  0.12645716E+004
  1577.4436  0.62805884E+003  0.61294848E+003  0.19728644E-003  0.51545174E-001  0.51561236E-001  0.62940802E+003  0.62941033E+003  0.12498564E+004  0.12498662E+004
  1577.6942  0.62079737E+003  0.60586172E+003  0.19500550E-003  0.50949233E-001  0.50965109E-001  0.62213110E+003  0.62213338E+003  0.12354060E+004  0.12354157E+004
  1577.9449  0.61366106E+003  0.59889709E+003  0.19276386E-003  0.50363563E-001  0.50379257E-001  0.61497959E+003  0.61498184E+003  0.12212046E+004  0.12212142E+004
  1578.1955  0.60664703E+003  0.59205182E+003  0.19056064E-003  0.49787929E-001  0.49803444E-001  0.60795063E+003  0.60795286E+003  0.12072467E+004  0.12072561E+004
  1578.4461  0.59975253E+003  0.58532319E+003  0.18839496E-003  0.49222104E-001  0.49237443E-001  0.60104144E+003  0.60104365E+003  0.11935265E+004  0.11935358E+004
  1578.6967  0.59297484E+003  0.57870856E+003  0.18626597E-003  0.48665866E-001  0.48681031E-001  0.59424932E+003  0.59425150E+003  0.11800388E+004  0.11800480E+004
  1578.9474  0.58631134E+003  0.57220538E+003  0.18417286E-003  0.48118999E-001  0.48133994E-001  0.58757163E+003  0.58757378E+003  0.11667784E+004  0.11667875E+004
  1579.1980  0.57975949E+003  0.56581116E+003  0.18211481E-003  0.47581295E-001  0.47596123E-001  0.58100582E+003  0.58100795E+003  0.11537401E+004  0.11537491E+004
  1579.4486  0.57331681E+003  0.55952348E+003  0.18009105E-003  0.47052550E-001  0.47067213E-001  0.57454940E+003  0.57455151E+003  0.11409191E+004  0.11409280E+004
  1579.6992  0.56698088E+003  0.55333998E+003  0.17810083E-003  0.46532566E-001  0.46547067E-001  0.56819997E+003  0.56820205E+003  0.11283105E+004  0.11283193E+004
  1579.9499  0.56074936E+003  0.54725839E+003  0.17614340E-003  0.46021150E-001  0.46035493E-001  0.56195517E+003  0.56195723E+003  0.11159097E+004  0.11159184E+004
  1580.2005  0.55461996E+003  0.54127646E+003  0.17421805E-003  0.45518117E-001  0.45532303E-001  0.55581271E+003  0.55581474E+003  0.11037121E+004  0.11037207E+004
  1580.4511  0.54859048E+003  0.53539204E+003  0.17232409E-003  0.45023282E-001  0.45037314E-001  0.54977037E+003  0.54977239E+003  0.10917133E+004  0.10917219E+004
  1580.7018  0.54265875E+003  0.52960302E+003  0.17046083E-003  0.44536470E-001  0.44550351E-001  0.54382599E+003  0.54382799E+003  0.10799091E+004  0.10799176E+004
  1580.9524  0.53682267E+003  0.52390735E+003  0.16862762E-003  0.44057508E-001  0.44071240E-001  0.53797747E+003  0.53797944E+003  0.10682952E+004  0.10683036E+004
  1581.2030  0.53108020E+003  0.51830304E+003  0.16682380E-003  0.43586229E-001  0.43599813E-001  0.53222275E+003  0.53222470E+003  0.10568676E+004  0.10568759E+004
  1581.4536  0.52542935E+003  0.51278813E+003  0.16504877E-003  0.43122467E-001  0.43135908E-001  0.52655983E+003  0.52656176E+003  0.10456223E+004  0.10456305E+004
  1581.7043  0.51986817E+003  0.50736075E+003  0.16330191E-003  0.42666066E-001  0.42679364E-001  0.52098679E+003  0.52098870E+003  0.10345555E+004  0.10345636E+004
  1581.9549  0.51439478E+003  0.50201905E+003  0.16158262E-003  0.42216869E-001  0.42230028E-001  0.51550172E+003  0.51550361E+003  0.10236634E+004  0.10236714E+004
  1582.2055  0.50900735E+003  0.49676123E+003  0.15989033E-003  0.41774727E-001  0.41787748E-001  0.51010279E+003  0.51010466E+003  0.10129423E+004  0.10129502E+004
  1582.4561  0.50370408E+003  0.49158555E+003  0.15822448E-003  0.41339492E-001  0.41352377E-001  0.50478820E+003  0.50479005E+003  0.10023887E+004  0.10023965E+004
  1582.7068  0.49848323E+003  0.48649031E+003  0.15658452E-003  0.40911021E-001  0.40923773E-001  0.49955621E+003  0.49955804E+003  0.99199910E+003  0.99200685E+003
  1582.9574  0.49334310E+003  0.48147385E+003  0.15496991E-003  0.40489174E-001  0.40501795E-001  0.49440511E+003  0.49440692E+003  0.98177015E+003  0.98177783E+003
  1583.2080  0.48828204E+003  0.47653455E+003  0.15338014E-003  0.40073817E-001  0.40086308E-001  0.48933324E+003  0.48933503E+003  0.97169855E+003  0.97170615E+003
  1583.4586  0.48329844E+003  0.47167084E+003  0.15181470E-003  0.39664816E-001  0.39677180E-001  0.48433899E+003  0.48434077E+003  0.96178109E+003  0.96178861E+003
  1583.7093  0.47839071E+003  0.46688120E+003  0.15027310E-003  0.39262042E-001  0.39274282E-001  0.47942079E+003  0.47942255E+003  0.95201463E+003  0.95202207E+003
  1583.9599  0.47355734E+003  0.46216411E+003  0.14875485E-003  0.38865371E-001  0.38877487E-001  0.47457709E+003  0.47457883E+003  0.94239613E+003  0.94240350E+003
  1584.2105  0.46879682E+003  0.45751812E+003  0.14725948E-003  0.38474678E-001  0.38486673E-001  0.46980640E+003  0.46980813E+003  0.93292261E+003  0.93292991E+003
  1584.4612  0.46410771E+003  0.45294182E+003  0.14578655E-003  0.38089846E-001  0.38101720E-001  0.46510727E+003  0.46510897E+003  0.92359118E+003  0.92359840E+003
  1584.7118  0.45948857E+003  0.44843382E+003  0.14433559E-003  0.37710756E-001  0.37722513E-001  0.46047826E+003  0.46047995E+003  0.91439901E+003  0.91440616E+003
  1584.9624  0.45493803E+003  0.44399276E+003  0.14290618E-003  0.37337296E-001  0.37348936E-001  0.45591799E+003  0.45591967E+003  0.90534334E+003  0.90535042E+003
  1585.2130  0.45045473E+003  0.43961732E+003  0.14149789E-003  0.36969355E-001  0.36980880E-001  0.45142511E+003  0.45142677E+003  0.89642149E+003  0.89642849E+003
  1585.4637  0.44603736E+003  0.43530622E+003  0.14011032E-003  0.36606824E-001  0.36618237E-001  0.44699830E+003  0.44699994E+003  0.88763083E+003  0.88763777E+003
  1585.7143  0.44168462E+003  0.43105821E+003  0.13874304E-003  0.36249597E-001  0.36260899E-001  0.44263626E+003  0.44263788E+003  0.87896880E+003  0.87897567E+003
  1585.9649  0.43739528E+003  0.42687206E+003  0.13739568E-003  0.35897573E-001  0.35908765E-001  0.43833774E+003  0.43833935E+003  0.87043291E+003  0.87043971E+003
  1586.2155  0.43316809E+003  0.42274658E+003  0.13606784E-003  0.35550650E-001  0.35561735E-001  0.43410151E+003  0.43410311E+003  0.86202072E+003  0.86202746E+003
  1586.4662  0.42900187E+003  0.41868059E+003  0.13475915E-003  0.35208731E-001  0.35219709E-001  0.42992638E+003  0.42992796E+003  0.85372985E+003  0.85373652E+003
  1586.7168  0.42489545E+003  0.41467296E+003  0.13346925E-003  0.34871719E-001  0.34882592E-001  0.42581118E+003  0.42581274E+003  0.84555798E+003  0.84556459E+003
  1586.9674  0.42084769E+003  0.41072259E+003  0.13219777E-003  0.34539522E-001  0.34550291E-001  0.42175476E+003  0.42175631E+003  0.83750285E+003  0.83750940E+003
  1587.2180  0.41685747E+003  0.40682837E+003  0.13094437E-003  0.34212047E-001  0.34222715E-001  0.41775601E+003  0.41775754E+003  0.82956224E+003  0.82956873E+003
  1587.4687  0.41292373E+003  0.40298927E+003  0.12970871E-003  0.33889207E-001  0.33899774E-001  0.41381385E+003  0.41381536E+003  0.82173400E+003  0.82174042E+003
  1587.7193  0.40904538E+003  0.39920423E+003  0.12849044E-003  0.33570913E-001  0.33581381E-001  0.40992720E+003  0.40992871E+003  0.81401600E+003  0.81402237E+003
  1587.9699  0.40522141E+003  0.39547226E+003  0.12728926E-003  0.33257081E-001  0.33267452E-001  0.40609505E+003  0.40609653E+003  0.80640621E+003  0.80641251E+003
  1588.2206  0.40145079E+003  0.39179235E+003  0.12610484E-003  0.32947629E-001  0.32957903E-001  0.40231636E+003  0.40231783E+003  0.79890259E+003  0.79890884E+003
  1588.4712  0.39773254E+003  0.38816356E+003  0.12493687E-003  0.32642474E-001  0.32652653E-001  0.39859015E+003  0.39859161E+003  0.79150319E+003  0.79150938E+003
  1588.7218  0.39406569E+003  0.38458494E+003  0.12378504E-003  0.32341538E-001  0.32351623E-001  0.39491546E+003  0.39491690E+003  0.78420609E+003  0.78421221E+003
  1588.9724  0.39044931E+003  0.38105556E+003  0.12264906E-003  0.32044743E-001  0.32054736E-001  0.39129133E+003  0.39129277E+003  0.77700940E+003  0.77701547E+003
  1589.2231  0.38688247E+003  0.37757453E+003  0.12152865E-003  0.31752014E-001  0.31761916E-001  0.38771685E+003  0.38771827E+003  0.76991130E+003  0.76991732E+003
  1589.4737  0.38336427E+003  0.37414097E+003  0.12042352E-003  0.31463276E-001  0.31473088E-001  0.38419112E+003  0.38419252E+003  0.76290999E+003  0.76291595E+003
  1589.7243  0.37989382E+003  0.37075402E+003  0.11933338E-003  0.31178458E-001  0.31188182E-001  0.38071324E+003  0.38071464E+003  0.75600372E+003  0.75600963E+003
  1589.9749  0.37647028E+003  0.36741285E+003  0.11825798E-003  0.30897490E-001  0.30907126E-001  0.37728236E+003  0.37728375E+003  0.74919079E+003  0.74919664E+003
  1590.2256  0.37309279E+003  0.36411662E+003  0.11719705E-003  0.30620301E-001  0.30629851E-001  0.37389764E+003  0.37389901E+003  0.74246951E+003  0.74247531E+003
  1590.4762  0.36976054E+003  0.36086454E+003  0.11615032E-003  0.30346824E-001  0.30356289E-001  0.37055825E+003  0.37055961E+003  0.73583825E+003  0.73584400E+003
  1590.7268  0.36647272E+003  0.35765582E+003  0.11511756E-003  0.30076994E-001  0.30086375E-001  0.36726339E+003  0.36726474E+003  0.72929541E+003  0.72930111E+003
  1590.9774  0.36322855E+003  0.35448970E+003  0.11409850E-003  0.29810746E-001  0.29820044E-001  0.36401227E+003  0.36401360E+003  0.72283942E+003  0.72284507E+003
  1591.2281  0.36002726E+003  0.35136542E+003  0.11309291E-003  0.29548017E-001  0.29557233E-001  0.36080411E+003  0.36080544E+003  0.71646876E+003  0.71647436E+003
  1591.4787  0.35686808E+003  0.34828226E+003  0.11210055E-003  0.29288745E-001  0.29297881E-001  0.35763817E+003  0.35763948E+003  0.71018193E+003  0.71018748E+003
  1591.7293  0.35375030E+003  0.34523949E+003  0.11112119E-003  0.29032870E-001  0.29041926E-001  0.35451371E+003  0.35451501E+003  0.70397747E+003  0.70398297E+003
  1591.9799  0.35067319E+003  0.34223640E+003  0.11015461E-003  0.28780332E-001  0.28789310E-001  0.35143000E+003  0.35143129E+003  0.69785393E+003  0.69785939E+003
  1592.2306  0.34763604E+003  0.33927233E+003  0.10920058E-003  0.28531075E-001  0.28539974E-001  0.34838634E+003  0.34838762E+003  0.69180993E+003  0.69181534E+003
  1592.4812  0.34463817E+003  0.33634658E+003  0.10825889E-003  0.28285040E-001  0.28293863E-001  0.34538205E+003  0.34538331E+003  0.68584409E+003  0.68584945E+003
  1592.7318  0.34167890E+003  0.33345851E+003  0.10732933E-003  0.28042174E-001  0.28050922E-001  0.34241643E+003  0.34241769E+003  0.67995506E+003  0.67996038E+003
  1592.9825  0.33875758E+003  0.33060747E+003  0.10641168E-003  0.27802422E-001  0.27811095E-001  0.33948884E+003  0.33949009E+003  0.67414155E+003  0.67414682E+003
  1593.2331  0.33587355E+003  0.32779282E+003  0.10550575E-003  0.27565730E-001  0.27574330E-001  0.33659863E+003  0.33659986E+003  0.66840225E+003  0.66840747E+003
  1593.4837  0.33302618E+003  0.32501396E+003  0.10461134E-003  0.27332048E-001  0.27340575E-001  0.33374516E+003  0.33374638E+003  0.66273592E+003  0.66274110E+003
  1593.7343  0.33021486E+003  0.32227028E+003  0.10372825E-003  0.27101324E-001  0.27109779E-001  0.33092781E+003  0.33092903E+003  0.65714132E+003  0.65714645E+003
  1593.9850  0.32743898E+003  0.31956119E+003  0.10285629E-003  0.26873508E-001  0.26881892E-001  0.32814598E+003  0.32814718E+003  0.65161724E+003  0.65162234E+003
  1594.2356  0.32469795E+003  0.31688610E+003  0.10199527E-003  0.26648553E-001  0.26656866E-001  0.32539907E+003  0.32540026E+003  0.64616252E+003  0.64616756E+003
  1594.4862  0.32199119E+003  0.31424446E+003  0.10114503E-003  0.26426409E-001  0.26434654E-001  0.32268650E+003  0.32268768E+003  0.64077598E+003  0.64078099E+003
  1594.7368  0.31931812E+003  0.31163570E+003  0.10030536E-003  0.26207031E-001  0.26215208E-001  0.32000770E+003  0.32000887E+003  0.63545650E+003  0.63546147E+003
  1594.9875  0.31667820E+003  0.30905929E+003  0.99476108E-004  0.25990373E-001  0.25998482E-001  0.31736211E+003  0.31736327E+003  0.63020297E+003  0.63020790E+003
  1595.2381  0.31407086E+003  0.30651469E+003  0.98657093E-004  0.25776390E-001  0.25784432E-001  0.31474918E+003  0.31475034E+003  0.62501431E+003  0.62501920E+003
  1595.4887  0.31149560E+003  0.30400138E+003  0.97848149E-004  0.25565038E-001  0.25573015E-001  0.31216839E+003  0.31216953E+003  0.61988945E+003  0.61989430E+003
  1595.7393  0.30895186E+003  0.30151885E+003  0.97049111E-004  0.25356275E-001  0.25364186E-001  0.30961920E+003  0.30962033E+003  0.61482736E+003  0.61483216E+003
  1595.9900  0.30643916E+003  0.29906659E+003  0.96259819E-004  0.25150057E-001  0.25157905E-001  0.30710110E+003  0.30710222E+003  0.60982700E+003  0.60983176E+003
  1596.2406  0.30395697E+003  0.29664413E+003  0.95480115E-004  0.24946345E-001  0.24954129E-001  0.30461358E+003  0.30461470E+003  0.60488738E+003  0.60489211E+003
  1596.4912  0.30150482E+003  0.29425097E+003  0.94709843E-004  0.24745097E-001  0.24752819E-001  0.30215617E+003  0.30215728E+003  0.60000752E+003  0.60001221E+003
  1596.7419  0.29908221E+003  0.29188665E+003  0.93948854E-004  0.24546275E-001  0.24553934E-001  0.29972836E+003  0.29972946E+003  0.59518647E+003  0.59519112E+003
  1596.9925  0.29668868E+003  0.28955070E+003  0.93196997E-004  0.24349838E-001  0.24357436E-001  0.29732969E+003  0.29733078E+003  0.59042327E+003  0.59042788E+003
  1597.2431  0.29432377E+003  0.28724268E+003  0.92454128E-004  0.24155749E-001  0.24163288E-001  0.29495970E+003  0.29496078E+003  0.58571702E+003  0.58572159E+003
  1597.4937  0.29198701E+003  0.28496214E+003  0.91720104E-004  0.23963972E-001  0.23971450E-001  0.29261792E+003  0.29261899E+003  0.58106679E+003  0.58107133E+003
  1597.7444  0.28967796E+003  0.28270865E+003  0.90994784E-004  0.23774469E-001  0.23781888E-001  0.29030391E+003  0.29030498E+003  0.57647172E+003  0.57647622E+003
  1597.9950  0.28739619E+003  0.28048177E+003  0.90278033E-004  0.23587204E-001  0.23594565E-001  0.28801724E+003  0.28801830E+003  0.57193093E+003  0.57193539E+003
  1598.2456  0.28514127E+003  0.27828110E+003  0.89569716E-004  0.23402143E-001  0.23409446E-001  0.28575748E+003  0.28575852E+003  0.56744356E+003  0.56744799E+003
  1598.4962  0.28291277E+003  0.27610622E+003  0.88869700E-004  0.23219251E-001  0.23226497E-001  0.28352420E+003  0.28352524E+003  0.56300879E+003  0.56301319E+003
  1598.7469  0.28071030E+003  0.27395674E+003  0.88177857E-004  0.23038494E-001  0.23045684E-001  0.28131699E+003  0.28131802E+003  0.55862580E+003  0.55863016E+003
  1598.9975  0.27853343E+003  0.27183225E+003  0.87494059E-004  0.22859839E-001  0.22866974E-001  0.27913545E+003  0.27913648E+003  0.55429378E+003  0.55429811E+003
  1599.2481  0.27638179E+003  0.26973237E+003  0.86818184E-004  0.22683254E-001  0.22690334E-001  0.27697919E+003  0.27698020E+003  0.55001194E+003  0.55001624E+003
  1599.4987  0.27425498E+003  0.26765673E+003  0.86150108E-004  0.22508707E-001  0.22515732E-001  0.27484781E+003  0.27484881E+003  0.54577952E+003  0.54578378E+003
  1599.7494  0.27215262E+003  0.26560495E+003  0.85489712E-004  0.22336166E-001  0.22343138E-001  0.27274093E+003  0.27274193E+003  0.54159575E+003  0.54159998E+003
  1600.0000  0.27007433E+003  0.26357666E+003  0.84836880E-004  0.22165601E-001  0.22172520E-001  0.27065818E+003  0.27065917E+003  0.53745990E+003  0.53746410E+003
