#Raman spectra
#Laser energy   2.33 eV
#Raman shift (cm-1), Raman Spectra (XX,YY,ZZ,s+s+,s-s-,XY,YX,s+s-,s-s+)
  1500.0000  0.80330831E+004  0.79141483E+004  0.81313000E-003  0.23394099E+000  0.23403601E+000  0.80458257E+004  0.80458711E+004  0.16019407E+005  0.16019053E+005
  1500.2506  0.81851577E+004  0.80639713E+004  0.82852362E-003  0.23836977E+000  0.23846659E+000  0.81981453E+004  0.81981916E+004  0.16322675E+005  0.16322314E+005
  1500.5013  0.83415864E+004  0.82180840E+004  0.84435799E-003  0.24292536E+000  0.24302403E+000  0.83548261E+004  0.83548733E+004  0.16634626E+005  0.16634258E+005
  1500.7519  0.85025369E+004  0.83766515E+004  0.86065007E-003  0.24761263E+000  0.24771320E+000  0.85160360E+004  0.85160841E+004  0.16955594E+005  0.16955219E+005
  1501.0025  0.86681847E+004  0.85398468E+004  0.87741765E-003  0.25243670E+000  0.25253923E+000  0.86819510E+004  0.86820000E+004  0.17285930E+005  0.17285548E+005
  1501.2531  0.88387143E+004  0.87078516E+004  0.89467939E-003  0.25740294E+000  0.25750750E+000  0.88527558E+004  0.88528058E+004  0.17626001E+005  0.17625612E+005
  1501.5038  0.90143192E+004  0.88808565E+004  0.91245488E-003  0.26251699E+000  0.26262362E+000  0.90286441E+004  0.90286951E+004  0.17976194E+005  0.17975796E+005
  1501.7544  0.91952024E+004  0.90590616E+004  0.93076467E-003  0.26778476E+000  0.26789353E+000  0.92098195E+004  0.92098715E+004  0.18336912E+005  0.18336507E+005
  1502.0050  0.93815773E+004  0.92426772E+004  0.94963037E-003  0.27321247E+000  0.27332344E+000  0.93964956E+004  0.93965486E+004  0.18708583E+005  0.18708169E+005
  1502.2556  0.95736682E+004  0.94319240E+004  0.96907467E-003  0.27880663E+000  0.27891989E+000  0.95888970E+004  0.95889512E+004  0.19091652E+005  0.19091230E+005
  1502.5063  0.97717109E+004  0.96270346E+004  0.98912145E-003  0.28457414E+000  0.28468974E+000  0.97872600E+004  0.97873153E+004  0.19486591E+005  0.19486160E+005
  1502.7569  0.99759534E+004  0.98282532E+004  0.10097958E-002  0.29052220E+000  0.29064021E+000  0.99918331E+004  0.99918895E+004  0.19893894E+005  0.19893454E+005
  1503.0075  0.10186657E+005  0.10035837E+005  0.10311242E-002  0.29665842E+000  0.29677893E+000  0.10202878E+005  0.10202935E+005  0.20314081E+005  0.20313632E+005
  1503.2581  0.10404096E+005  0.10250057E+005  0.10531344E-002  0.30299081E+000  0.30311390E+000  0.10420669E+005  0.10420728E+005  0.20747702E+005  0.20747243E+005
  1503.5088  0.10628561E+005  0.10471199E+005  0.10758559E-002  0.30952781E+000  0.30965356E+000  0.10645498E+005  0.10645558E+005  0.21195333E+005  0.21194865E+005
  1503.7594  0.10860357E+005  0.10699563E+005  0.10993194E-002  0.31627832E+000  0.31640680E+000  0.10877670E+005  0.10877732E+005  0.21657584E+005  0.21657106E+005
  1504.0100  0.11099807E+005  0.10935467E+005  0.11235576E-002  0.32325171E+000  0.32338303E+000  0.11117508E+005  0.11117571E+005  0.22135098E+005  0.22134609E+005
  1504.2607  0.11347250E+005  0.11179247E+005  0.11486050E-002  0.33045790E+000  0.33059215E+000  0.11365353E+005  0.11365417E+005  0.22628553E+005  0.22628053E+005
  1504.5113  0.11603045E+005  0.11431255E+005  0.11744979E-002  0.33790733E+000  0.33804461E+000  0.11621564E+005  0.11621630E+005  0.23138665E+005  0.23138153E+005
  1504.7619  0.11867573E+005  0.11691866E+005  0.12012747E-002  0.34561107E+000  0.34575148E+000  0.11886522E+005  0.11886589E+005  0.23666190E+005  0.23665667E+005
  1505.0125  0.12141234E+005  0.11961475E+005  0.12289761E-002  0.35358081E+000  0.35372446E+000  0.12160627E+005  0.12160696E+005  0.24211930E+005  0.24211395E+005
  1505.2632  0.12424452E+005  0.12240501E+005  0.12576449E-002  0.36182889E+000  0.36197589E+000  0.12444307E+005  0.12444377E+005  0.24776731E+005  0.24776183E+005
  1505.5138  0.12717678E+005  0.12529385E+005  0.12873268E-002  0.37036842E+000  0.37051890E+000  0.12738011E+005  0.12738083E+005  0.25361488E+005  0.25360928E+005
  1505.7644  0.13021388E+005  0.12828598E+005  0.13180699E-002  0.37921326E+000  0.37936733E+000  0.13042215E+005  0.13042289E+005  0.25967152E+005  0.25966578E+005
  1506.0150  0.13336085E+005  0.13138636E+005  0.13499253E-002  0.38837812E+000  0.38853591E+000  0.13357426E+005  0.13357501E+005  0.26594730E+005  0.26594142E+005
  1506.2657  0.13662306E+005  0.13460027E+005  0.13829471E-002  0.39787857E+000  0.39804023E+000  0.13684179E+005  0.13684256E+005  0.27245288E+005  0.27244686E+005
  1506.5163  0.14000619E+005  0.13793331E+005  0.14171930E-002  0.40773118E+000  0.40789684E+000  0.14023045E+005  0.14023124E+005  0.27919961E+005  0.27919343E+005
  1506.7669  0.14351628E+005  0.14139143E+005  0.14527241E-002  0.41795353E+000  0.41812334E+000  0.14374627E+005  0.14374708E+005  0.28619951E+005  0.28619319E+005
  1507.0175  0.14715974E+005  0.14498095E+005  0.14896053E-002  0.42856430E+000  0.42873843E+000  0.14739569E+005  0.14739652E+005  0.29346541E+005  0.29345892E+005
  1507.2682  0.15094341E+005  0.14870859E+005  0.15279057E-002  0.43958340E+000  0.43976201E+000  0.15118554E+005  0.15118640E+005  0.30101090E+005  0.30100425E+005
  1507.5188  0.15487454E+005  0.15258153E+005  0.15676989E-002  0.45103198E+000  0.45121524E+000  0.15512312E+005  0.15512399E+005  0.30885049E+005  0.30884366E+005
  1507.7694  0.15896089E+005  0.15660738E+005  0.16090634E-002  0.46293260E+000  0.46312070E+000  0.15921617E+005  0.15921707E+005  0.31699963E+005  0.31699262E+005
  1508.0201  0.16321072E+005  0.16079428E+005  0.16520827E-002  0.47530932E+000  0.47550245E+000  0.16347297E+005  0.16347389E+005  0.32547478E+005  0.32546758E+005
  1508.2707  0.16763284E+005  0.16515093E+005  0.16968461E-002  0.48818782E+000  0.48838618E+000  0.16790235E+005  0.16790330E+005  0.33429352E+005  0.33428613E+005
  1508.5213  0.17223667E+005  0.16968660E+005  0.17434489E-002  0.50159550E+000  0.50179932E+000  0.17251374E+005  0.17251472E+005  0.34347464E+005  0.34346705E+005
  1508.7719  0.17703227E+005  0.17441120E+005  0.17919929E-002  0.51556170E+000  0.51577119E+000  0.17731723E+005  0.17731823E+005  0.35303821E+005  0.35303040E+005
  1509.0226  0.18203041E+005  0.17933534E+005  0.18425873E-002  0.53011777E+000  0.53033318E+000  0.18232360E+005  0.18232463E+005  0.36300570E+005  0.36299767E+005
  1509.2732  0.18724263E+005  0.18447039E+005  0.18953487E-002  0.54529731E+000  0.54551889E+000  0.18754441E+005  0.18754546E+005  0.37340012E+005  0.37339186E+005
  1509.5238  0.19268130E+005  0.18982853E+005  0.19504025E-002  0.56113633E+000  0.56136435E+000  0.19299204E+005  0.19299313E+005  0.38424613E+005  0.38423764E+005
  1509.7744  0.19835967E+005  0.19542283E+005  0.20078827E-002  0.57767349E+000  0.57790823E+000  0.19867979E+005  0.19868091E+005  0.39557020E+005  0.39556145E+005
  1510.0251  0.20429201E+005  0.20126734E+005  0.20679339E-002  0.59495027E+000  0.59519204E+000  0.20462193E+005  0.20462309E+005  0.40740074E+005  0.40739173E+005
  1510.2757  0.21049364E+005  0.20737715E+005  0.21307110E-002  0.61301132E+000  0.61326043E+000  0.21083382E+005  0.21083501E+005  0.41976832E+005  0.41975903E+005
  1510.5263  0.21698105E+005  0.21376851E+005  0.21963810E-002  0.63190467E+000  0.63216145E+000  0.21733197E+005  0.21733319E+005  0.43270582E+005  0.43269625E+005
  1510.7769  0.22377201E+005  0.22045892E+005  0.22651239E-002  0.65168206E+000  0.65194689E+000  0.22413418E+005  0.22413545E+005  0.44624869E+005  0.44623882E+005
  1511.0276  0.23088568E+005  0.22746727E+005  0.23371336E-002  0.67239933E+000  0.67267258E+000  0.23125966E+005  0.23126097E+005  0.46043516E+005  0.46042497E+005
  1511.2782  0.23834278E+005  0.23481396E+005  0.24126198E-002  0.69411677E+000  0.69439885E+000  0.23872914E+005  0.23873049E+005  0.47530650E+005  0.47529599E+005
  1511.5288  0.24616567E+005  0.24252103E+005  0.24918089E-002  0.71689955E+000  0.71719089E+000  0.24656505E+005  0.24656644E+005  0.49090735E+005  0.49089649E+005
  1511.7794  0.25437858E+005  0.25061235E+005  0.25749462E-002  0.74081823E+000  0.74111929E+000  0.25479164E+005  0.25479308E+005  0.50728603E+005  0.50727481E+005
  1512.0301  0.26300778E+005  0.25911378E+005  0.26622976E-002  0.76594928E+000  0.76626056E+000  0.26343523E+005  0.26343671E+005  0.52449489E+005  0.52448329E+005
  1512.2807  0.27208175E+005  0.26805341E+005  0.27541514E-002  0.79237569E+000  0.79269770E+000  0.27252434E+005  0.27252588E+005  0.54259077E+005  0.54257876E+005
  1512.5313  0.28163146E+005  0.27746173E+005  0.28508211E-002  0.82018763E+000  0.82052095E+000  0.28209002E+005  0.28209161E+005  0.56163541E+005  0.56162299E+005
  1512.7820  0.29169059E+005  0.28737193E+005  0.29526478E-002  0.84948324E+000  0.84982847E+000  0.29216599E+005  0.29216764E+005  0.58169602E+005  0.58168314E+005
  1513.0326  0.30229587E+005  0.29782019E+005  0.30600032E-002  0.88036944E+000  0.88072722E+000  0.30278905E+005  0.30279076E+005  0.60284580E+005  0.60283246E+005
  1513.2832  0.31348736E+005  0.30884598E+005  0.31732928E-002  0.91296291E+000  0.91333395E+000  0.31399933E+005  0.31400110E+005  0.62516467E+005  0.62515083E+005
  1513.5338  0.32530884E+005  0.32049244E+005  0.32929600E-002  0.94739121E+000  0.94777623E+000  0.32584069E+005  0.32584253E+005  0.64873995E+005  0.64872559E+005
  1513.7845  0.33780825E+005  0.33280679E+005  0.34194900E-002  0.98379391E+000  0.98419373E+000  0.33836115E+005  0.33836306E+005  0.67366724E+005  0.67365233E+005
  1514.0351  0.35103815E+005  0.34584081E+005  0.35534147E-002  0.10223241E+001  0.10227396E+001  0.35161336E+005  0.35161535E+005  0.70005135E+005  0.70003586E+005
  1514.2857  0.36505623E+005  0.35965135E+005  0.36953185E-002  0.10631498E+001  0.10635819E+001  0.36565514E+005  0.36565720E+005  0.72800738E+005  0.72799127E+005
  1514.5363  0.37992601E+005  0.37430097E+005  0.38458441E-002  0.11064561E+001  0.11069058E+001  0.38055008E+005  0.38055223E+005  0.75766196E+005  0.75764519E+005
  1514.7870  0.39571745E+005  0.38985860E+005  0.40057000E-002  0.11524466E+001  0.11529150E+001  0.39636830E+005  0.39637054E+005  0.78915466E+005  0.78913718E+005
  1515.0376  0.41250782E+005  0.40640038E+005  0.41756683E-002  0.12013465E+001  0.12018347E+001  0.41318719E+005  0.41318953E+005  0.82263955E+005  0.82262134E+005
  1515.2882  0.43038259E+005  0.42401051E+005  0.43566144E-002  0.12534046E+001  0.12539140E+001  0.43109239E+005  0.43109483E+005  0.85828713E+005  0.85826812E+005
  1515.5388  0.44943652E+005  0.44278233E+005  0.45494974E-002  0.13088970E+001  0.13094290E+001  0.45017882E+005  0.45018136E+005  0.89628635E+005  0.89626650E+005
  1515.7895  0.46977485E+005  0.46281953E+005  0.47553829E-002  0.13681302E+001  0.13686862E+001  0.47055191E+005  0.47055457E+005  0.93684712E+005  0.93682637E+005
  1516.0401  0.49151473E+005  0.48423754E+005  0.49754569E-002  0.14314453E+001  0.14320271E+001  0.49232903E+005  0.49233181E+005  0.98020309E+005  0.98018138E+005
  1516.2907  0.51478688E+005  0.50716514E+005  0.52110427E-002  0.14992232E+001  0.14998326E+001  0.51564114E+005  0.51564405E+005  0.10266150E+006  0.10265922E+006
  1516.5414  0.53973748E+005  0.53174632E+005  0.54636202E-002  0.15718896E+001  0.15725284E+001  0.54063468E+005  0.54063773E+005  0.10763743E+006  0.10763505E+006
  1516.7920  0.56653038E+005  0.55814254E+005  0.57348482E-002  0.16499216E+001  0.16505922E+001  0.56747380E+005  0.56747701E+005  0.11298079E+006  0.11297828E+006
  1517.0426  0.59534974E+005  0.58653521E+005  0.60265911E-002  0.17338558E+001  0.17345605E+001  0.59634301E+005  0.59634638E+005  0.11872830E+006  0.11872567E+006
  1517.2932  0.62640306E+005  0.61712877E+005  0.63409497E-002  0.18242964E+001  0.18250379E+001  0.62745019E+005  0.62745373E+005  0.12492135E+006  0.12491858E+006
  1517.5439  0.65992480E+005  0.65015419E+005  0.66802975E-002  0.19219263E+001  0.19227075E+001  0.66103023E+005  0.66103396E+005  0.13160670E+006  0.13160378E+006
  1517.7945  0.69618062E+005  0.68587322E+005  0.70473242E-002  0.20275194E+001  0.20283435E+001  0.69734929E+005  0.69735323E+005  0.13883733E+006  0.13883425E+006
  1518.0451  0.73547246E+005  0.72458332E+005  0.74450866E-002  0.21419550E+001  0.21428256E+001  0.73670987E+005  0.73671403E+005  0.14667347E+006  0.14667022E+006
  1518.2957  0.77814452E+005  0.76662360E+005  0.78770695E-002  0.22662357E+001  0.22671568E+001  0.77945684E+005  0.77946124E+005  0.15518376E+006  0.15518032E+006
  1518.5464  0.82459053E+005  0.81238194E+005  0.83472589E-002  0.24015083E+001  0.24024844E+001  0.82598465E+005  0.82598931E+005  0.16444674E+006  0.16444310E+006
  1518.7970  0.87526231E+005  0.86230349E+005  0.88602294E-002  0.25490888E+001  0.25501249E+001  0.87674599E+005  0.87675094E+005  0.17455252E+006  0.17454865E+006
  1519.0476  0.93068027E+005  0.91690096E+005  0.94212495E-002  0.27104931E+001  0.27115947E+001  0.93226227E+005  0.93226753E+005  0.18560490E+006  0.18560078E+006
  1519.2982  0.99144601E+005  0.97676702E+005  0.10036410E-001  0.28874733E+001  0.28886469E+001  0.99313622E+005  0.99314183E+005  0.19772386E+006  0.19771947E+006
  1519.5489  0.10582577E+006  0.10425895E+006  0.10712780E-001  0.30820630E+001  0.30833157E+001  0.10600674E+006  0.10600734E+006  0.21104865E+006  0.21104397E+006
  1519.7995  0.11319288E+006  0.11151699E+006  0.11458595E-001  0.32966318E+001  0.32979717E+001  0.11338708E+006  0.11338772E+006  0.22574154E+006  0.22573653E+006
  1520.0501  0.12134113E+006  0.11954460E+006  0.12283493E-001  0.35339525E+001  0.35353888E+001  0.12155003E+006  0.12155072E+006  0.24199239E+006  0.24198702E+006
  1520.3008  0.13038241E+006  0.12845202E+006  0.13198803E-001  0.37972840E+001  0.37988274E+001  0.13060770E+006  0.13060844E+006  0.26002437E+006  0.26001860E+006
  1520.5514  0.14044883E+006  0.13836939E+006  0.14217900E-001  0.40904746E+001  0.40921372E+001  0.14069245E+006  0.14069325E+006  0.28010098E+006  0.28009476E+006
  1520.8020  0.15169712E+006  0.14945115E+006  0.15356655E-001  0.44180897E+001  0.44198855E+001  0.15196135E+006  0.15196221E+006  0.30253486E+006  0.30252814E+006
  1521.0526  0.16431418E+006  0.16188141E+006  0.16633988E-001  0.47855732E+001  0.47875183E+001  0.16460165E+006  0.16460258E+006  0.32769876E+006  0.32769148E+006
  1521.3033  0.17852399E+006  0.17588083E+006  0.18072579E-001  0.51994492E+001  0.52015626E+001  0.17883778E+006  0.17883879E+006  0.35603946E+006  0.35603154E+006
  1521.5539  0.19459640E+006  0.19171528E+006  0.19699750E-001  0.56675783E+001  0.56698819E+001  0.19494015E+006  0.19494125E+006  0.38809519E+006  0.38808656E+006
  1521.8045  0.21285828E+006  0.20970678E+006  0.21548596E-001  0.61994818E+001  0.62020016E+001  0.21323629E+006  0.21323750E+006  0.42451795E+006  0.42450850E+006
  1522.0551  0.23370772E+006  0.23024753E+006  0.23659426E-001  0.68067557E+001  0.68095223E+001  0.23412512E+006  0.23412644E+006  0.46610178E+006  0.46609141E+006
  1522.3058  0.25763214E+006  0.25381773E+006  0.26081592E-001  0.75035983E+001  0.75066482E+001  0.25809505E+006  0.25809651E+006  0.51381893E+006  0.51380749E+006
  1522.5564  0.28523144E+006  0.28100840E+006  0.28875836E-001  0.83074845E+001  0.83108611E+001  0.28574725E+006  0.28574887E+006  0.56886600E+006  0.56885334E+006
  1522.8070  0.31724745E+006  0.31255040E+006  0.32117272E-001  0.92400236E+001  0.92437792E+001  0.31782510E+006  0.31782690E+006  0.63272273E+006  0.63270864E+006
  1523.0576  0.35460121E+006  0.34935111E+006  0.35899159E-001  0.10328045E+002  0.10332243E+002  0.35525158E+006  0.35525358E+006  0.70722629E+006  0.70721052E+006
  1523.3083  0.39843936E+006  0.39254020E+006  0.40337602E-001  0.11604951E+002  0.11609668E+002  0.39917573E+006  0.39917799E+006  0.79466389E+006  0.79464617E+006
  1523.5589  0.45019044E+006  0.44352507E+006  0.45577248E-001  0.13112355E+002  0.13117684E+002  0.45102913E+006  0.45103168E+006  0.89788506E+006  0.89786503E+006
  1523.8095  0.51162953E+006  0.50405452E+006  0.51797831E-001  0.14901963E+002  0.14908020E+002  0.51259057E+006  0.51259346E+006  0.10204305E+007  0.10204077E+007
  1524.0602  0.58494466E+006  0.57628417E+006  0.59220896E-001  0.17037513E+002  0.17044438E+002  0.58605259E+006  0.58605590E+006  0.11666646E+007  0.11666386E+007
  1524.3108  0.67278693E+006  0.66282587E+006  0.68114861E-001  0.19596226E+002  0.19604190E+002  0.67407160E+006  0.67407540E+006  0.13418753E+007  0.13418453E+007
  1524.5614  0.77826279E+006  0.76674009E+006  0.78794229E-001  0.22668582E+002  0.22677795E+002  0.77975991E+006  0.77976431E+006  0.15522582E+007  0.15522235E+007
  1524.8120  0.90478210E+006  0.89138620E+006  0.91604168E-001  0.26353886E+002  0.26364598E+002  0.90653299E+006  0.90653811E+006  0.18046135E+007  0.18045732E+007
  1525.0627  0.10555972E+007  0.10399684E+007  0.10687379E+000  0.30746830E+002  0.30759327E+002  0.10576468E+007  0.10576527E+007  0.21054253E+007  0.21053782E+007
  1525.3133  0.12327558E+007  0.12145040E+007  0.12481002E+000  0.35906965E+002  0.35921559E+002  0.12351467E+007  0.12351537E+007  0.24587717E+007  0.24587167E+007
  1525.5639  0.14350961E+007  0.14138486E+007  0.14529453E+000  0.41800279E+002  0.41817268E+002  0.14378575E+007  0.14378656E+007  0.28623241E+007  0.28622601E+007
  1525.8145  0.16550502E+007  0.16305461E+007  0.16755993E+000  0.48206053E+002  0.48225646E+002  0.16581776E+007  0.16581870E+007  0.33009691E+007  0.33008954E+007
  1526.0652  0.18748633E+007  0.18471047E+007  0.18980717E+000  0.54606785E+002  0.54628980E+002  0.18782946E+007  0.18783052E+007  0.37392709E+007  0.37391876E+007
  1526.3158  0.20648348E+007  0.20342636E+007  0.20902817E+000  0.60137118E+002  0.60161562E+002  0.20684333E+007  0.20684450E+007  0.41179739E+007  0.41178824E+007
  1526.5664  0.21882059E+007  0.21558081E+007  0.22150201E+000  0.63726536E+002  0.63752440E+002  0.21917750E+007  0.21917873E+007  0.43637727E+007  0.43636762E+007
  1526.8170  0.22150474E+007  0.21822522E+007  0.22420179E+000  0.64504071E+002  0.64530292E+002  0.22183848E+007  0.22183974E+007  0.44170250E+007  0.44169277E+007
  1527.0677  0.21381824E+007  0.21065254E+007  0.21640563E+000  0.62261820E+002  0.62287132E+002  0.21411475E+007  0.21411596E+007  0.42634919E+007  0.42633984E+007
  1527.3183  0.19775220E+007  0.19482437E+007  0.20013271E+000  0.57580537E+002  0.57603946E+002  0.19800653E+007  0.19800765E+007  0.39429393E+007  0.39428531E+007
  1527.5689  0.17685127E+007  0.17423288E+007  0.17897203E+000  0.51492739E+002  0.51513673E+002  0.17706572E+007  0.17706672E+007  0.35260699E+007  0.35259930E+007
  1527.8195  0.15456488E+007  0.15227646E+007  0.15641388E+000  0.45002655E+002  0.45020952E+002  0.15474511E+007  0.15474598E+007  0.30816507E+007  0.30815836E+007
  1528.0702  0.13328442E+007  0.13131107E+007  0.13487682E+000  0.38806211E+002  0.38821989E+002  0.13343660E+007  0.13343736E+007  0.26573374E+007  0.26572796E+007
  1528.3208  0.11424132E+007  0.11254991E+007  0.11560562E+000  0.33261607E+002  0.33275130E+002  0.11437083E+007  0.11437148E+007  0.22776592E+007  0.22776097E+007
  1528.5714  0.97830900E+006  0.96382457E+006  0.98999389E-001  0.28483717E+002  0.28495298E+002  0.97942066E+006  0.97942619E+006  0.19504829E+007  0.19504405E+007
  1528.8221  0.83979207E+006  0.82735847E+006  0.84982741E-001  0.24450880E+002  0.24460820E+002  0.84075413E+006  0.84075888E+006  0.16743255E+007  0.16742891E+007
  1529.0727  0.72404111E+006  0.71332126E+006  0.73269917E-001  0.21080887E+002  0.21089458E+002  0.72488001E+006  0.72488411E+006  0.14435579E+007  0.14435265E+007
  1529.3233  0.62763991E+006  0.61834734E+006  0.63515108E-001  0.18274251E+002  0.18281680E+002  0.62837649E+006  0.62838004E+006  0.12513672E+007  0.12513400E+007
  1529.5739  0.54729429E+006  0.53919128E+006  0.55384929E-001  0.15935051E+002  0.15941530E+002  0.54794512E+006  0.54794822E+006  0.10911854E+007  0.10911616E+007
  1529.8246  0.48011417E+006  0.47300580E+006  0.48586924E-001  0.13979144E+002  0.13984828E+002  0.48069260E+006  0.48069531E+006  0.95725039E+006  0.95722952E+006
  1530.0752  0.42367991E+006  0.41740708E+006  0.42876253E-001  0.12336085E+002  0.12341100E+002  0.42419676E+006  0.42419916E+006  0.84473832E+006  0.84471990E+006
  1530.3258  0.37601420E+006  0.37044709E+006  0.38052841E-001  0.10948308E+002  0.10952759E+002  0.37647835E+006  0.37648047E+006  0.74970728E+006  0.74969093E+006
  1530.5764  0.33552063E+006  0.33055305E+006  0.33955157E-001  0.97693363E+001  0.97733080E+001  0.33593937E+006  0.33594127E+006  0.66897468E+006  0.66896008E+006
  1530.8271  0.30091673E+006  0.29646148E+006  0.30453436E-001  0.87618350E+001  0.87653970E+001  0.30129615E+006  0.30129785E+006  0.59998389E+006  0.59997079E+006
  1531.0777  0.27117310E+006  0.26715823E+006  0.27443520E-001  0.78958349E+001  0.78990449E+001  0.27151827E+006  0.27151981E+006  0.54068271E+006  0.54067090E+006
  1531.3283  0.24546194E+006  0.24182773E+006  0.24841646E-001  0.71472363E+001  0.71501419E+001  0.24577713E+006  0.24577852E+006  0.48942086E+006  0.48941017E+006
  1531.5789  0.22311526E+006  0.21981190E+006  0.22580226E-001  0.64965923E+001  0.64992334E+001  0.22340409E+006  0.22340535E+006  0.44486667E+006  0.44485694E+006
  1531.8296  0.20359166E+006  0.20057736E+006  0.20604478E-001  0.59281410E+001  0.59305510E+001  0.20385720E+006  0.20385835E+006  0.40594080E+006  0.40593192E+006
  1532.0802  0.18645015E+006  0.18368965E+006  0.18869780E-001  0.54290438E+001  0.54312508E+001  0.18669503E+006  0.18669608E+006  0.37176409E+006  0.37175596E+006
  1532.3308  0.17132963E+006  0.16879299E+006  0.17339590E-001  0.49887873E+001  0.49908154E+001  0.17155610E+006  0.17155707E+006  0.34161664E+006  0.34160916E+006
  1532.5815  0.15793278E+006  0.15559449E+006  0.15983828E-001  0.45987161E+001  0.46005856E+001  0.15814280E+006  0.15814369E+006  0.31490573E+006  0.31489884E+006
  1532.8321  0.14601353E+006  0.14385172E+006  0.14777590E-001  0.42516657E+001  0.42533941E+001  0.14620879E+006  0.14620961E+006  0.29114076E+006  0.29113438E+006
  1533.0827  0.13536709E+006  0.13336290E+006  0.13700155E-001  0.39416737E+001  0.39432761E+001  0.13554905E+006  0.13554981E+006  0.26991344E+006  0.26990753E+006
  1533.3333  0.12582214E+006  0.12395927E+006  0.12734186E-001  0.36637525E+001  0.36652419E+001  0.12599209E+006  0.12599280E+006  0.25088224E+006  0.25087674E+006
  1533.5840  0.11723466E+006  0.11549893E+006  0.11865111E-001  0.34137088E+001  0.34150966E+001  0.11739373E+006  0.11739439E+006  0.23376000E+006  0.23375488E+006
  1533.8346  0.10948296E+006  0.10786200E+006  0.11080615E-001  0.31879998E+001  0.31892957E+001  0.10963214E+006  0.10963276E+006  0.21830413E+006  0.21829935E+006
  1534.0852  0.10246375E+006  0.10094671E+006  0.10370245E-001  0.29836180E+001  0.29848308E+001  0.10260392E+006  0.10260450E+006  0.20430869E+006  0.20430421E+006
  1534.3358  0.96088944E+005  0.94666289E+005  0.97250889E-002  0.27979991E+001  0.27991365E+001  0.96220884E+005  0.96221427E+005  0.19159807E+006  0.19159387E+006
  1534.5865  0.90283127E+005  0.88946430E+005  0.91375139E-002  0.26289470E+001  0.26300157E+001  0.90407531E+005  0.90408042E+005  0.18002191E+006  0.18001796E+006
  1534.8371  0.84981434E+005  0.83723232E+005  0.86009564E-002  0.24745734E+001  0.24755793E+001  0.85098921E+005  0.85099402E+005  0.16945088E+006  0.16944716E+006
  1535.0877  0.80127867E+005  0.78941526E+005  0.81097495E-002  0.23332477E+001  0.23341962E+001  0.80238991E+005  0.80239444E+005  0.15977333E+006  0.15976983E+006
  1535.3383  0.75673898E+005  0.74553500E+005  0.76589823E-002  0.22035571E+001  0.22044529E+001  0.75779155E+005  0.75779583E+005  0.15089252E+006  0.15088921E+006
  1535.5890  0.71577316E+005  0.70517570E+005  0.72443832E-002  0.20842725E+001  0.20851198E+001  0.71677153E+005  0.71677558E+005  0.14272428E+006  0.14272115E+006
  1535.8396  0.67801278E+005  0.66797439E+005  0.68622239E-002  0.19743213E+001  0.19751238E+001  0.67896100E+005  0.67896483E+005  0.13519516E+006  0.13519219E+006
  1536.0902  0.64313524E+005  0.63361323E+005  0.65092395E-002  0.18727640E+001  0.18735252E+001  0.64403694E+005  0.64404057E+005  0.12824083E+006  0.12823802E+006
  1536.3409  0.61085709E+005  0.60181298E+005  0.61825618E-002  0.17787755E+001  0.17794985E+001  0.61171558E+005  0.61171903E+005  0.12180479E+006  0.12180212E+006
  1536.5915  0.58092857E+005  0.57232757E+005  0.58796632E-002  0.16916285E+001  0.16923161E+001  0.58174686E+005  0.58175014E+005  0.11583724E+006  0.11583469E+006
  1536.8421  0.55312897E+005  0.54493956E+005  0.55983099E-002  0.16106803E+001  0.16113350E+001  0.55390978E+005  0.55391291E+005  0.11029416E+006  0.11029174E+006
  1537.0927  0.52726266E+005  0.51945621E+005  0.53365223E-002  0.15353614E+001  0.15359855E+001  0.52800849E+005  0.52801147E+005  0.10513656E+006  0.10513425E+006
  1537.3434  0.50315580E+005  0.49570627E+005  0.50925411E-002  0.14651657E+001  0.14657612E+001  0.50386893E+005  0.50387177E+005  0.10032977E+006  0.10032757E+006
  1537.5940  0.48065352E+005  0.47353715E+005  0.48647991E-002  0.13996421E+001  0.14002110E+001  0.48133604E+005  0.48133876E+005  0.95842926E+005  0.95840821E+005
  1537.8446  0.45961751E+005  0.45281259E+005  0.46518964E-002  0.13383880E+001  0.13389320E+001  0.46027132E+005  0.46027392E+005  0.91648435E+005  0.91646422E+005
  1538.0952  0.43992392E+005  0.43341058E+005  0.44525797E-002  0.12810427E+001  0.12815634E+001  0.44055079E+005  0.44055328E+005  0.87721611E+005  0.87719684E+005
  1538.3459  0.42146164E+005  0.41522164E+005  0.42657246E-002  0.12272827E+001  0.12277816E+001  0.42206319E+005  0.42206557E+005  0.84040298E+005  0.84038451E+005
  1538.5965  0.40413074E+005  0.39814734E+005  0.40903197E-002  0.11768171E+001  0.11772954E+001  0.40470847E+005  0.40471075E+005  0.80584573E+005  0.80582802E+005
  1538.8471  0.38784117E+005  0.38209894E+005  0.39254537E-002  0.11293837E+001  0.11298427E+001  0.38839645E+005  0.38839864E+005  0.77336480E+005  0.77334781E+005
  1539.0977  0.37251161E+005  0.36699635E+005  0.37703037E-002  0.10847456E+001  0.10851865E+001  0.37304572E+005  0.37304783E+005  0.74279807E+005  0.74278175E+005
  1539.3484  0.35806849E+005  0.35276707E+005  0.36241249E-002  0.10426887E+001  0.10431125E+001  0.35858261E+005  0.35858463E+005  0.71399882E+005  0.71398313E+005
  1539.5990  0.34444511E+005  0.33934539E+005  0.34862425E-002  0.10030187E+001  0.10034264E+001  0.34494033E+005  0.34494228E+005  0.68683407E+005  0.68681897E+005
  1539.8496  0.33158089E+005  0.32667164E+005  0.33560434E-002  0.96555925E+000  0.96595170E+000  0.33205823E+005  0.33206011E+005  0.66118304E+005  0.66116851E+005
  1540.1003  0.31942073E+005  0.31469152E+005  0.32329699E-002  0.93014993E+000  0.93052798E+000  0.31988114E+005  0.31988294E+005  0.63693586E+005  0.63692186E+005
  1540.3509  0.30791441E+005  0.30335555E+005  0.31165137E-002  0.89664448E+000  0.89700891E+000  0.30835876E+005  0.30836050E+005  0.61399240E+005  0.61397890E+005
  1540.6015  0.29701609E+005  0.29261859E+005  0.30062110E-002  0.86490943E+000  0.86526096E+000  0.29744521E+005  0.29744689E+005  0.59226125E+005  0.59224823E+005
  1540.8521  0.28668386E+005  0.28243933E+005  0.29016375E-002  0.83482275E+000  0.83516204E+000  0.28709851E+005  0.28710013E+005  0.57165884E+005  0.57164628E+005
  1541.1028  0.27687934E+005  0.27277997E+005  0.28024048E-002  0.80627269E+000  0.80660038E+000  0.27728024E+005  0.27728180E+005  0.55210868E+005  0.55209654E+005
  1541.3534  0.26756734E+005  0.26360584E+005  0.27081570E-002  0.77915679E+000  0.77947345E+000  0.26795516E+005  0.26795667E+005  0.53354057E+005  0.53352884E+005
  1541.6040  0.25871554E+005  0.25488510E+005  0.26185667E-002  0.75338094E+000  0.75368712E+000  0.25909091E+005  0.25909237E+005  0.51589009E+005  0.51587875E+005
  1541.8546  0.25029423E+005  0.24658847E+005  0.25333334E-002  0.72885860E+000  0.72915482E+000  0.25065773E+005  0.25065914E+005  0.49909798E+005  0.49908701E+005
  1542.1053  0.24227603E+005  0.23868899E+005  0.24521800E-002  0.70551010E+000  0.70579682E+000  0.24262822E+005  0.24262959E+005  0.48310967E+005  0.48309905E+005
  1542.3559  0.23463572E+005  0.23116180E+005  0.23748510E-002  0.68326194E+000  0.68353962E+000  0.23497711E+005  0.23497844E+005  0.46787485E+005  0.46786456E+005
  1542.6065  0.22735000E+005  0.22398394E+005  0.23011109E-002  0.66204629E+000  0.66231535E+000  0.22768108E+005  0.22768236E+005  0.45334705E+005  0.45333708E+005
  1542.8571  0.22039732E+005  0.21713421E+005  0.22307415E-002  0.64180045E+000  0.64206128E+000  0.22071855E+005  0.22071980E+005  0.43948335E+005  0.43947369E+005
  1543.1078  0.21375777E+005  0.21059295E+005  0.21635411E-002  0.62246639E+000  0.62271936E+000  0.21406958E+005  0.21407079E+005  0.42624401E+005  0.42623463E+005
  1543.3584  0.20741287E+005  0.20434199E+005  0.20993230E-002  0.60399033E+000  0.60423578E+000  0.20771567E+005  0.20771684E+005  0.41359219E+005  0.41358309E+005
  1543.6090  0.20134550E+005  0.19836445E+005  0.20379137E-002  0.58632239E+000  0.58656067E+000  0.20163966E+005  0.20164080E+005  0.40149376E+005  0.40148493E+005
  1543.8596  0.19553974E+005  0.19264466E+005  0.19791523E-002  0.56941627E+000  0.56964768E+000  0.19582565E+005  0.19582675E+005  0.38991699E+005  0.38990841E+005
  1544.1103  0.18998083E+005  0.18716804E+005  0.19228891E-002  0.55322892E+000  0.55345374E+000  0.19025880E+005  0.19025988E+005  0.37883241E+005  0.37882408E+005
  1544.3609  0.18465499E+005  0.18192106E+005  0.18689849E-002  0.53772026E+000  0.53793877E+000  0.18492536E+005  0.18492641E+005  0.36821258E+005  0.36820448E+005
  1544.6115  0.17954941E+005  0.17689107E+005  0.18173100E-002  0.52285298E+000  0.52306545E+000  0.17981249E+005  0.17981351E+005  0.35803195E+005  0.35802407E+005
  1544.8622  0.17465214E+005  0.17206631E+005  0.17677434E-002  0.50859229E+000  0.50879897E+000  0.17490822E+005  0.17490921E+005  0.34826669E+005  0.34825903E+005
  1545.1128  0.16995204E+005  0.16743580E+005  0.17201723E-002  0.49490572E+000  0.49510684E+000  0.17020139E+005  0.17020235E+005  0.33889457E+005  0.33888711E+005
  1545.3634  0.16543868E+005  0.16298926E+005  0.16744912E-002  0.48176294E+000  0.48195871E+000  0.16568156E+005  0.16568250E+005  0.32989481E+005  0.32988755E+005
  1545.6140  0.16110232E+005  0.15871710E+005  0.16306016E-002  0.46913557E+000  0.46932621E+000  0.16133899E+005  0.16133990E+005  0.32124800E+005  0.32124093E+005
  1545.8647  0.15693386E+005  0.15461036E+005  0.15884112E-002  0.45699709E+000  0.45718279E+000  0.15716454E+005  0.15716543E+005  0.31293596E+005  0.31292907E+005
  1546.1153  0.15292474E+005  0.15066060E+005  0.15478337E-002  0.44532263E+000  0.44550359E+000  0.15314966E+005  0.15315053E+005  0.30494167E+005  0.30493496E+005
  1546.3659  0.14906698E+005  0.14685995E+005  0.15087880E-002  0.43408890E+000  0.43426529E+000  0.14928635E+005  0.14928720E+005  0.29724917E+005  0.29724263E+005
  1546.6165  0.14535306E+005  0.14320102E+005  0.14711982E-002  0.42327403E+000  0.42344602E+000  0.14556709E+005  0.14556791E+005  0.28984350E+005  0.28983712E+005
  1546.8672  0.14177594E+005  0.13967686E+005  0.14349929E-002  0.41285749E+000  0.41302525E+000  0.14198481E+005  0.14198561E+005  0.28271059E+005  0.28270437E+005
  1547.1178  0.13832899E+005  0.13628094E+005  0.14001051E-002  0.40282002E+000  0.40298369E+000  0.13853289E+005  0.13853367E+005  0.27583725E+005  0.27583118E+005
  1547.3684  0.13500598E+005  0.13300714E+005  0.13664717E-002  0.39314346E+000  0.39330321E+000  0.13520509E+005  0.13520585E+005  0.26921106E+005  0.26920514E+005
  1547.6190  0.13180106E+005  0.12984967E+005  0.13340335E-002  0.38381076E+000  0.38396671E+000  0.13199554E+005  0.13199629E+005  0.26282033E+005  0.26281455E+005
  1547.8697  0.12870871E+005  0.12680310E+005  0.13027347E-002  0.37480585E+000  0.37495814E+000  0.12889872E+005  0.12889945E+005  0.25665406E+005  0.25664841E+005
  1548.1203  0.12572372E+005  0.12386230E+005  0.12725224E-002  0.36611358E+000  0.36626233E+000  0.12590941E+005  0.12591012E+005  0.25070187E+005  0.25069636E+005
  1548.3709  0.12284119E+005  0.12102245E+005  0.12433473E-002  0.35771967E+000  0.35786501E+000  0.12302271E+005  0.12302341E+005  0.24495400E+005  0.24494861E+005
  1548.6216  0.12005650E+005  0.11827899E+005  0.12151623E-002  0.34961065E+000  0.34975269E+000  0.12023398E+005  0.12023466E+005  0.23940120E+005  0.23939593E+005
  1548.8722  0.11736526E+005  0.11562760E+005  0.11879232E-002  0.34177378E+000  0.34191264E+000  0.11753885E+005  0.11753952E+005  0.23403477E+005  0.23402962E+005
  1549.1228  0.11476337E+005  0.11306422E+005  0.11615884E-002  0.33419706E+000  0.33433284E+000  0.11493318E+005  0.11493383E+005  0.22884648E+005  0.22884144E+005
  1549.3734  0.11224690E+005  0.11058502E+005  0.11361182E-002  0.32686910E+000  0.32700190E+000  0.11241306E+005  0.11241370E+005  0.22382853E+005  0.22382360E+005
  1549.6241  0.10981217E+005  0.10818633E+005  0.11114752E-002  0.31977916E+000  0.31990908E+000  0.10997480E+005  0.10997542E+005  0.21897357E+005  0.21896875E+005
  1549.8747  0.10745568E+005  0.10586473E+005  0.10876242E-002  0.31291705E+000  0.31304418E+000  0.10761488E+005  0.10761549E+005  0.21427462E+005  0.21426990E+005
  1550.1253  0.10517412E+005  0.10361695E+005  0.10645315E-002  0.30627313E+000  0.30639756E+000  0.10533000E+005  0.10533060E+005  0.20972508E+005  0.20972046E+005
  1550.3759  0.10296435E+005  0.10143990E+005  0.10421655E-002  0.29983826E+000  0.29996008E+000  0.10311702E+005  0.10311760E+005  0.20531869E+005  0.20531417E+005
  1550.6266  0.10082339E+005  0.99330641E+004  0.10204959E-002  0.29360378E+000  0.29372306E+000  0.10097294E+005  0.10097351E+005  0.20104952E+005  0.20104510E+005
  1550.8772  0.98748428E+004  0.97286397E+004  0.99949429E-003  0.28756146E+000  0.28767829E+000  0.98894957E+004  0.98895515E+004  0.19691194E+005  0.19690760E+005
  1551.1278  0.96736773E+004  0.95304526E+004  0.97913342E-003  0.28170350E+000  0.28181794E+000  0.96880370E+004  0.96880917E+004  0.19290060E+005  0.19289635E+005
  1551.3784  0.94785882E+004  0.93382519E+004  0.95938756E-003  0.27602248E+000  0.27613462E+000  0.94926635E+004  0.94927171E+004  0.18901042E+005  0.18900626E+005
  1551.6291  0.92893336E+004  0.91517993E+004  0.94023223E-003  0.27051136E+000  0.27062126E+000  0.93031327E+004  0.93031853E+004  0.18523659E+005  0.18523251E+005
  1551.8797  0.91056835E+004  0.89708682E+004  0.92164414E-003  0.26516344E+000  0.26527116E+000  0.91192145E+004  0.91192659E+004  0.18157451E+005  0.18157051E+005
  1552.1303  0.89274189E+004  0.87952430E+004  0.90360114E-003  0.25997235E+000  0.26007796E+000  0.89406895E+004  0.89407400E+004  0.17801982E+005  0.17801590E+005
  1552.3810  0.87543317E+004  0.86247184E+004  0.88608216E-003  0.25493202E+000  0.25503558E+000  0.87673494E+004  0.87673988E+004  0.17456836E+005  0.17456452E+005
  1552.6316  0.85862235E+004  0.84590992E+004  0.86906712E-003  0.25003668E+000  0.25013825E+000  0.85989954E+004  0.85990439E+004  0.17121619E+005  0.17121242E+005
  1552.8822  0.84229054E+004  0.82981991E+004  0.85253690E-003  0.24528083E+000  0.24538046E+000  0.84354384E+004  0.84354860E+004  0.16795954E+005  0.16795584E+005
  1553.1328  0.82641974E+004  0.81418409E+004  0.83647329E-003  0.24065922E+000  0.24075697E+000  0.82764981E+004  0.82765448E+004  0.16479481E+005  0.16479118E+005
  1553.3835  0.81099278E+004  0.79898553E+004  0.82085890E-003  0.23616685E+000  0.23626278E+000  0.81220026E+004  0.81220484E+004  0.16171859E+005  0.16171503E+005
  1553.6341  0.79599327E+004  0.78420810E+004  0.80567715E-003  0.23179897E+000  0.23189312E+000  0.79717878E+004  0.79718328E+004  0.15872760E+005  0.15872411E+005
  1553.8847  0.78140560E+004  0.76983641E+004  0.79091224E-003  0.22755100E+000  0.22764343E+000  0.78256973E+004  0.78257415E+004  0.15581873E+005  0.15581530E+005
  1554.1353  0.76721484E+004  0.75585575E+004  0.77654905E-003  0.22341862E+000  0.22350936E+000  0.76835816E+004  0.76836250E+004  0.15298901E+005  0.15298564E+005
  1554.3860  0.75340674E+004  0.74225209E+004  0.76257316E-003  0.21939766E+000  0.21948677E+000  0.75452980E+004  0.75453406E+004  0.15023559E+005  0.15023229E+005
  1554.6366  0.73996767E+004  0.72901199E+004  0.74897079E-003  0.21548417E+000  0.21557169E+000  0.74107101E+004  0.74107520E+004  0.14755576E+005  0.14755251E+005
  1554.8872  0.72688461E+004  0.71612264E+004  0.73572875E-003  0.21167435E+000  0.21176032E+000  0.72796875E+004  0.72797286E+004  0.14494692E+005  0.14494373E+005
  1555.1378  0.71414512E+004  0.70357177E+004  0.72283444E-003  0.20796457E+000  0.20804904E+000  0.71521055E+004  0.71521459E+004  0.14240659E+005  0.14240345E+005
  1555.3885  0.70173729E+004  0.69134763E+004  0.71027582E-003  0.20435137E+000  0.20443437E+000  0.70278448E+004  0.70278845E+004  0.13993239E+005  0.13992931E+005
  1555.6391  0.68964970E+004  0.67943901E+004  0.69804133E-003  0.20083143E+000  0.20091300E+000  0.69067913E+004  0.69068302E+004  0.13752205E+005  0.13751902E+005
  1555.8897  0.67787145E+004  0.66783514E+004  0.68611993E-003  0.19740157E+000  0.19748174E+000  0.67888355E+004  0.67888739E+004  0.13517339E+005  0.13517041E+005
  1556.1404  0.66639207E+004  0.65652573E+004  0.67450104E-003  0.19405874E+000  0.19413755E+000  0.66738729E+004  0.66739106E+004  0.13288433E+005  0.13288140E+005
  1556.3910  0.65520156E+004  0.64550090E+004  0.66317452E-003  0.19080003E+000  0.19087751E+000  0.65618031E+004  0.65618402E+004  0.13065287E+005  0.13064999E+005
  1556.6416  0.64429031E+004  0.63475120E+004  0.65213065E-003  0.18762263E+000  0.18769883E+000  0.64525300E+004  0.64525664E+004  0.12847710E+005  0.12847427E+005
  1556.8922  0.63364912E+004  0.62426755E+004  0.64136011E-003  0.18452388E+000  0.18459882E+000  0.63459613E+004  0.63459971E+004  0.12635517E+005  0.12635239E+005
  1557.1429  0.62326914E+004  0.61404126E+004  0.63085397E-003  0.18150120E+000  0.18157490E+000  0.62420086E+004  0.62420439E+004  0.12428534E+005  0.12428260E+005
  1557.3935  0.61314192E+004  0.60406398E+004  0.62060364E-003  0.17855211E+000  0.17862462E+000  0.61405871E+004  0.61406218E+004  0.12226590E+005  0.12226321E+005
  1557.6441  0.60325931E+004  0.59432769E+004  0.61060091E-003  0.17567426E+000  0.17574560E+000  0.60416154E+004  0.60416495E+004  0.12029524E+005  0.12029259E+005
  1557.8947  0.59361352E+004  0.58482471E+004  0.60083786E-003  0.17286537E+000  0.17293557E+000  0.59450152E+004  0.59450487E+004  0.11837181E+005  0.11836920E+005
  1558.1454  0.58419703E+004  0.57554764E+004  0.59130690E-003  0.17012325E+000  0.17019233E+000  0.58507114E+004  0.58507444E+004  0.11649409E+005  0.11649153E+005
  1558.3960  0.57500265E+004  0.56648938E+004  0.58200075E-003  0.16744581E+000  0.16751381E+000  0.57586319E+004  0.57586644E+004  0.11466067E+005  0.11465815E+005
  1558.6466  0.56602345E+004  0.55764313E+004  0.57291239E-003  0.16483103E+000  0.16489797E+000  0.56687073E+004  0.56687393E+004  0.11287016E+005  0.11286767E+005
  1558.8972  0.55725278E+004  0.54900231E+004  0.56403508E-003  0.16227698E+000  0.16234287E+000  0.55808710E+004  0.55809026E+004  0.11112122E+005  0.11111878E+005
  1559.1479  0.54868422E+004  0.54056061E+004  0.55536235E-003  0.15978178E+000  0.15984666E+000  0.54950589E+004  0.54950899E+004  0.10941259E+005  0.10941018E+005
  1559.3985  0.54031163E+004  0.53231198E+004  0.54688797E-003  0.15734365E+000  0.15740753E+000  0.54112093E+004  0.54112398E+004  0.10774304E+005  0.10774067E+005
  1559.6491  0.53212908E+004  0.52425058E+004  0.53860593E-003  0.15496085E+000  0.15502377E+000  0.53292628E+004  0.53292929E+004  0.10611138E+005  0.10610904E+005
  1559.8997  0.52413086E+004  0.51637078E+004  0.53051046E-003  0.15263173E+000  0.15269371E+000  0.52491623E+004  0.52491920E+004  0.10451648E+005  0.10451418E+005
  1560.1504  0.51631148E+004  0.50866717E+004  0.52259601E-003  0.15035470E+000  0.15041574E+000  0.51708529E+004  0.51708821E+004  0.10295724E+005  0.10295497E+005
  1560.4010  0.50866566E+004  0.50113455E+004  0.51485723E-003  0.14812820E+000  0.14818834E+000  0.50942816E+004  0.50943103E+004  0.10143261E+005  0.10143037E+005
  1560.6516  0.50118830E+004  0.49376789E+004  0.50728894E-003  0.14595076E+000  0.14601001E+000  0.50193973E+004  0.50194256E+004  0.99941565E+004  0.99939364E+004
  1560.9023  0.49387448E+004  0.48656237E+004  0.49988620E-003  0.14382094E+000  0.14387933E+000  0.49461509E+004  0.49461788E+004  0.98483137E+004  0.98480968E+004
  1561.1529  0.48671949E+004  0.47951331E+004  0.49264420E-003  0.14173738E+000  0.14179492E+000  0.48744950E+004  0.48745226E+004  0.97056379E+004  0.97054242E+004
  1561.4035  0.47971876E+004  0.47261623E+004  0.48555834E-003  0.13969873E+000  0.13975544E+000  0.48043840E+004  0.48044111E+004  0.95660381E+004  0.95658274E+004
  1561.6541  0.47286788E+004  0.46586678E+004  0.47862415E-003  0.13770372E+000  0.13775962E+000  0.47357737E+004  0.47358004E+004  0.94294265E+004  0.94292188E+004
  1561.9048  0.46616262E+004  0.45926079E+004  0.47183735E-003  0.13575112E+000  0.13580623E+000  0.46686217E+004  0.46686481E+004  0.92957185E+004  0.92955138E+004
  1562.1554  0.45959887E+004  0.45279423E+004  0.46519378E-003  0.13383972E+000  0.13389405E+000  0.46028869E+004  0.46029129E+004  0.91648325E+004  0.91646306E+004
  1562.4060  0.45317269E+004  0.44646319E+004  0.45868946E-003  0.13196839E+000  0.13202196E+000  0.45385299E+004  0.45385555E+004  0.90366897E+004  0.90364906E+004
  1562.6566  0.44688027E+004  0.44026393E+004  0.45232051E-003  0.13013600E+000  0.13018883E+000  0.44755123E+004  0.44755376E+004  0.89112139E+004  0.89110176E+004
  1562.9073  0.44071791E+004  0.43419281E+004  0.44608320E-003  0.12834149E+000  0.12839359E+000  0.44137973E+004  0.44138222E+004  0.87883318E+004  0.87881382E+004
  1563.1579  0.43468206E+004  0.42824633E+004  0.43997395E-003  0.12658382E+000  0.12663520E+000  0.43533493E+004  0.43533738E+004  0.86679723E+004  0.86677814E+004
  1563.4085  0.42876929E+004  0.42242109E+004  0.43398926E-003  0.12486199E+000  0.12491267E+000  0.42941337E+004  0.42941580E+004  0.85500671E+004  0.85498787E+004
  1563.6591  0.42297626E+004  0.41671384E+004  0.42812579E-003  0.12317503E+000  0.12322503E+000  0.42361175E+004  0.42361414E+004  0.84345497E+004  0.84343639E+004
  1563.9098  0.41729978E+004  0.41112140E+004  0.42238026E-003  0.12152201E+000  0.12157133E+000  0.41792684E+004  0.41792920E+004  0.83213562E+004  0.83211729E+004
  1564.1604  0.41173674E+004  0.40564072E+004  0.41674956E-003  0.11990202E+000  0.11995069E+000  0.41235554E+004  0.41235786E+004  0.82104248E+004  0.82102440E+004
  1564.4110  0.40628414E+004  0.40026885E+004  0.41123064E-003  0.11831419E+000  0.11836221E+000  0.40689483E+004  0.40689713E+004  0.81016956E+004  0.81015171E+004
  1564.6617  0.40093907E+004  0.39500292E+004  0.40582055E-003  0.11675768E+000  0.11680507E+000  0.40154182E+004  0.40154408E+004  0.79951107E+004  0.79949346E+004
  1564.9123  0.39569872E+004  0.38984016E+004  0.40051647E-003  0.11523166E+000  0.11527843E+000  0.39629369E+004  0.39629592E+004  0.78906141E+004  0.78904403E+004
  1565.1629  0.39056039E+004  0.38477791E+004  0.39531564E-003  0.11373535E+000  0.11378151E+000  0.39114772E+004  0.39114992E+004  0.77881517E+004  0.77879802E+004
  1565.4135  0.38552144E+004  0.37981356E+004  0.39021540E-003  0.11226798E+000  0.11231355E+000  0.38610127E+004  0.38610345E+004  0.76876711E+004  0.76875017E+004
  1565.6642  0.38057933E+004  0.37494462E+004  0.38521317E-003  0.11082881E+000  0.11087379E+000  0.38115181E+004  0.38115396E+004  0.75891214E+004  0.75889542E+004
  1565.9148  0.37573159E+004  0.37016866E+004  0.38030646E-003  0.10941712E+000  0.10946153E+000  0.37629686E+004  0.37629899E+004  0.74924536E+004  0.74922885E+004
  1566.1654  0.37097584E+004  0.36548332E+004  0.37549286E-003  0.10803222E+000  0.10807606E+000  0.37153403E+004  0.37153613E+004  0.73976201E+004  0.73974571E+004
  1566.4160  0.36630977E+004  0.36088632E+004  0.37077002E-003  0.10667343E+000  0.10671672E+000  0.36686101E+004  0.36686308E+004  0.73045747E+004  0.73044138E+004
  1566.6667  0.36173113E+004  0.35637547E+004  0.36613569E-003  0.10534010E+000  0.10538285E+000  0.36227556E+004  0.36227760E+004  0.72132729E+004  0.72131140E+004
  1566.9173  0.35723775E+004  0.35194863E+004  0.36158765E-003  0.10403161E+000  0.10407382E+000  0.35777549E+004  0.35777751E+004  0.71236713E+004  0.71235144E+004
  1567.1679  0.35282754E+004  0.34760371E+004  0.35712379E-003  0.10274733E+000  0.10278902E+000  0.35335871E+004  0.35336071E+004  0.70357281E+004  0.70355731E+004
  1567.4185  0.34849845E+004  0.34333872E+004  0.35274204E-003  0.10148667E+000  0.10152785E+000  0.34902318E+004  0.34902515E+004  0.69494025E+004  0.69492494E+004
  1567.6692  0.34424851E+004  0.33915170E+004  0.34844039E-003  0.10024906E+000  0.10028974E+000  0.34476691E+004  0.34476885E+004  0.68646552E+004  0.68645040E+004
  1567.9198  0.34007581E+004  0.33504078E+004  0.34421692E-003  0.99033945E-001  0.99074129E-001  0.34058798E+004  0.34058990E+004  0.67814480E+004  0.67812986E+004
  1568.1704  0.33597847E+004  0.33100410E+004  0.34006974E-003  0.97840776E-001  0.97880475E-001  0.33648454E+004  0.33648644E+004  0.66997437E+004  0.66995961E+004
  1568.4211  0.33195471E+004  0.32703991E+004  0.33599702E-003  0.96669030E-001  0.96708253E-001  0.33245477E+004  0.33245665E+004  0.66195064E+004  0.66193606E+004
  1568.6717  0.32800276E+004  0.32314647E+004  0.33199699E-003  0.95518198E-001  0.95556953E-001  0.32849693E+004  0.32849879E+004  0.65407013E+004  0.65405572E+004
  1568.9223  0.32412093E+004  0.31932212E+004  0.32806794E-003  0.94387786E-001  0.94426081E-001  0.32460932E+004  0.32461115E+004  0.64632944E+004  0.64631520E+004
  1569.1729  0.32030758E+004  0.31556522E+004  0.32420819E-003  0.93277313E-001  0.93315157E-001  0.32079028E+004  0.32079209E+004  0.63872529E+004  0.63871122E+004
  1569.4236  0.31656109E+004  0.31187421E+004  0.32041612E-003  0.92186313E-001  0.92223714E-001  0.31703820E+004  0.31703999E+004  0.63125448E+004  0.63124058E+004
  1569.6742  0.31287993E+004  0.30824755E+004  0.31669017E-003  0.91114334E-001  0.91151299E-001  0.31335155E+004  0.31335332E+004  0.62391393E+004  0.62390018E+004
  1569.9248  0.30926257E+004  0.30468375E+004  0.31302880E-003  0.90060937E-001  0.90097474E-001  0.30972879E+004  0.30973054E+004  0.61670061E+004  0.61668703E+004
  1570.1754  0.30570756E+004  0.30118137E+004  0.30943053E-003  0.89025695E-001  0.89061811E-001  0.30616848E+004  0.30617020E+004  0.60961162E+004  0.60959819E+004
  1570.4261  0.30221347E+004  0.29773901E+004  0.30589393E-003  0.88008192E-001  0.88043895E-001  0.30266917E+004  0.30267088E+004  0.60264410E+004  0.60263082E+004
  1570.6767  0.29877891E+004  0.29435531E+004  0.30241758E-003  0.87008027E-001  0.87043323E-001  0.29922948E+004  0.29923117E+004  0.59579530E+004  0.59578217E+004
  1570.9273  0.29540255E+004  0.29102893E+004  0.29900014E-003  0.86024808E-001  0.86059704E-001  0.29584808E+004  0.29584975E+004  0.58906254E+004  0.58904956E+004
  1571.1779  0.29208307E+004  0.28775860E+004  0.29564027E-003  0.85058154E-001  0.85092657E-001  0.29252364E+004  0.29252529E+004  0.58244322E+004  0.58243038E+004
  1571.4286  0.28881921E+004  0.28454307E+004  0.29233669E-003  0.84107696E-001  0.84141813E-001  0.28925491E+004  0.28925654E+004  0.57593479E+004  0.57592210E+004
  1571.6792  0.28560973E+004  0.28138110E+004  0.28908816E-003  0.83173073E-001  0.83206810E-001  0.28604063E+004  0.28604224E+004  0.56953481E+004  0.56952226E+004
  1571.9298  0.28245343E+004  0.27827153E+004  0.28589345E-003  0.82253936E-001  0.82287300E-001  0.28287961E+004  0.28288121E+004  0.56324086E+004  0.56322845E+004
  1572.1805  0.27934914E+004  0.27521320E+004  0.28275138E-003  0.81349946E-001  0.81382942E-001  0.27977068E+004  0.27977226E+004  0.55705064E+004  0.55703836E+004
  1572.4311  0.27629572E+004  0.27220499E+004  0.27966081E-003  0.80460770E-001  0.80493405E-001  0.27671270E+004  0.27671426E+004  0.55096186E+004  0.55094972E+004
  1572.6817  0.27329208E+004  0.26924582E+004  0.27662061E-003  0.79586088E-001  0.79618367E-001  0.27370456E+004  0.27370611E+004  0.54497233E+004  0.54496032E+004
  1572.9323  0.27033713E+004  0.26633462E+004  0.27362971E-003  0.78725586E-001  0.78757515E-001  0.27074520E+004  0.27074672E+004  0.53907990E+004  0.53906802E+004
  1573.1830  0.26742982E+004  0.26347036E+004  0.27068703E-003  0.77878960E-001  0.77910545E-001  0.26783355E+004  0.26783506E+004  0.53328248E+004  0.53327073E+004
  1573.4336  0.26456915E+004  0.26065204E+004  0.26779154E-003  0.77045912E-001  0.77077158E-001  0.26496859E+004  0.26497009E+004  0.52757805E+004  0.52756642E+004
  1573.6842  0.26175412E+004  0.25787869E+004  0.26494225E-003  0.76226155E-001  0.76257068E-001  0.26214935E+004  0.26215083E+004  0.52196462E+004  0.52195312E+004
  1573.9348  0.25898376E+004  0.25514934E+004  0.26213818E-003  0.75419406E-001  0.75449991E-001  0.25937484E+004  0.25937631E+004  0.51644027E+004  0.51642889E+004
  1574.1855  0.25625713E+004  0.25246309E+004  0.25937837E-003  0.74625393E-001  0.74655655E-001  0.25664414E+004  0.25664559E+004  0.51100313E+004  0.51099188E+004
  1574.4361  0.25357332E+004  0.24981901E+004  0.25666189E-003  0.73843848E-001  0.73873793E-001  0.25395631E+004  0.25395774E+004  0.50565138E+004  0.50564024E+004
  1574.6867  0.25093144E+004  0.24721624E+004  0.25398786E-003  0.73074513E-001  0.73104145E-001  0.25131047E+004  0.25131189E+004  0.50038323E+004  0.50037220E+004
  1574.9373  0.24833061E+004  0.24465392E+004  0.25135538E-003  0.72317134E-001  0.72346458E-001  0.24870575E+004  0.24870716E+004  0.49519695E+004  0.49518603E+004
  1575.1880  0.24577000E+004  0.24213122E+004  0.24876361E-003  0.71571464E-001  0.71600485E-001  0.24614131E+004  0.24614270E+004  0.49009085E+004  0.49008005E+004
  1575.4386  0.24324877E+004  0.23964732E+004  0.24621169E-003  0.70837265E-001  0.70865988E-001  0.24361630E+004  0.24361768E+004  0.48506330E+004  0.48505261E+004
  1575.6892  0.24076613E+004  0.23720144E+004  0.24369884E-003  0.70114301E-001  0.70142730E-001  0.24112994E+004  0.24113130E+004  0.48011268E+004  0.48010210E+004
  1575.9398  0.23832129E+004  0.23479279E+004  0.24122424E-003  0.69402346E-001  0.69430485E-001  0.23868144E+004  0.23868279E+004  0.47523745E+004  0.47522698E+004
  1576.1905  0.23591348E+004  0.23242064E+004  0.23878713E-003  0.68701175E-001  0.68729030E-001  0.23627003E+004  0.23627136E+004  0.47043607E+004  0.47042570E+004
  1576.4411  0.23354197E+004  0.23008424E+004  0.23638676E-003  0.68010574E-001  0.68038148E-001  0.23389496E+004  0.23389629E+004  0.46570706E+004  0.46569680E+004
  1576.6917  0.23120603E+004  0.22778288E+004  0.23402239E-003  0.67330330E-001  0.67357627E-001  0.23155552E+004  0.23155683E+004  0.46104898E+004  0.46103882E+004
  1576.9424  0.22890495E+004  0.22551587E+004  0.23169330E-003  0.66660238E-001  0.66687263E-001  0.22925099E+004  0.22925229E+004  0.45646041E+004  0.45645035E+004
  1577.1930  0.22663804E+004  0.22328252E+004  0.22939879E-003  0.66000096E-001  0.66026853E-001  0.22698068E+004  0.22698196E+004  0.45193998E+004  0.45193002E+004
  1577.4436  0.22440462E+004  0.22108218E+004  0.22713820E-003  0.65349710E-001  0.65376202E-001  0.22474392E+004  0.22474519E+004  0.44748635E+004  0.44747649E+004
  1577.6942  0.22220405E+004  0.21891418E+004  0.22491084E-003  0.64708886E-001  0.64735118E-001  0.22254005E+004  0.22254131E+004  0.44309821E+004  0.44308844E+004
  1577.9449  0.22003568E+004  0.21677792E+004  0.22271608E-003  0.64077440E-001  0.64103415E-001  0.22036843E+004  0.22036967E+004  0.43877427E+004  0.43876460E+004
  1578.1955  0.21789888E+004  0.21467276E+004  0.22055327E-003  0.63455188E-001  0.63480910E-001  0.21822843E+004  0.21822966E+004  0.43451330E+004  0.43450373E+004
  1578.4461  0.21579305E+004  0.21259810E+004  0.21842181E-003  0.62841954E-001  0.62867427E-001  0.21611944E+004  0.21612066E+004  0.43031408E+004  0.43030460E+004
  1578.6967  0.21371759E+004  0.21055337E+004  0.21632109E-003  0.62237564E-001  0.62262791E-001  0.21404086E+004  0.21404207E+004  0.42617542E+004  0.42616603E+004
  1578.9474  0.21167192E+004  0.20853799E+004  0.21425051E-003  0.61641849E-001  0.61666834E-001  0.21199212E+004  0.21199332E+004  0.42209616E+004  0.42208686E+004
  1579.1980  0.20965547E+004  0.20655139E+004  0.21220952E-003  0.61054644E-001  0.61079390E-001  0.20997265E+004  0.20997383E+004  0.41807517E+004  0.41806596E+004
  1579.4486  0.20766769E+004  0.20459304E+004  0.21019754E-003  0.60475786E-001  0.60500297E-001  0.20798188E+004  0.20798306E+004  0.41411135E+004  0.41410223E+004
  1579.6992  0.20570804E+004  0.20266240E+004  0.20821404E-003  0.59905120E-001  0.59929399E-001  0.20601929E+004  0.20602045E+004  0.41020362E+004  0.41019458E+004
  1579.9499  0.20377598E+004  0.20075895E+004  0.20625847E-003  0.59342491E-001  0.59366541E-001  0.20408434E+004  0.20408549E+004  0.40635092E+004  0.40634197E+004
  1580.2005  0.20187101E+004  0.19888219E+004  0.20433031E-003  0.58787749E-001  0.58811574E-001  0.20217651E+004  0.20217765E+004  0.40255224E+004  0.40254336E+004
  1580.4511  0.19999262E+004  0.19703161E+004  0.20242905E-003  0.58240747E-001  0.58264350E-001  0.20029530E+004  0.20029643E+004  0.39880655E+004  0.39879776E+004
  1580.7018  0.19814032E+004  0.19520673E+004  0.20055420E-003  0.57701342E-001  0.57724726E-001  0.19844022E+004  0.19844134E+004  0.39511289E+004  0.39510418E+004
  1580.9524  0.19631363E+004  0.19340709E+004  0.19870527E-003  0.57169395E-001  0.57192562E-001  0.19661078E+004  0.19661189E+004  0.39147029E+004  0.39146166E+004
  1581.2030  0.19451207E+004  0.19163220E+004  0.19688179E-003  0.56644767E-001  0.56667721E-001  0.19480652E+004  0.19480762E+004  0.38787781E+004  0.38786927E+004
  1581.4536  0.19273520E+004  0.18988163E+004  0.19508328E-003  0.56127326E-001  0.56150070E-001  0.19302697E+004  0.19302806E+004  0.38433455E+004  0.38432608E+004
  1581.7043  0.19098255E+004  0.18815493E+004  0.19330930E-003  0.55616941E-001  0.55639477E-001  0.19127169E+004  0.19127277E+004  0.38083961E+004  0.38083121E+004
  1581.9549  0.18925369E+004  0.18645168E+004  0.19155940E-003  0.55113485E-001  0.55135816E-001  0.18954024E+004  0.18954131E+004  0.37739211E+004  0.37738379E+004
  1582.2055  0.18754820E+004  0.18477143E+004  0.18983314E-003  0.54616832E-001  0.54638961E-001  0.18783218E+004  0.18783325E+004  0.37399119E+004  0.37398295E+004
  1582.4561  0.18586565E+004  0.18311380E+004  0.18813011E-003  0.54126860E-001  0.54148790E-001  0.18614711E+004  0.18614816E+004  0.37063603E+004  0.37062786E+004
  1582.7068  0.18420564E+004  0.18147836E+004  0.18644989E-003  0.53643450E-001  0.53665184E-001  0.18448460E+004  0.18448564E+004  0.36732580E+004  0.36731771E+004
  1582.9574  0.18256776E+004  0.17986473E+004  0.18479207E-003  0.53166486E-001  0.53188026E-001  0.18284426E+004  0.18284529E+004  0.36405971E+004  0.36405169E+004
  1583.2080  0.18095162E+004  0.17827252E+004  0.18315626E-003  0.52695854E-001  0.52717203E-001  0.18122569E+004  0.18122672E+004  0.36083698E+004  0.36082903E+004
  1583.4586  0.17935684E+004  0.17670136E+004  0.18154207E-003  0.52231442E-001  0.52252602E-001  0.17962852E+004  0.17962953E+004  0.35765684E+004  0.35764896E+004
  1583.7093  0.17778305E+004  0.17515086E+004  0.17994911E-003  0.51773140E-001  0.51794114E-001  0.17805236E+004  0.17805336E+004  0.35451855E+004  0.35451073E+004
  1583.9599  0.17622988E+004  0.17362068E+004  0.17837703E-003  0.51320843E-001  0.51341633E-001  0.17649685E+004  0.17649784E+004  0.35142137E+004  0.35141362E+004
  1584.2105  0.17469696E+004  0.17211046E+004  0.17682545E-003  0.50874445E-001  0.50895053E-001  0.17496163E+004  0.17496262E+004  0.34836458E+004  0.34835691E+004
  1584.4612  0.17318395E+004  0.17061986E+004  0.17529403E-003  0.50433845E-001  0.50454274E-001  0.17344635E+004  0.17344733E+004  0.34534750E+004  0.34533989E+004
  1584.7118  0.17169051E+004  0.16914853E+004  0.17378240E-003  0.49998943E-001  0.50019195E-001  0.17195066E+004  0.17195163E+004  0.34236944E+004  0.34236189E+004
  1584.9624  0.17021630E+004  0.16769615E+004  0.17229025E-003  0.49569641E-001  0.49589719E-001  0.17047423E+004  0.17047520E+004  0.33942972E+004  0.33942224E+004
  1585.2130  0.16876099E+004  0.16626238E+004  0.17081722E-003  0.49145842E-001  0.49165748E-001  0.16901674E+004  0.16901769E+004  0.33652769E+004  0.33652028E+004
  1585.4637  0.16732427E+004  0.16484693E+004  0.16936300E-003  0.48727455E-001  0.48747191E-001  0.16757784E+004  0.16757879E+004  0.33366272E+004  0.33365536E+004
  1585.7143  0.16590580E+004  0.16344946E+004  0.16792727E-003  0.48314386E-001  0.48333954E-001  0.16615725E+004  0.16615818E+004  0.33083416E+004  0.33082687E+004
  1585.9649  0.16450529E+004  0.16206969E+004  0.16650971E-003  0.47906546E-001  0.47925948E-001  0.16475463E+004  0.16475556E+004  0.32804141E+004  0.32803418E+004
  1586.2155  0.16312244E+004  0.16070731E+004  0.16511002E-003  0.47503848E-001  0.47523086E-001  0.16336970E+004  0.16337062E+004  0.32528387E+004  0.32527670E+004
  1586.4662  0.16175695E+004  0.15936204E+004  0.16372790E-003  0.47106205E-001  0.47125281E-001  0.16200215E+004  0.16200306E+004  0.32256094E+004  0.32255383E+004
  1586.7168  0.16040852E+004  0.15803358E+004  0.16236306E-003  0.46713532E-001  0.46732449E-001  0.16065170E+004  0.16065260E+004  0.31987205E+004  0.31986500E+004
  1586.9674  0.15907689E+004  0.15672166E+004  0.16101521E-003  0.46325748E-001  0.46344508E-001  0.15931806E+004  0.15931895E+004  0.31721664E+004  0.31720965E+004
  1587.2180  0.15776176E+004  0.15542600E+004  0.15968407E-003  0.45942772E-001  0.45961376E-001  0.15800095E+004  0.15800184E+004  0.31459415E+004  0.31458721E+004
  1587.4687  0.15646287E+004  0.15414634E+004  0.15836937E-003  0.45564524E-001  0.45582974E-001  0.15670010E+004  0.15670099E+004  0.31200403E+004  0.31199716E+004
  1587.7193  0.15517995E+004  0.15288242E+004  0.15707083E-003  0.45190928E-001  0.45209226E-001  0.15541526E+004  0.15541613E+004  0.30944577E+004  0.30943895E+004
  1587.9699  0.15391275E+004  0.15163397E+004  0.15578819E-003  0.44821906E-001  0.44840054E-001  0.15414614E+004  0.15414701E+004  0.30691883E+004  0.30691207E+004
  1588.2206  0.15266100E+004  0.15040076E+004  0.15452120E-003  0.44457385E-001  0.44475385E-001  0.15289250E+004  0.15289337E+004  0.30442272E+004  0.30441601E+004
  1588.4712  0.15142445E+004  0.14918252E+004  0.15326960E-003  0.44097292E-001  0.44115146E-001  0.15165410E+004  0.15165495E+004  0.30195692E+004  0.30195027E+004
  1588.7218  0.15020286E+004  0.14797902E+004  0.15203314E-003  0.43741556E-001  0.43759265E-001  0.15043067E+004  0.15043152E+004  0.29952096E+004  0.29951436E+004
  1588.9724  0.14899600E+004  0.14679002E+004  0.15081158E-003  0.43390106E-001  0.43407672E-001  0.14922199E+004  0.14922283E+004  0.29711435E+004  0.29710780E+004
  1589.2231  0.14780361E+004  0.14561529E+004  0.14960468E-003  0.43042874E-001  0.43060299E-001  0.14802781E+004  0.14802864E+004  0.29473662E+004  0.29473012E+004
  1589.4737  0.14662549E+004  0.14445460E+004  0.14841220E-003  0.42699792E-001  0.42717078E-001  0.14684790E+004  0.14684873E+004  0.29238731E+004  0.29238087E+004
  1589.7243  0.14546138E+004  0.14330774E+004  0.14723393E-003  0.42360795E-001  0.42377943E-001  0.14568205E+004  0.14568287E+004  0.29006598E+004  0.29005959E+004
  1589.9749  0.14431109E+004  0.14217447E+004  0.14606962E-003  0.42025819E-001  0.42042831E-001  0.14453002E+004  0.14453083E+004  0.28777217E+004  0.28776583E+004
  1590.2256  0.14317438E+004  0.14105459E+004  0.14491907E-003  0.41694799E-001  0.41711677E-001  0.14339160E+004  0.14339241E+004  0.28550546E+004  0.28549917E+004
  1590.4762  0.14205104E+004  0.13994789E+004  0.14378206E-003  0.41367675E-001  0.41384419E-001  0.14226657E+004  0.14226737E+004  0.28326542E+004  0.28325918E+004
  1590.7268  0.14094088E+004  0.13885416E+004  0.14265838E-003  0.41044384E-001  0.41060997E-001  0.14115473E+004  0.14115553E+004  0.28105164E+004  0.28104544E+004
  1590.9774  0.13984367E+004  0.13777320E+004  0.14154781E-003  0.40724868E-001  0.40741351E-001  0.14005587E+004  0.14005666E+004  0.27886370E+004  0.27885755E+004
  1591.2281  0.13875922E+004  0.13670481E+004  0.14045016E-003  0.40409067E-001  0.40425422E-001  0.13896979E+004  0.13897057E+004  0.27670120E+004  0.27669510E+004
  1591.4787  0.13768734E+004  0.13564879E+004  0.13936522E-003  0.40096925E-001  0.40113153E-001  0.13789629E+004  0.13789707E+004  0.27456376E+004  0.27455771E+004
  1591.7293  0.13662783E+004  0.13460497E+004  0.13829281E-003  0.39788385E-001  0.39804488E-001  0.13683518E+004  0.13683595E+004  0.27245098E+004  0.27244498E+004
  1591.9799  0.13558049E+004  0.13357314E+004  0.13723272E-003  0.39483392E-001  0.39499371E-001  0.13578626E+004  0.13578703E+004  0.27036249E+004  0.27035654E+004
  1592.2306  0.13454515E+004  0.13255313E+004  0.13618478E-003  0.39181892E-001  0.39197748E-001  0.13474936E+004  0.13475012E+004  0.26829792E+004  0.26829201E+004
  1592.4812  0.13352163E+004  0.13154476E+004  0.13514878E-003  0.38883832E-001  0.38899566E-001  0.13372429E+004  0.13372505E+004  0.26625691E+004  0.26625104E+004
  1592.7318  0.13250973E+004  0.13054784E+004  0.13412457E-003  0.38589159E-001  0.38604774E-001  0.13271087E+004  0.13271162E+004  0.26423909E+004  0.26423326E+004
  1592.9825  0.13150929E+004  0.12956222E+004  0.13311195E-003  0.38297822E-001  0.38313319E-001  0.13170893E+004  0.13170967E+004  0.26224411E+004  0.26223833E+004
  1593.2331  0.13052014E+004  0.12858771E+004  0.13211075E-003  0.38009772E-001  0.38025152E-001  0.13071828E+004  0.13071902E+004  0.26027164E+004  0.26026591E+004
  1593.4837  0.12954210E+004  0.12762415E+004  0.13112080E-003  0.37724959E-001  0.37740223E-001  0.12973877E+004  0.12973950E+004  0.25832134E+004  0.25831565E+004
  1593.7343  0.12857502E+004  0.12667139E+004  0.13014194E-003  0.37443335E-001  0.37458484E-001  0.12877022E+004  0.12877095E+004  0.25639287E+004  0.25638722E+004
  1593.9850  0.12761872E+004  0.12572925E+004  0.12917400E-003  0.37164851E-001  0.37179888E-001  0.12781248E+004  0.12781320E+004  0.25448591E+004  0.25448030E+004
  1594.2356  0.12667305E+004  0.12479757E+004  0.12821681E-003  0.36889463E-001  0.36904387E-001  0.12686538E+004  0.12686610E+004  0.25260015E+004  0.25259458E+004
  1594.4862  0.12573785E+004  0.12387622E+004  0.12727022E-003  0.36617124E-001  0.36631937E-001  0.12592877E+004  0.12592948E+004  0.25073526E+004  0.25072973E+004
  1594.7368  0.12481296E+004  0.12296503E+004  0.12633407E-003  0.36347789E-001  0.36362493E-001  0.12500249E+004  0.12500320E+004  0.24889095E+004  0.24888546E+004
  1594.9875  0.12389824E+004  0.12206385E+004  0.12540821E-003  0.36081414E-001  0.36096010E-001  0.12408639E+004  0.12408709E+004  0.24706690E+004  0.24706146E+004
  1595.2381  0.12299354E+004  0.12117254E+004  0.12449249E-003  0.35817957E-001  0.35832445E-001  0.12318032E+004  0.12318102E+004  0.24526283E+004  0.24525743E+004
  1595.4887  0.12209871E+004  0.12029096E+004  0.12358677E-003  0.35557374E-001  0.35571756E-001  0.12228414E+004  0.12228483E+004  0.24347845E+004  0.24347308E+004
  1595.7393  0.12121361E+004  0.11941896E+004  0.12269088E-003  0.35299623E-001  0.35313901E-001  0.12139770E+004  0.12139839E+004  0.24171347E+004  0.24170814E+004
  1595.9900  0.12033809E+004  0.11855641E+004  0.12180471E-003  0.35044665E-001  0.35058840E-001  0.12052087E+004  0.12052155E+004  0.23996760E+004  0.23996231E+004
  1596.2406  0.11947203E+004  0.11770317E+004  0.12092810E-003  0.34792459E-001  0.34806531E-001  0.11965350E+004  0.11965417E+004  0.23824058E+004  0.23823533E+004
  1596.4912  0.11861527E+004  0.11685910E+004  0.12006091E-003  0.34542965E-001  0.34556936E-001  0.11879545E+004  0.11879612E+004  0.23653213E+004  0.23652691E+004
  1596.7419  0.11776771E+004  0.11602408E+004  0.11920302E-003  0.34296145E-001  0.34310015E-001  0.11794660E+004  0.11794727E+004  0.23484199E+004  0.23483681E+004
  1596.9925  0.11692919E+004  0.11519798E+004  0.11835429E-003  0.34051960E-001  0.34065731E-001  0.11710682E+004  0.11710748E+004  0.23316989E+004  0.23316475E+004
  1597.2431  0.11609959E+004  0.11438066E+004  0.11751459E-003  0.33810374E-001  0.33824047E-001  0.11627597E+004  0.11627662E+004  0.23151559E+004  0.23151049E+004
  1597.4937  0.11527879E+004  0.11357202E+004  0.11668379E-003  0.33571349E-001  0.33584925E-001  0.11545393E+004  0.11545458E+004  0.22987883E+004  0.22987376E+004
  1597.7444  0.11446666E+004  0.11277191E+004  0.11586177E-003  0.33334850E-001  0.33348329E-001  0.11464057E+004  0.11464122E+004  0.22825936E+004  0.22825433E+004
  1597.9950  0.11366308E+004  0.11198023E+004  0.11504841E-003  0.33100840E-001  0.33114225E-001  0.11383578E+004  0.11383642E+004  0.22665695E+004  0.22665195E+004
  1598.2456  0.11286794E+004  0.11119686E+004  0.11424358E-003  0.32869286E-001  0.32882576E-001  0.11303943E+004  0.11304007E+004  0.22507134E+004  0.22506638E+004
  1598.4962  0.11208110E+004  0.11042167E+004  0.11344716E-003  0.32640152E-001  0.32653350E-001  0.11225141E+004  0.11225204E+004  0.22350231E+004  0.22349739E+004
  1598.7469  0.11130247E+004  0.10965456E+004  0.11265904E-003  0.32413406E-001  0.32426511E-001  0.11147160E+004  0.11147223E+004  0.22194963E+004  0.22194474E+004
  1598.9975  0.11053191E+004  0.10889542E+004  0.11187911E-003  0.32189014E-001  0.32202028E-001  0.11069988E+004  0.11070051E+004  0.22041307E+004  0.22040821E+004
  1599.2481  0.10976934E+004  0.10814413E+004  0.11110724E-003  0.31966944E-001  0.31979868E-001  0.10993615E+004  0.10993677E+004  0.21889241E+004  0.21888759E+004
  1599.4987  0.10901462E+004  0.10740059E+004  0.11034334E-003  0.31747164E-001  0.31759998E-001  0.10918030E+004  0.10918091E+004  0.21738743E+004  0.21738264E+004
  1599.7494  0.10826766E+004  0.10666469E+004  0.10958728E-003  0.31529642E-001  0.31542388E-001  0.10843221E+004  0.10843282E+004  0.21589792E+004  0.21589316E+004
  1600.0000  0.10752835E+004  0.10593633E+004  0.10883896E-003  0.31314348E-001  0.31327006E-001  0.10769178E+004  0.10769239E+004  0.21442366E+004  0.21441893E+004
